4	1.83819384e-002	9.81616319e-001	1.74299582e-006	5.08978193e-025	7.85338980e-044	6.15952141e-063	3.00611099e-082	9.55838152e-102	9.25840906e-122	1.55577366e-141	1.86467587e-161	2.10033326e-181	1.75627833e-201	1.14140400e-221	
4.01	1.69777352e-002	9.83019596e-001	2.66885243e-006	7.93404016e-025	1.24508265e-043	9.92809702e-063	4.92513991e-082	1.59116722e-101	1.55706745e-121	2.65974419e-141	3.24921717e-161	3.71525930e-181	3.15199737e-201	2.07750947e-221	
4.02	1.57990713e-002	9.84196892e-001	4.03649224e-006	1.22166165e-024	1.94985419e-043	1.58062110e-062	7.97005396e-082	2.61622045e-101	2.58596466e-121	4.49037951e-141	5.59116884e-161	6.48996394e-181	5.58660923e-201	3.73461410e-221	
4.03	1.47996115e-002	9.85194354e-001	6.03448249e-006	1.85933831e-024	3.01821036e-043	2.48739934e-062	1.27487025e-081	4.25197695e-101	4.24391352e-121	7.49119805e-141	9.50707910e-161	1.12027233e-180	9.78403781e-201	6.63324597e-221	
4.04	1.39431326e-002	9.86047944e-001	8.92304138e-006	2.79912208e-024	4.62122482e-043	3.87199398e-062	2.01718884e-081	6.83584277e-101	6.88860951e-121	1.23606846e-140	1.59886748e-160	1.91261242e-180	1.69482713e-200	1.16531018e-220	
4.05	1.32017492e-002	9.86785192e-001	1.30586116e-005	1.62671679e-015	2.73145293e-034	2.32662090e-053	1.23205936e-072	4.24219041e-092	4.31515976e-112	7.87093200e-132	1.03768335e-151	1.26016559e-171	1.13303865e-191	7.90124583e-212	
4.06	1.25516969e-002	9.87429379e-001	1.89240488e-005	4.73944286e-015	8.09386375e-034	7.00888790e-053	3.77268161e-072	1.31981165e-091	1.35486193e-111	2.51216705e-131	3.37557046e-151	4.16161660e-171	3.79640267e-191	2.68505741e-211	
4.07	1.19764320e-002	9.87996397e-001	2.71711543e-005	1.34740282e-014	2.34029740e-033	2.06048371e-052	1.12736429e-071	4.00726651e-091	4.15067224e-111	7.82348596e-131	1.07140219e-150	1.34097925e-170	1.24118776e-190	8.90314724e-211	
4.08	1.14609697e-002	9.88500365e-001	3.86657847e-005	3.74040797e-014	6.60744399e-033	5.91428928e-052	3.28918819e-071	1.18790429e-090	1.24124039e-110	2.37826520e-130	3.31937416e-150	4.21780983e-170	3.96112869e-190	2.88186882e-210	
4.09	1.09947568e-002	9.88950684e-001	5.45587447e-005	1.01473198e-013	1.82312290e-032	1.65889254e-051	9.37757231e-071	3.44118466e-090	3.62668984e-110	7.06365004e-130	1.00474376e-149	1.29614252e-169	1.23512723e-189	9.11331243e-210	
4.1	1.05678633e-002	9.89355772e-001	7.63651113e-005	2.69211504e-013	4.91926149e-032	4.55065818e-051	2.61471971e-070	9.74877785e-090	1.03611200e-109	2.05138197e-129	2.97366379e-149	3.89462600e-169	3.76583447e-189	2.81831647e-209	
4.11	1.01743525e-002	9.89719582e-001	1.06065574e-004	6.98913289e-013	1.29890219e-031	1.22157640e-050	7.13454270e-070	2.70278543e-089	2.89634839e-109	5.82918750e-129	8.61083004e-149	1.14496583e-168	1.12328640e-188	8.52589301e-209	
4.12	9.80774308e-003	9.90046030e-001	1.46227365e-004	1.77680264e-012	3.35841424e-031	3.21102806e-050	1.90622028e-069	7.33726050e-089	7.92668910e-109	1.62169625e-128	2.44110043e-148	3.29548888e-168	3.28072561e-188	2.52557784e-208	
4.13	9.46401884e-003	9.90335833e-001	2.00148235e-004	4.42554991e-012	8.50772792e-031	8.27036835e-050	4.99056743e-069	1.95172758e-088	2.12539349e-108	4.42007588e-128	6.77946544e-148	9.29215784e-168	9.38611283e-188	7.32889266e-208	
4.14	9.13911347e-003	9.90588806e-001	2.72080027e-004	1.08059138e-011	2.11275833e-030	2.08791218e-049	1.28061345e-068	5.08866508e-088	5.58518832e-108	1.18067611e-127	1.84506588e-147	2.56758402e-167	2.63166507e-187	2.08415702e-207	
4.15	8.83033365e-003	9.90802262e-001	3.67404611e-004	2.58797019e-011	5.14629770e-030	5.17054757e-049	3.22353340e-068	1.30149120e-087	1.43959118e-107	3.09343357e-127	4.92490856e-147	6.95844434e-167	7.23699632e-187	5.81284845e-207	
4.16	8.53547533e-003	9.90971584e-001	4.92940516e-004	6.08257674e-011	1.23017024e-029	1.25653228e-048	7.96281549e-068	3.26652808e-087	3.64096491e-107	7.95265689e-127	1.28973855e-146	1.85020163e-166	1.95257515e-186	1.59069258e-206	
4.17	8.25250051e-003	9.91090226e-001	6.57273808e-004	1.40358197e-010	2.88707826e-029	2.99803556e-048	1.93122620e-067	8.04945900e-087	9.04067905e-107	2.00716643e-126	3.31554798e-146	4.82921810e-166	5.17146570e-186	4.27323227e-206	
4.18	7.97993472e-003	9.91148985e-001	8.71079543e-004	3.18143958e-010	6.65573133e-029	7.02659502e-048	4.60066458e-067	1.94836090e-086	2.20485124e-106	4.97540616e-126	8.37004553e-146	1.23784281e-165	1.34510118e-185	1.12740020e-205	
4.19	7.71648513e-003	9.91135726e-001	1.14778833e-003	7.08718318e-010	1.50794340e-028	1.61846862e-047	1.07711209e-066	4.63473359e-086	5.28445766e-106	1.21203157e-125	2.07617865e-145	3.11761942e-165	3.43770404e-185	2.92247219e-205	
4.2	7.46120628e-003	9.91035136e-001	1.50365665e-003	1.55199095e-009	3.35848813e-028	3.66467143e-047	2.47914452e-066	1.08387379e-085	1.24511636e-105	2.90243679e-125	5.06153635e-145	7.71728597e-165	8.63511203e-185	7.44598778e-205	
4.21	7.21336041e-003	9.90827628e-001	1.95900866e-003	3.34291545e-009	7.35741583e-028	8.16175698e-047	5.61215497e-066	2.49296152e-085	2.88537213e-105	6.83559292e-125	1.21331835e-144	1.87837624e-164	2.13277346e-184	1.86529077e-204	
4.22	6.97164775e-003	9.90490094e-001	2.53825071e-003	7.08360070e-009	1.58562043e-027	1.78824666e-046	1.24991029e-065	5.64140771e-085	6.57859425e-105	1.58382951e-124	2.86075701e-144	4.49705569e-164	5.18153669e-184	4.59641328e-204	
4.23	6.73657346e-003	9.89991931e-001	3.27148095e-003	1.47743834e-008	3.36354772e-027	3.85652765e-046	2.73978946e-065	1.25643835e-084	1.47626967e-104	3.61158055e-124	6.63612912e-144	1.05925539e-163	1.23850409e-183	1.11436395e-203	
4.24	6.50621184e-003	9.89299106e-001	4.19465201e-003	3.03430437e-008	7.02580431e-027	8.18963307e-046	5.91394647e-065	2.75554304e-084	3.26231032e-104	8.10914821e-124	1.51536042e-143	2.45609326e-163	2.91417195e-183	2.65964401e-203	
4.25	6.28187267e-003	9.88367463e-001	5.35060270e-003	6.13691401e-008	1.44520394e-026	1.71265161e-045	1.25708427e-064	5.95125822e-084	7.09996089e-104	1.79300997e-123	3.40630338e-143	5.60606866e-163	6.74998936e-183	6.24883296e-203	
4.26	6.06314751e-003	9.87145963e-001	6.79076721e-003	1.22296070e-007	2.92917701e-026	3.52904390e-045	2.63302536e-064	1.26654739e-083	1.52275009e-103	3.90639052e-123	7.54187683e-143	1.26040357e-162	1.54004493e-182	1.44618737e-202	
4.27	5.85440806e-003	9.85569185e-001	8.57616703e-003	2.40172720e-007	5.85059365e-026	7.16606892e-045	5.43460406e-064	2.65620922e-083	3.21863318e-103	8.38622507e-123	1.64464809e-142	2.79103976e-162	3.46076748e-182	3.29628296e-202	
4.28	5.64878808e-003	9.83574195e-001	1.07765520e-002	4.64914660e-007	1.15183376e-025	1.43430598e-044	1.10569378e-063	5.49085655e-083	6.70655351e-103	1.77440827e-122	3.53319980e-142	6.08878438e-162	7.66164309e-182	7.40255371e-202	
4.29	5.44602465e-003	9.81077033e-001	1.34760547e-002	8.87367893e-007	2.23597211e-025	2.83066693e-044	2.21804335e-063	1.11914998e-082	1.37800897e-102	3.70153908e-122	7.47951884e-142	1.30888962e-161	1.67142079e-181	1.63800548e-201	
4.3	5.24582773e-003	9.77983406e-001	1.67690962e-002	1.67032391e-006	4.28068658e-025	5.50939096e-044	4.38785517e-063	2.24948999e-082	2.79262826e-102	7.61390550e-122	1.56035443e-141	2.77287894e-161	3.59339468e-181	3.57231800e-201	
4.31	5.04793208e-003	9.74184826e-001	2.07641400e-002	3.10141579e-006	8.08376111e-025	1.05772396e-043	8.56317970e-063	4.46045406e-082	5.58387358e-102	1.54476819e-121	3.20877444e-141	5.79065281e-161	7.61557243e-181	7.67931071e-201	
4.32	4.85169948e-003	9.69558136e-001	2.55844829e-002	5.68122283e-006	1.50603686e-024	2.00340125e-043	1.64861854e-062	8.72515767e-082	1.10161959e-101	3.09131102e-121	6.50405230e-141	1.19193877e-160	1.59084254e-180	1.62721070e-200	
4.33	4.65681357e-003	9.63966802e-001	3.13661165e-002	1.02683551e-005	2.76849693e-024	3.74404539e-043	3.13152007e-062	1.68397508e-081	2.14472673e-101	6.10233519e-121	1.29955815e-140	2.41859255e-160	3.27598275e-180	3.39902755e-200	
4.34	4.46331310e-003	9.57257489e-001	3.82608825e-002	1.83154398e-005	5.02233186e-024	6.90516253e-043	5.87073842e-062	3.20752796e-081	4.12156812e-101	1.18852532e-120	2.55993220e-140	4.83827670e-160	6.65082643e-180	6.99991205e-200	
4.35	4.27056122e-003	9.49269756e-001	4.64274445e-002	3.22379334e-005	8.99094527e-024	1.25673664e-042	1.08601507e-061	6.02872805e-081	7.81723272e-101	2.28347045e-120	4.97033313e-140	9.53998681e-160	1.33089477e-179	1.42089421e-199	
4.36	4.07847327e-003	9.39827270e-001	5.60382563e-002	5.60004224e-005	1.58843915e-023	2.25723544e-042	1.98281399e-061	1.11840148e-080	1.46370386e-100	4.32869184e-120	9.51360845e-140	1.85443227e-159	2.62555893e-179	2.84348351e-199	
4.37	3.88655268e-003	9.28746659e-001	6.72707694e-002	9.60190274e-005	2.76999271e-023	4.00178089e-042	3.57301865e-061	2.04769250e-080	2.70543878e-100	8.09502642e-120	1.79478669e-139	3.55297771e-159	5.10529315e-179	5.60860979e-199	
4.38	3.69484199e-003	9.15843053e-001	8.02996301e-002	1.62474762e-004	4.76703232e-023	7.00158965e-042	6.35410623e-061	3.69984059e-080	4.93588488e-100	1.49318880e-119	3.33666018e-139	6.70820301e-159	9.78257187e-179	1.09018665e-198	
4.39	3.50296649e-003	9.00937557e-001	9.52881405e-002	2.71335956e-004	8.09692209e-023	1.20901914e-041	1.11522843e-060	6.59820394e-080	8.89030146e-100	2.71700176e-119	6.11317755e-139	1.24819862e-158	1.84737681e-178	2.08842254e-198	
4.4	3.31126243e-003	8.83854284e-001	1.12387302e-001	4.47151612e-004	1.35710223e-022	2.06011723e-041	1.93148062e-060	1.16102466e-079	1.58029190e-099	4.87488633e-119	1.10326491e-138	2.28783964e-158	3.43658787e-178	3.94104113e-198	
4.41	3.11961180e-003	8.64439143e-001	1.31714097e-001	7.27148026e-004	2.24456114e-022	3.46398928e-041	3.30123824e-060	2.01626961e-079	2.77299118e-099	8.62597187e-119	1.96165189e-138	4.13144604e-158	6.29841609e-178	7.32714762e-198	
4.42	2.92832230e-003	8.42558399e-001	1.53346609e-001	1.16666911e-003	3.66266633e-022	5.74662096e-041	5.56627369e-060	3.45409475e-079	4.80108800e-099	1.50452446e-118	3.43443847e-138	7.34639244e-158	1.13668458e-177	1.34142651e-197	
4.43	2.74212215e-003	8.18118542e-001	1.77292768e-001	1.84656765e-003	5.89599812e-022	9.40440571e-041	9.25903880e-060	5.83761352e-079	8.20258194e-099	2.58658613e-118	5.92072272e-138	1.28627476e-157	2.01993555e-177	2.41818672e-197	
4.44	2.55618421e-003	7.91064499e-001	2.03496844e-001	2.88247325e-003	9.36050287e-022	1.51786195e-040	1.51883401e-059	9.72863186e-079	1.38222208e-098	4.38091368e-118	1.00447418e-137	2.21640375e-157	3.53262420e-177	4.29018508e-197	
4.45	2.37156981e-003	7.61386753e-001	2.31804415e-001	4.43726219e-003	1.46555543e-021	2.41597638e-040	2.45703341e-059	1.59900652e-078	2.29765424e-098	7.31038575e-118	1.67719406e-137	3.75875498e-157	6.08045518e-177	7.49110520e-197	
4.46	2.18845069e-003	7.29125651e-001	2.61951426e-001	6.73447295e-003	2.26216760e-021	3.79113056e-040	3.91844069e-059	2.59070459e-078	3.76588742e-098	1.20120169e-117	2.75467067e-137	6.27030562e-157	1.02950541e-176	1.28668875e-196	
4.47	2.00802406e-003	6.94384739e-001	2.93534002e-001	1.00732352e-002	3.44148796e-021	5.86324103e-040	6.15873724e-059	4.13671228e-078	6.08438465e-098	1.94296173e-117	4.44929293e-137	1.02866690e-156	1.71421626e-176	2.17344305e-196	
4.48	1.83070938e-003	6.57298837e-001	3.26024694e-001	1.48457591e-002	5.15853891e-021	8.93423667e-040	9.53666799e-059	6.50700600e-078	9.68607153e-098	3.09212180e-117	7.06334787e-137	1.65864691e-156	2.80546482e-176	3.60850053e-196	
4.49	1.65778190e-003	6.18062642e-001	3.58729070e-001	2.15505055e-002	7.61582693e-021	1.34081460e-039	1.45432464e-058	1.00798769e-077	1.51887724e-097	4.84011738e-117	1.10185476e-136	2.62809415e-156	4.51182708e-176	5.88726996e-196	
4.5	1.48988142e-003	5.76920439e-001	3.90794046e-001	3.07956335e-002	1.10688065e-020	1.98092355e-039	2.18312454e-058	1.53687050e-077	2.34472050e-097	7.44733991e-117	1.68797369e-136	4.08947982e-156	7.12589488e-176	9.43302386e-196	
4.51	1.32789496e-003	5.34189154e-001	4.21184916e-001	4.32980352e-002	1.58276192e-020	2.87921473e-039	3.22369923e-058	2.30478247e-077	3.56082944e-097	1.12552690e-116	2.53771396e-136	6.24498957e-156	1.10450639e-175	1.48327566e-195	
4.52	1.17281991e-003	4.90228437e-001	4.48747569e-001	5.98511748e-002	2.22519890e-020	4.11441469e-039	4.67956586e-058	3.39739064e-077	5.31639747e-097	1.66977527e-116	3.74179331e-136	9.35308032e-156	1.67903785e-175	2.28754867e-195	
4.53	1.02547951e-003	4.45452301e-001	4.72238345e-001	8.12838745e-002	3.07357916e-020	5.77599301e-039	6.67228044e-058	4.91838452e-077	7.79668773e-097	2.42948016e-116	5.40677474e-136	1.37280049e-155	2.50141304e-175	3.45737808e-195	
4.54	8.86717455e-004	4.00382045e-001	4.90365394e-001	1.08365843e-001	4.16759647e-020	7.95935232e-039	9.33659318e-058	6.98637622e-077	1.12207510e-096	3.46362237e-116	7.64934270e-136	1.97285294e-155	3.64883654e-175	5.11650639e-195	
4.55	7.57562794e-004	3.55615400e-001	5.01942247e-001	1.41684790e-001	5.54192248e-020	1.07551671e-038	1.28084973e-057	9.72624896e-077	1.58289375e-096	4.83296823e-116	1.05849191e-135	2.77302642e-155	5.20589937e-175	7.40578899e-195	
4.56	6.38989859e-004	3.11800915e-001	5.06005393e-001	1.81554702e-001	7.22232086e-020	1.42412763e-038	1.72139540e-057	1.32619060e-076	2.18717012e-096	6.59580856e-116	1.43169276e-135	3.81002412e-155	7.26023119e-175	1.04781873e-194	
4.57	5.32079848e-004	2.69655662e-001	5.01988818e-001	2.27823440e-001	9.21765009e-020	1.84648439e-038	2.26459692e-057	1.76935458e-076	2.95735275e-096	8.79640913e-116	1.89121283e-135	5.11249144e-155	9.88876487e-175	1.44792739e-194	
4.58	4.36677422e-004	2.29889816e-001	4.89817218e-001	2.79856289e-001	1.15162458e-019	2.34317689e-038	2.91472539e-057	2.30851053e-076	3.91060870e-096	1.14573090e-115	2.43865927e-135	6.69685368e-155	1.31483590e-174	1.95317136e-194	
4.59	3.53117843e-004	1.93143924e-001	4.69983898e-001	3.36519060e-001	1.40838311e-019	2.90994258e-038	3.66972177e-057	2.94472940e-076	5.05576341e-096	1.45720231e-115	3.06928051e-135	8.56216841e-155	1.70639305e-174	2.57168937e-194	
4.6	2.81429736e-004	1.59951165e-001	4.43564227e-001	3.96203178e-001	1.68647333e-019	3.53758590e-038	4.52052993e-057	3.67283875e-076	6.39088002e-096	1.80998613e-115	3.77111869e-135	1.06866887e-154	2.16189688e-174	3.30555163e-194	
4.61	2.21211777e-004	1.30663424e-001	4.12045391e-001	4.57069973e-001	1.97874355e-019	4.21251262e-038	5.45132659e-057	4.48078792e-076	7.90137002e-096	2.19653342e-115	4.52548246e-135	1.30278448e-154	2.67528694e-174	4.15011238e-194	
4.62	1.71639833e-004	1.05376534e-001	3.77128458e-001	5.17323368e-001	2.27775347e-019	4.91944768e-038	6.44260939e-057	5.35278281e-076	9.56468946e-096	2.60739020e-115	5.31079965e-135	1.55313788e-154	3.23752502e-174	5.09541537e-194	
4.63	1.31634977e-004	8.40122801e-002	3.40559998e-001	5.75296087e-001	2.57622179e-019	5.64243240e-038	7.47243068e-057	6.26881768e-076	1.13489467e-095	3.03115480e-115	6.10221811e-135	1.81295288e-154	3.83612544e-174	6.12545179e-194	
4.64	9.99641926e-005	6.63307589e-002	3.03947398e-001	6.29621879e-001	2.86752233e-019	6.36562331e-038	8.51725135e-057	7.20640608e-076	1.32154889e-095	3.45548147e-115	6.87452794e-135	2.07489072e-154	4.45676330e-174	7.22023669e-194	
4.65	7.52905744e-005	5.19472206e-002	2.68554924e-001	6.79422565e-001	3.14722330e-019	7.07702389e-038	9.55760459e-057	8.14383486e-076	1.51243079e-095	3.86900001e-115	7.60581103e-135	2.33214087e-154	5.08501597e-174	8.35815179e-194	
4.66	5.63352307e-005	4.04191736e-002	2.35308464e-001	7.24216028e-001	3.41176816e-019	7.76602058e-038	1.05745028e-056	9.06049419e-076	1.70354871e-095	4.26121545e-115	8.27693696e-135	2.57832439e-154	5.70678263e-174	9.51701459e-194	
4.67	4.19403013e-005	3.12949544e-002	2.04798355e-001	7.63864750e-001	3.65993364e-019	8.42661948e-038	1.15545523e-056	9.93683553e-076	1.89082175e-095	4.62269698e-115	8.87171723e-135	2.80768316e-154	6.30854976e-174	1.06741845e-193	
4.68	3.11148832e-005	2.41492372e-002	1.77323235e-001	7.98496413e-001	3.89111843e-019	9.05374477e-038	1.24848241e-056	1.07553619e-075	2.07036939e-095	4.94534669e-115	9.37773146e-135	3.01515384e-154	6.87731818e-174	1.18063521e-193	
4.69	2.30497932e-005	1.85970665e-002	1.52948257e-001	8.28431627e-001	4.10582161e-019	9.64464451e-038	1.33556437e-056	1.14996071e-075	2.23832277e-095	5.22252682e-115	9.78587698e-135	3.19664096e-154	7.40168788e-174	1.28922314e-193	
4.7	1.70599678e-005	1.43077297e-002	1.31571620e-001	8.54103591e-001	4.30517461e-019	1.01982106e-037	1.41592650e-056	1.21559624e-075	2.39121142e-095	5.44893679e-115	1.00900631e-134	3.34862045e-154	7.87114319e-174	1.39102999e-193	
4.71	1.26251142e-005	1.10072765e-002	1.12992838e-001	8.75987260e-001	1.14026085e-009	2.72041239e-028	3.78050333e-047	3.22788878e-066	6.41332136e-086	1.42724410e-105	2.61213437e-125	8.80752031e-145	2.10163222e-164	3.76845957e-184	
4.72	9.34967437e-006	8.47490933e-003	9.69518389e-002	8.94563900e-001	2.22402735e-009	5.33672639e-028	7.40985586e-047	6.27369051e-066	1.25821076e-085	2.73464630e-105	4.94752646e-125	1.69488077e-144	4.10571636e-164	7.46969229e-184	
4.73	6.93285929e-006	6.53409270e-003	8.31704308e-002	9.10288539e-001	4.26238023e-009	1.02712907e-027	1.42218309e-046	1.19050987e-065	2.40837893e-085	5.11267977e-105	9.14546323e-125	3.18313433e-144	7.82789280e-164	1.44500716e-183	
4.74	5.15065303e-006	5.04770090e-003	7.13749570e-002	9.23572183e-001	8.03350924e-009	1.94092999e-027	2.67463619e-046	2.20679554e-065	4.49980739e-085	9.33202138e-105	1.65080866e-124	5.83799082e-144	1.45749365e-163	2.72990008e-183	
4.75	3.83527395e-006	3.90851656e-003	6.12997761e-002	9.34787857e-001	1.49024745e-008	3.60346130e-027	4.93185697e-046	3.99793853e-065	8.21049952e-085	1.66389696e-104	2.91145574e-124	1.04611970e-143	2.65135772e-163	5.03878393e-183	
4.76	2.86319005e-006	3.03449202e-003	5.27101688e-002	9.44252449e-001	2.72301933e-008	6.57734138e-027	8.92181625e-046	7.08136856e-065	1.46348576e-084	2.89902493e-104	5.01891369e-124	1.83232218e-143	4.71458171e-163	9.09115431e-183	
4.77	2.14347993e-006	2.36261141e-003	4.53894727e-002	9.52245723e-001	4.90395207e-008	1.18090690e-026	1.58415306e-045	1.22716946e-064	2.54990953e-084	4.93929208e-104	8.46276377e-124	3.13924021e-143	8.20030358e-163	1.60447349e-182	
4.78	1.60956311e-006	1.84524694e-003	3.91508759e-002	9.59002180e-001	8.70910238e-008	2.08636235e-026	2.76189401e-045	2.08099308e-064	4.34363705e-084	8.23110620e-104	1.39609658e-123	5.26193494e-143	1.39544259e-162	2.77038435e-182	
4.79	1.21257372e-006	1.44588622e-003	3.38325046e-002	9.64720244e-001	1.52618686e-007	3.62937115e-026	4.73097979e-045	3.45604485e-064	7.23960963e-084	1.34275718e-103	2.25525653e-123	8.63718941e-143	2.32545081e-162	4.68444223e-182	
4.8	9.16575667e-007	1.13684425e-003	2.92957408e-002	9.69566234e-001	2.63987888e-007	6.21777064e-026	7.96404728e-045	5.62273883e-064	1.18092513e-083	2.14487474e-103	3.56842753e-123	1.38860127e-142	3.79565183e-162	7.75842003e-182	
4.81	6.95239010e-007	8.96912978e-004	2.54194738e-002	9.73682467e-001	4.50950708e-007	2.01350829e-016	2.52889763e-035	1.72045556e-054	3.61934482e-074	6.44091759e-094	1.06178889e-113	4.19845350e-133	1.16510434e-152	2.41652703e-172	
4.82	5.29201782e-007	7.10140692e-004	2.21055631e-002	9.77183006e-001	7.61001132e-007	6.35483093e-016	7.81075582e-035	5.10573658e-054	1.07482403e-073	1.87526001e-093	3.06415034e-113	1.23112634e-132	3.46864547e-152	7.29995259e-172	
4.83	4.04204592e-007	5.64212979e-004	1.92658501e-002	9.80168264e-001	1.26906319e-006	1.94932460e-015	2.34020985e-034	1.46602133e-053	3.08519158e-073	5.28051138e-093	8.55503755e-113	3.49285002e-132	9.99127554e-152	2.13365698e-171	
4.84	3.09829802e-007	4.49879118e-004	1.68296875e-002	9.82718031e-001	2.09212946e-006	5.81551281e-015	6.80710359e-034	4.07708648e-053	8.56890812e-073	1.43966870e-092	2.31342691e-112	9.59768882e-132	2.78735191e-151	6.04002754e-171	
4.85	2.38344343e-007	3.60008387e-004	1.47358264e-002	9.84900516e-001	3.41050538e-006	1.68857115e-014	1.92388104e-033	1.09936060e-052	2.30536749e-072	3.80461348e-092	6.06593243e-112	2.55730710e-131	7.54034232e-151	1.65801977e-170	
4.86	1.84007532e-007	2.89129085e-004	1.29330243e-002	9.86772163e-001	5.49924899e-006	4.77474957e-014	5.28724193e-033	2.87725399e-052	6.01445262e-072	9.75659440e-092	1.54396038e-111	6.61423285e-131	1.98007210e-150	4.41802870e-170	
4.87	1.42564726e-007	2.33037548e-004	1.13777199e-002	9.88380328e-001	8.77234511e-006	1.31567953e-013	1.41400977e-032	7.31661889e-052	1.52318495e-071	2.43044621e-091	3.81875436e-111	1.66242408e-130	5.05296074e-150	1.14405795e-169	
4.88	1.10842991e-007	1.88486505e-004	1.00337601e-002	9.89763795e-001	1.38475789e-005	3.53536241e-013	3.68320631e-032	1.80984046e-051	3.74909984e-071	5.88823772e-091	9.18917213e-111	4.06528585e-130	1.25456297e-149	2.88239626e-169	
4.89	8.64931884e-008	1.53009069e-004	8.87010530e-003	9.90955164e-001	2.16351394e-005	9.26857847e-013	9.35058308e-032	4.35863659e-051	8.97706958e-071	1.38877933e-090	2.15341334e-110	9.68130799e-130	3.03346639e-149	7.07233608e-169	
4.9	6.77343493e-008	1.24655871e-004	7.86075747e-003	9.91981056e-001	3.34626801e-005	2.37257526e-012	1.05439041e-022	4.65884771e-042	9.53255930e-062	1.45362153e-081	2.24033897e-101	1.02354668e-120	3.25628059e-140	7.70389085e-160	
4.91	5.32352486e-008	1.01924471e-004	6.98371377e-003	9.92863061e-001	5.12478723e-005	5.93359770e-012	4.86926771e-022	2.03837396e-041	4.14051180e-061	6.22792564e-081	9.54398228e-101	4.43122958e-120	1.43136817e-139	3.43641075e-159	
4.92	4.19876027e-008	8.36314379e-005	6.22022084e-003	9.93618388e-001	7.77178206e-005	1.45048053e-011	2.16520815e-021	8.58494172e-041	1.73006765e-060	2.56865716e-080	3.91533748e-100	1.84746732e-119	6.05925653e-139	1.47621121e-158	
4.93	3.32280356e-008	6.88522100e-005	5.55434661e-003	9.94260039e-001	1.16728767e-004	3.46813310e-011	9.28276040e-021	3.48582816e-040	6.96496995e-060	1.02145130e-079	1.54922618e-099	7.42891617e-119	2.47391394e-138	6.11628249e-158	
4.94	2.63926177e-008	5.68896802e-005	4.97232751e-003	9.94797101e-001	1.73655227e-004	8.11482163e-011	3.83989800e-020	1.36578268e-039	2.70425241e-059	3.92011540e-079	5.91822730e-099	2.88412636e-118	9.75223630e-138	2.44668363e-157	
4.95	2.10324303e-008	4.71661691e-005	4.46216784e-003	9.95234713e-001	2.55932261e-004	1.85915102e-010	1.53446712e-019	5.17108283e-039	1.01413666e-058	1.45412615e-078	2.18599842e-098	1.08265981e-117	3.71703165e-137	9.46363432e-157	
4.96	1.68264613e-008	3.92511085e-005	4.01544450e-003	9.95571590e-001	3.73697358e-004	4.17291738e-010	5.92829973e-019	1.89372296e-038	3.67706056e-058	5.21857561e-078	7.81481268e-098	3.93376255e-117	1.37136571e-136	3.54321443e-156	
4.97	1.35116503e-008	3.27880529e-005	3.62349772e-003	9.95803091e-001	5.40608928e-004	9.17927376e-010	2.21660434e-018	6.71576181e-038	1.29062397e-057	1.81420293e-077	2.70724029e-097	1.38499017e-116	4.90262007e-136	1.28546110e-155	
4.98	1.08913867e-008	2.74952264e-005	3.27931625e-003	9.95918244e-001	7.74931815e-004	1.98005518e-009	8.02697405e-018	2.30825997e-037	4.38916138e-057	6.11474141e-077	9.09606898e-097	4.72940726e-116	1.69988040e-135	4.52312384e-155	
4.99	8.81342894e-009	2.31441586e-005	2.97646084e-003	9.95899655e-001	1.10072718e-003	4.18981196e-009	2.81787796e-017	7.69743760e-037	1.44792100e-056	2.00047112e-076	2.96761775e-096	1.56825966e-115	5.72378429e-135	1.54559023e-154	
5	7.16117890e-009	1.95600053e-005	2.70980829e-003	9.95721256e-001	1.54936007e-003	8.70048973e-009	9.59603134e-017	2.49234620e-036	4.63709571e-056	6.35758550e-076	9.40874857e-096	5.05330499e-115	1.87277360e-134	5.13215203e-154	
5.01	5.84039650e-009	1.65937971e-005	2.47441307e-003	9.95347790e-001	2.16117929e-003	1.77382231e-008	3.17273357e-016	4.87164479e-027	8.96429255e-047	1.22034558e-066	1.80236543e-086	9.83931339e-106	3.70274843e-125	1.02977123e-144	
5.02	4.78329412e-009	1.41357919e-005	2.26680831e-003	9.94731892e-001	2.98712408e-003	3.55115813e-008	1.01904591e-015	2.81654899e-026	5.12556458e-046	6.93243425e-066	1.02219647e-085	5.67162221e-105	2.16730567e-124	6.11697573e-144	
5.03	3.93399392e-009	1.20901613e-005	2.08311258e-003	9.93813195e-001	4.09152877e-003	6.98440101e-008	3.18158408e-015	1.56237930e-025	2.81195655e-045	3.78073108e-065	5.56775901e-085	3.13994981e-104	1.21840434e-123	3.48992993e-143	
5.04	3.24933322e-009	1.03823165e-005	1.92048135e-003	9.92514999e-001	5.55399938e-003	1.34991056e-007	9.66297306e-015	8.32469442e-025	1.48192157e-044	1.98181445e-064	2.91597676e-084	1.67152580e-103	6.58651510e-123	1.91468462e-142	
5.05	2.69465444e-009	8.95204610e-006	1.77627603e-003	9.90743878e-001	7.47063498e-003	2.56442090e-007	2.85602025e-014	4.26352310e-024	3.96351186e-036	5.27490632e-056	7.75744333e-076	4.51986444e-095	1.80852450e-114	5.33566751e-134	
5.06	2.24363345e-009	7.74929419e-006	1.64826960e-003	9.88385388e-001	9.95811160e-003	4.79018574e-007	8.22108648e-014	2.10125112e-023	3.82198751e-035	5.06465004e-055	7.44746716e-075	4.41070012e-094	1.79216616e-113	5.36608825e-133	
5.07	1.87537456e-009	6.73359066e-006	1.53428098e-003	9.85306441e-001	1.31516632e-002	8.79829737e-007	2.30525982e-013	9.97133056e-023	3.49604316e-034	4.61511664e-054	6.78823398e-074	4.08634360e-093	1.68613311e-112	5.12377875e-132	
5.08	1.57360990e-009	5.87374052e-006	1.43260782e-003	9.81349153e-001	1.72107741e-002	1.58955418e-006	6.30149261e-013	4.56084066e-022	3.03729119e-033	3.99617287e-053	5.88174158e-073	3.59915652e-092	1.50813179e-111	4.65128235e-131	
5.09	1.32536378e-009	5.14245171e-006	1.34158667e-003	9.76336671e-001	2.23137731e-002	2.82522372e-006	1.67967941e-012	2.01183391e-021	2.50874924e-032	3.29132839e-052	4.84938838e-072	3.01635155e-091	1.28349923e-110	4.01746348e-130	
5.1	1.11997408e-009	4.51706577e-006	1.25954644e-003	9.70072170e-001	2.86588257e-002	4.93989761e-006	4.36675199e-012	8.56267394e-021	1.97186730e-031	2.58074168e-051	3.80792009e-071	2.40763789e-090	1.04037589e-109	3.30508893e-129	
5.11	9.49036440e-010	3.97865462e-006	1.18492341e-003	9.62336147e-001	3.64664492e-002	8.50082958e-006	1.10808446e-011	3.52038369e-020	1.47695668e-030	1.92919966e-050	2.85177854e-070	1.83288035e-089	8.04318215e-109	2.59332006e-128	
5.12	8.06641109e-010	3.51475511e-006	1.11721203e-003	9.52907021e-001	4.59578551e-002	1.43961311e-005	2.74491891e-011	1.39851354e-019	1.05492057e-029	1.37579791e-049	2.03824933e-069	1.33175389e-088	5.93499661e-108	1.94220715e-127	
5.13	6.87397986e-010	3.11300280e-006	1.05537259e-003	9.41553669e-001	5.73638506e-002	2.39939275e-005	6.63924810e-011	5.37092470e-019	7.19109183e-029	9.36754791e-049	1.39143352e-068	9.24172107e-088	4.18272056e-107	1.38923892e-126	
5.14	5.87129764e-010	2.76316856e-006	9.98455257e-004	9.28048694e-001	7.09107183e-002	3.93682201e-005	1.56879335e-010	1.99570490e-018	4.68366218e-028	6.09653391e-048	9.08303622e-068	6.13262860e-087	2.81869219e-106	9.50206375e-126	
5.15	5.02279503e-010	2.45684551e-006	9.45626849e-004	9.12194586e-001	8.67937495e-002	6.35794560e-005	3.62163999e-010	7.17666972e-018	2.91636096e-027	1.26524265e-038	1.89147080e-058	1.29828458e-077	6.06023701e-097	2.07357730e-116	
5.16	4.30297640e-010	2.18734533e-006	8.96161878e-004	8.93819064e-001	1.05181504e-001	1.01081919e-004	8.17076615e-010	2.49902921e-017	1.73763581e-026	1.41410972e-037	2.12207707e-057	1.48075994e-076	7.01948301e-096	2.43774371e-115	
5.17	3.68934211e-010	1.94897052e-006	8.49410762e-004	8.72789400e-001	1.26201003e-001	1.58235087e-004	1.80229312e-009	8.43194011e-017	9.91563251e-026	1.49315878e-036	2.25015639e-056	1.59619521e-075	7.68472972e-095	2.70875210e-114	
5.18	3.16426841e-010	1.73701257e-006	8.04814487e-004	8.49047998e-001	1.49901537e-001	2.43909478e-004	3.88767001e-009	2.75785371e-016	5.42314363e-025	1.49084714e-035	2.25701265e-055	1.62773161e-074	7.95878941e-094	2.84740775e-113	
5.19	2.71316180e-010	1.54759139e-006	7.61952398e-004	8.22610251e-001	1.76256039e-001	3.70201776e-004	8.20197073e-009	8.74733921e-016	2.84470324e-024	1.40918650e-034	2.14409729e-054	1.57203409e-073	7.80669458e-093	2.83498369e-112	
5.2	2.32477738e-010	1.37779614e-006	7.20459513e-004	7.93565185e-001	2.05159561e-001	5.53399751e-004	1.69316620e-008	2.69228222e-015	1.43234698e-023	1.26228044e-033	1.93094864e-053	1.43928790e-072	7.25886573e-092	2.67558634e-111	
5.21	1.99003975e-010	1.22534913e-006	6.80087041e-004	7.62101893e-001	2.36401860e-001	8.14900218e-004	3.42094249e-008	8.04378687e-015	6.92799756e-023	1.07261818e-032	7.95209247e-045	6.02659528e-064	3.08707882e-083	1.15499806e-102	
5.22	1.70109433e-010	1.08814919e-006	6.40637956e-004	7.28455855e-001	2.69719957e-001	1.18239328e-003	6.76842218e-008	2.33487491e-014	3.22217354e-022	8.65836210e-032	1.25016824e-043	9.63223852e-063	5.01104907e-082	1.90302638e-101	
5.23	1.45159737e-010	9.64562015e-007	6.02066473e-004	6.92991348e-001	3.04714689e-001	1.69080064e-003	1.31176751e-007	6.58766231e-014	1.44212527e-021	6.64571067e-031	1.84207786e-042	1.44306922e-061	7.62520063e-081	2.93932643e-100	
5.24	1.23532877e-010	8.52657552e-007	5.63930340e-004	6.56082821e-001	3.40968324e-001	2.38382228e-003	2.49153649e-007	1.80778250e-013	6.21624625e-021	4.85565501e-030	2.54769482e-041	2.02922725e-060	1.08899176e-079	4.26103128e-099	
5.25	1.04828324e-010	7.51547737e-007	5.26414266e-004	6.18174994e-001	3.77982799e-001	3.31457710e-003	4.64048393e-007	4.82866546e-013	2.58329537e-020	3.38156704e-029	3.31276059e-040	4.18004985e-052	2.27845299e-071	9.04938036e-091	
5.26	8.87350179e-011	6.60736992e-007	4.89885686e-004	5.79706228e-001	4.15254303e-001	4.54807355e-003	8.48063256e-007	1.25642733e-012	1.03604727e-019	2.24756655e-028	4.05643504e-039	1.01442606e-050	5.61604419e-070	2.26416876e-089	
5.27	7.49423075e-011	5.79572531e-007	4.54562574e-004	5.41161882e-001	4.52222318e-001	6.15913621e-003	1.52119777e-006	3.18643778e-012	4.01301030e-019	1.42712759e-027	4.68311703e-038	2.28643535e-049	1.28574220e-068	5.26188744e-088	
5.28	6.31202093e-011	5.07040338e-007	4.20484434e-004	5.02941763e-001	4.88396098e-001	8.23846705e-003	2.68061907e-006	7.88404193e-012	1.50302651e-018	8.66927293e-027	5.10677739e-037	4.79768411e-048	2.74028108e-067	1.13836868e-086	
5.29	5.30174107e-011	4.42372025e-007	3.87734417e-004	4.65423712e-001	5.23296260e-001	1.08872095e-002	4.64227613e-006	1.90423312e-011	5.44758380e-018	5.04356784e-026	5.26693669e-036	9.38502195e-047	5.44469568e-066	2.29598367e-085	
5.3	4.44251897e-011	3.84974784e-007	3.56467081e-004	4.28968301e-001	5.56442945e-001	1.42239955e-002	7.90664594e-006	4.49369139e-011	1.91263415e-017	2.81362668e-025	5.14594944e-035	1.71516551e-045	1.01070449e-064	4.32646071e-084	
5.31	3.71302182e-011	3.34149885e-007	3.26745871e-004	3.93844952e-001	5.87437086e-001	1.83776317e-002	1.32504715e-005	1.03672203e-010	6.51061563e-017	1.50680069e-024	4.76890329e-034	2.93287126e-044	1.75547451e-063	7.62851776e-083	
5.32	3.09527863e-011	2.89260859e-007	2.98575633e-004	3.60264184e-001	6.15921813e-001	2.34932761e-002	2.18615177e-005	2.34010917e-010	2.15067516e-016	7.75553475e-024	4.19859197e-033	4.70139905e-043	2.85834086e-062	1.26090294e-081	
5.33	2.57427925e-011	2.49799398e-007	2.72046758e-004	3.28396453e-001	6.41568482e-001	2.97272373e-002	3.55304908e-005	5.17101441e-010	6.89976099e-016	3.84018481e-023	3.51591241e-032	7.07607469e-042	4.36983554e-061	1.95684723e-080	
5.34	2.13579515e-011	2.15186475e-007	2.47147469e-004	2.98336652e-001	6.64110852e-001	3.72482227e-002	5.69096113e-005	1.11931435e-009	2.15144894e-015	1.83109180e-022	2.80382192e-031	1.00129713e-040	6.28126923e-060	2.85538196e-079	
5.35	1.76783190e-011	1.84908301e-007	2.23870469e-004	2.70146869e-001	6.83313239e-001	4.62259688e-002	8.98648884e-005	2.37480319e-009	6.52557461e-015	8.41695051e-022	2.13227071e-030	1.33459742e-039	8.50387039e-059	3.92444062e-078	
5.36	1.45932260e-011	1.58462693e-007	2.02140198e-004	2.43867586e-001	6.98947156e-001	5.68429958e-002	1.39959022e-004	4.94133140e-009	1.92664401e-014	3.73309939e-021	1.54813963e-029	1.67770367e-038	1.08589234e-057	5.08733821e-077	
5.37	1.19986373e-011	1.35242353e-007	1.81701807e-004	2.19440261e-001	7.10900274e-001	6.92625821e-002	2.15035648e-004	1.00854690e-008	5.53909078e-014	1.59838104e-020	1.07387980e-028	1.99111449e-037	1.30916857e-056	6.22642716e-076	
5.38	9.83816257e-012	1.15098060e-007	1.62821371e-004	1.96834388e-001	7.19018193e-001	8.36584116e-002	3.26050750e-004	2.02028832e-008	1.55179851e-013	6.61333957e-020	7.12605701e-028	2.23457531e-036	1.49250288e-055	7.20632939e-075	
5.39	8.04500288e-012	9.76842858e-008	1.45418543e-004	1.75985053e-001	7.23225473e-001	1.00155978e-001	4.87940274e-004	3.97309759e-008	4.23828214e-013	2.64579010e-019	4.52739223e-027	2.37397566e-035	1.61067620e-054	7.89547158e-074	
5.4	6.55989914e-012	8.26594509e-008	1.29437795e-004	1.56817795e-001	7.23450936e-001	1.18880782e-001	7.20890415e-004	7.67308593e-008	1.12897361e-012	1.02411300e-018	2.75615602e-026	2.39004555e-034	1.64728483e-053	8.19748607e-073	
5.41	5.32987523e-012	6.97141551e-008	1.14793233e-004	1.39261941e-001	7.19672393e-001	1.39899119e-001	1.05153853e-003	1.45551173e-007	2.93414841e-012	3.83756311e-018	1.60911959e-025	2.28265779e-033	1.59827600e-052	8.07495581e-072	
5.42	4.31445219e-012	5.85878989e-008	1.01423331e-004	1.23234425e-001	7.11920458e-001	1.63228840e-001	1.51452357e-003	2.71265887e-007	7.44269711e-012	1.39280797e-017	9.01571394e-025	2.07033545e-032	1.47260505e-051	7.55337020e-071	
5.43	3.48023765e-012	4.90589989e-008	8.92569171e-005	1.08643437e-001	7.00299607e-001	1.88813151e-001	2.15400283e-003	4.96767771e-007	1.84325449e-011	4.89916798e-017	4.85183439e-024	1.78493998e-031	1.28978971e-050	6.71660529e-070	
5.44	2.79705632e-012	4.09255799e-008	7.82221599e-005	9.54130626e-002	6.84940759e-001	2.16541815e-001	3.02520660e-003	8.93963983e-007	4.45748695e-011	1.67040967e-016	2.50875217e-023	1.46372979e-030	1.07445481e-049	5.68073812e-069	
5.45	2.23925679e-012	3.40053325e-008	6.82572216e-005	8.34596134e-002	6.66056601e-001	2.46217581e-001	4.19633201e-003	1.58134769e-006	1.05307979e-010	5.52481835e-016	1.24762103e-022	1.14309326e-029	8.52482106e-049	4.57610235e-068	
5.46	1.78551690e-012	2.81420069e-008	5.92994263e-005	7.27064856e-002	6.43928992e-001	2.77553891e-001	5.74855384e-003	2.74988838e-006	2.43103538e-010	1.77326106e-015	5.97069997e-022	8.50785539e-029	6.44583331e-048	3.51290714e-067	
5.47	1.41791537e-012	2.31896996e-008	5.12802623e-005	6.30756445e-002	6.18912825e-001	3.10178097e-001	7.77742819e-003	4.70148137e-006	5.48513676e-010	5.52523483e-015	2.75113268e-021	6.03977149e-028	4.64883889e-047	2.57239868e-066	
5.48	1.12010806e-012	1.90088866e-008	4.40980834e-005	5.44870743e-002	5.91377186e-001	3.43689142e-001	1.03945737e-002	7.90495023e-006	1.21005383e-009	1.67222070e-014	1.22155647e-020	4.09388696e-027	3.20135046e-046	1.79851149e-065	
5.49	8.80178092e-013	1.54969891e-008	3.77007684e-005	4.68644977e-002	5.61756737e-001	3.77603155e-001	1.37248187e-002	1.30731167e-005	2.61086639e-009	4.91812329e-014	5.22969838e-020	2.65149321e-026	2.10653310e-045	1.20160464e-064	
5.5	6.88479894e-013	1.25765347e-008	3.20763530e-005	4.01319340e-002	5.30493813e-001	4.11413541e-001	1.79073428e-002	2.12743384e-005	5.51234703e-009	1.40649939e-013	2.16047038e-019	1.64257768e-025	1.32583557e-044	7.67888084e-064	
5.51	5.36310875e-013	1.01621764e-008	2.71630093e-005	3.42199614e-002	4.98089238e-001	4.44541054e-001	2.30884943e-002	3.40677129e-005	1.13905457e-008	3.91279370e-013	8.61753869e-019	9.74068197e-025	7.98809412e-044	4.69749728e-063	
5.52	4.15921722e-013	8.17507308e-009	2.28930309e-005	2.90526213e-002	4.64992768e-001	4.76452673e-001	2.94253180e-002	5.36958357e-005	2.30445802e-008	1.05943107e-012	3.32126599e-018	5.53459582e-024	4.61139462e-043	2.75340018e-062	
5.53	3.21101510e-013	6.54604404e-009	1.92026250e-005	2.45609613e-002	4.31665408e-001	5.06595098e-001	3.70759251e-002	8.33529740e-005	4.56766656e-008	2.79386051e-012	1.23781671e-017	3.01606372e-023	2.55317339e-042	1.54794070e-061	
5.54	2.46861493e-013	5.21902441e-009	1.60331884e-005	2.06775303e-002	3.98540207e-001	5.34442261e-001	4.61964412e-002	1.27434311e-004	8.87176564e-008	7.17880225e-012	4.46405409e-017	1.57773957e-022	1.35696187e-041	8.35361899e-061	
5.55	1.88991932e-013	4.14333432e-009	1.33266110e-005	1.73388786e-002	3.66008968e-001	5.59524786e-001	5.69219474e-002	1.91919663e-004	1.68898391e-007	1.79800980e-011	1.55858725e-016	7.92784761e-022	1.15124568e-051	3.90652102e-085	
5.56	1.44116421e-013	3.27623313e-009	1.10295411e-005	1.44833222e-002	3.34424797e-001	5.81505349e-001	6.92907424e-002	2.84441355e-004	3.14895073e-007	4.38638891e-011	5.26515471e-016	3.82477608e-021	2.69697317e-050	5.22430492e-083	
5.57	1.09412625e-013	2.58133173e-009	9.09264359e-006	1.20563074e-002	3.04039082e-001	6.00003264e-001	8.34759608e-002	4.15714056e-004	5.76201496e-007	1.04473679e-010	1.72534394e-015	1.77659083e-020	5.87137302e-049	6.24372615e-081	
5.58	8.27292276e-014	2.02564292e-009	7.46375553e-006	9.99850043e-003	2.75061355e-001	6.14782714e-001	9.95497674e-002	5.99162691e-004	1.03486103e-006	2.42959215e-010	5.48518831e-015	7.94767107e-020	1.18927292e-047	6.68312227e-079	
5.59	6.23052436e-014	1.58327494e-009	6.10071081e-006	8.26257523e-003	2.47690155e-001	6.25645712e-001	1.17541609e-001	8.52020240e-004	1.82559157e-006	5.52209422e-010	1.69386481e-014	3.42890968e-019	2.24610192e-046	6.42602788e-077	
5.6	4.66799038e-014	1.23082723e-009	4.95819994e-006	6.80482635e-003	2.22033482e-001	6.32500471e-001	1.37457412e-001	1.19568506e-003	3.16414969e-006	1.22708516e-009	5.08290639e-014	1.42754030e-018	3.96052588e-045	5.56205584e-075	
5.61	3.48549402e-014	9.53551179e-010	4.01469177e-006	5.58598605e-003	1.98164082e-001	6.35346035e-001	1.59238142e-001	1.65634600e-003	5.39012839e-006	2.66707475e-009	1.48319653e-013	5.73976738e-018	6.53079322e-044	4.34486619e-073	
5.62	2.59397841e-014	7.36262336e-010	3.23904040e-006	4.57095264e-003	1.76117745e-001	6.34240105e-001	1.82792785e-001	2.26613578e-003	9.03046887e-006	5.67467311e-009	4.21204845e-013	2.23105655e-017	1.00882652e-042	3.07049725e-071	
5.63	1.92428124e-014	5.66583653e-010	2.60381712e-006	3.72858214e-003	1.55877528e-001	6.29335575e-001	2.07977784e-001	3.06303013e-003	1.48849588e-005	1.18246618e-008	1.16485704e-012	8.39009472e-017	1.46197609e-041	1.96783015e-069	
5.64	1.42327543e-014	4.34672963e-010	2.08623589e-006	3.03265384e-003	1.37420667e-001	6.20830299e-001	2.34599671e-001	4.09045581e-003	2.41425753e-005	2.41381962e-008	3.13861301e-012	3.05449600e-016	1.99019052e-040	1.14588069e-067	
5.65	1.04966076e-014	3.32457690e-010	1.66630180e-006	2.45998427e-003	1.20699163e-001	6.09006723e-001	2.62393732e-001	5.40012555e-003	3.85584092e-005	4.83086485e-008	8.24622139e-012	1.07759293e-015	2.54934416e-039	6.07821915e-066	
5.66	7.71914449e-015	2.53538061e-010	1.32673466e-006	1.98999168e-003	1.05627938e-001	5.94145046e-001	2.91131708e-001	7.04328555e-003	6.06091838e-005	9.47523837e-008	2.11212932e-011	3.68349592e-015	3.07456956e-038	2.94053644e-064	
5.67	5.66192331e-015	1.92833620e-010	1.05329251e-006	1.60581494e-003	9.21227478e-002	5.76619741e-001	3.20472338e-001	9.08426281e-003	9.38592717e-005	1.82327437e-007	5.28013833e-011	1.22168727e-014	3.49822290e-037	1.30123690e-062	
5.68	4.14254685e-015	1.46282356e-010	8.33853437e-007	1.29269054e-003	8.00791823e-002	5.56797056e-001	3.50094130e-001	1.15924766e-002	1.43285268e-004	3.44481538e-007	1.28952773e-010	3.93528027e-014	3.76094072e-036	5.27823627e-061	
5.69	3.02433778e-015	1.10717058e-010	6.58438533e-007	1.03835857e-003	6.93960889e-002	5.35049218e-001	3.79658038e-001	1.46412725e-002	2.15725287e-004	6.39390224e-007	3.07874419e-010	1.23212959e-013	3.82634547e-035	1.96701270e-059	
5.7	2.20279289e-015	8.35947748e-011	5.18557867e-007	8.32222707e-004	5.99553068e-002	5.11761505e-001	4.08819393e-001	1.83094169e-002	3.20469152e-004	1.16634670e-006	7.18914368e-010	3.75241893e-013	3.68844895e-034	6.74753815e-058	
5.71	1.59871497e-015	6.28864402e-011	4.06801660e-007	6.65733320e-004	5.16544722e-002	4.87318248e-001	4.37214236e-001	2.26749111e-002	4.69898368e-004	2.09225166e-006	1.64306769e-009	1.11241220e-012	3.37359586e-033	2.13482117e-056	
5.72	1.15747959e-015	4.71885415e-011	3.18259886e-007	5.31555272e-004	4.43847657e-002	4.62055164e-001	4.64523743e-001	2.78204362e-002	6.80321926e-004	3.69226582e-006	3.67730944e-009	3.21230208e-012	2.93141968e-032	6.24161698e-055	
