4	7.38281616e-002	9.13124661e-001	1.30471777e-002	3.29474184e-021	4.65359017e-040	4.34914969e-059	2.41619427e-078	1.00674761e-097	2.67752025e-117	5.31254017e-137	8.36884085e-157	9.83412556e-177	8.33400471e-197	5.27468653e-217	2.58563065e-237	9.94473327e-258	3.06936212e-278	6.65805232e-299	1.00000000e-300	1.00000000e-300	1.00000000e-300	
4.01	6.53012927e-002	9.16278971e-001	1.84197361e-002	4.72700902e-021	6.79753958e-040	6.47693147e-059	3.66694869e-078	1.55702462e-097	4.21900724e-117	8.52273043e-137	1.36330967e-156	1.63254978e-176	1.40955775e-196	9.08688595e-217	4.52985342e-237	1.77467323e-257	5.57669996e-278	1.23312842e-298	1.00000000e-300	1.00000000e-300	1.00000000e-300	
4.02	5.76912896e-002	9.16569637e-001	2.57390730e-002	6.71267290e-021	9.82793023e-040	9.54724133e-059	5.50812977e-078	2.38333684e-097	6.57962300e-117	1.35321933e-136	2.19806920e-156	2.68233862e-176	2.35955192e-196	1.54948248e-216	7.85502625e-237	3.13448773e-257	1.00281144e-277	2.26036615e-298	1.00000000e-300	1.00000000e-300	1.00000000e-300	
4.03	5.08813861e-002	9.13534142e-001	3.55844723e-002	9.43109705e-021	1.40582194e-039	1.39231647e-058	8.18576323e-078	3.60956135e-097	1.01523355e-116	2.12587643e-136	3.50654245e-156	4.36061190e-176	3.90805870e-196	2.61391124e-216	1.34758532e-236	5.47754377e-257	1.78415810e-277	4.09943959e-298	1.00000000e-300	1.00000000e-300	1.00000000e-300	
4.04	4.47609047e-002	9.06588961e-001	4.86501339e-002	1.31037072e-020	1.98866437e-039	2.00806225e-058	1.20308085e-077	5.40613305e-097	1.54916843e-116	3.30270845e-136	5.53198963e-156	7.01050517e-176	6.40111867e-196	4.36102921e-216	2.28649358e-236	9.46670634e-257	3.13945292e-277	7.35320980e-298	1.00000000e-300	1.00000000e-300	1.00000000e-300	
4.05	3.92470430e-002	8.95027749e-001	6.57252078e-002	1.79901483e-020	2.77973212e-039	2.86166149e-058	1.74725943e-077	8.00100479e-097	2.33592339e-116	5.07026847e-136	8.62407891e-156	1.11373285e-175	1.03612694e-195	7.19033267e-216	3.83361733e-236	1.61674145e-256	5.45882923e-277	1.30332089e-297	1.00000000e-300	1.00000000e-300	1.00000000e-300	
4.06	3.42549225e-002	8.78084196e-001	8.76608813e-002	2.43841116e-020	3.83597018e-039	4.02616627e-058	2.50508106e-077	1.16901445e-096	3.47724336e-116	7.68434590e-136	1.32729008e-155	1.74677907e-175	1.65555783e-195	1.17025365e-215	6.34524560e-236	2.72573805e-256	9.37001735e-277	2.28041991e-297	1.00000000e-300	1.00000000e-300	1.00000000e-300	
4.07	2.97254887e-002	8.54979017e-001	1.15295494e-001	3.25923658e-020	5.22012394e-039	5.58594765e-058	3.54191088e-077	1.68429829e-096	5.10424357e-116	1.14841461e-135	2.01440907e-155	2.70158397e-175	2.60871376e-195	1.87825888e-215	1.03565223e-235	4.53140331e-256	1.58590393e-276	3.93446446e-297	1.00000000e-300	1.00000000e-300	1.00000000e-300	
4.08	2.56049704e-002	8.25039119e-001	1.49355911e-001	4.29072685e-020	6.99681503e-039	7.63336100e-058	4.93238628e-077	2.39030108e-096	7.38020588e-116	1.69057516e-135	3.01140947e-155	4.11569035e-175	4.04928212e-195	2.96977053e-215	1.66532302e-235	7.42221784e-256	2.64474695e-276	6.68828098e-297	1.00000000e-300	1.00000000e-300	1.00000000e-300	
4.09	2.18628173e-002	7.87858880e-001	1.90278302e-001	5.55508430e-020	9.22265917e-039	1.02582272e-057	6.75461066e-077	3.33577493e-096	1.04931580e-115	2.44721256e-135	4.42686015e-155	6.16545751e-175	6.17991852e-195	4.61670291e-215	2.63270011e-235	1.19516075e-255	4.33579087e-276	1.11773114e-296	1.00000000e-300	1.00000000e-300	1.00000000e-300	
4.1	1.84742891e-002	7.43411109e-001	2.38114602e-001	7.06466702e-020	1.19414260e-038	1.35416418e-057	9.08652069e-077	4.57275461e-096	1.46553253e-115	3.47983506e-135	6.39276014e-155	9.07315016e-175	9.26569123e-195	7.05044227e-215	4.08863504e-235	1.89061086e-255	6.98286559e-276	1.83494037e-296	1.00000000e-300	1.00000000e-300	1.00000000e-300	
4.11	1.54298018e-002	6.92239973e-001	2.92330225e-001	8.81415380e-020	1.51685720e-038	1.75371378e-057	1.19920253e-076	6.15007195e-096	2.00812119e-115	4.85463844e-135	9.05699229e-155	1.30994971e-174	1.36292667e-194	1.05636852e-214	6.23005734e-235	2.93441540e-255	1.10345407e-275	2.95578610e-296	1.00000000e-300	1.00000000e-300	1.00000000e-300	
4.12	1.27238459e-002	6.35471704e-001	3.51804450e-001	1.07796436e-019	1.88874663e-038	2.22632416e-057	1.55133730e-076	8.10775218e-096	2.69718968e-115	6.63858249e-135	1.25780755e-154	1.85388824e-174	1.96517617e-194	1.55141404e-214	9.30439032e-235	4.46382188e-255	1.70896703e-275	4.66637640e-296	1.00000000e-300	1.00000000e-300	1.00000000e-300	
4.13	1.03536608e-002	5.74803622e-001	4.14842717e-001	1.29178152e-019	2.30440716e-038	2.76932072e-057	1.96656776e-076	1.04738377e-095	3.54985178e-115	8.89531104e-135	1.71162421e-154	2.57085556e-174	2.77648180e-194	2.23279598e-214	1.36179311e-234	6.65490450e-255	2.59389792e-275	7.21971142e-296	1.00000000e-300	1.00000000e-300	1.00000000e-300	
4.14	8.31374144e-003	5.12311255e-001	4.79375004e-001	1.51696150e-019	2.75510625e-038	3.37561108e-057	2.44273180e-076	1.32577031e-095	4.57793616e-115	1.16793024e-134	2.28236192e-154	3.49342892e-174	3.84387501e-194	3.14865253e-214	1.95301608e-234	9.72133441e-255	3.85767238e-275	1.09449934e-295	1.00000000e-300	1.00000000e-300	1.00000000e-300	
4.15	6.59068391e-003	4.50174702e-001	5.43234614e-001	1.74701597e-019	3.23042893e-038	4.03531233e-057	2.97589405e-076	1.64586806e-095	5.79021306e-115	1.50395145e-134	2.98485977e-154	4.65576855e-174	5.21923742e-194	4.35444470e-214	2.74659058e-234	1.39258256e-254	5.62614155e-275	1.62713409e-295	1.00000000e-300	1.00000000e-300	1.00000000e-300	
4.16	5.16387092e-003	3.90423366e-001	6.04412763e-001	1.97533422e-019	3.71883618e-038	4.73610395e-057	3.55910720e-076	2.00603495e-095	7.19008941e-115	1.90133526e-134	3.83248727e-154	6.09191917e-174	6.95781985e-194	5.91299383e-214	3.79305525e-234	1.95891920e-254	8.05708552e-275	2.37532002e-295	1.00000000e-300	1.00000000e-300	1.00000000e-300	
4.17	4.00441799e-003	3.34681144e-001	6.61314438e-001	2.19640120e-019	4.21000403e-038	5.46633085e-057	4.18619302e-076	2.40433808e-095	8.77976292e-115	2.36370960e-134	4.83890762e-154	7.83819166e-174	9.12085791e-194	7.89547949e-214	5.15034540e-234	2.70928217e-254	1.13449276e-274	3.40923990e-295	1.00000000e-300	1.00000000e-300	1.00000000e-300	
4.18	3.07853916e-003	2.84059227e-001	7.12862233e-001	2.40604237e-019	4.69535814e-038	6.21564202e-057	4.85066491e-076	2.83913662e-095	1.05626572e-114	2.89506843e-134	6.01935385e-154	9.93620642e-174	1.17798746e-193	1.03869805e-213	6.89065975e-234	3.69215011e-254	1.57394071e-274	4.82123601e-295	1.00000000e-300	1.00000000e-300	1.00000000e-300	
4.19	2.35077949e-003	2.39155902e-001	7.58493319e-001	2.60167839e-019	5.16913710e-038	6.97645842e-057	5.54832067e-076	3.30946655e-095	1.25439357e-114	3.50017738e-134	7.39120149e-154	1.24332624e-173	1.50176497e-193	1.34880993e-213	9.09943957e-234	4.96640081e-254	2.15527527e-274	6.72955716e-295	1.00000000e-300	1.00000000e-300	1.00000000e-300	
4.2	1.78598530e-003	2.00072755e-001	7.98141260e-001	2.78214326e-019	5.62788159e-038	7.74390312e-057	6.27595682e-076	3.81470752e-095	1.47303067e-114	4.18438959e-134	8.97436965e-154	1.53841941e-173	1.89318297e-193	1.73193941e-213	1.18821310e-233	6.60558760e-254	2.91830687e-274	9.28775937e-295	1.00000000e-300	1.00000000e-300	1.00000000e-300	
4.21	1.35213091e-003	1.66604117e-001	8.32043752e-001	2.94747866e-019	6.07039165e-038	8.51590372e-057	7.03328685e-076	4.35659493e-095	1.71384537e-114	4.95603183e-134	1.07960437e-153	1.88596949e-173	2.36458517e-193	2.20350869e-213	1.53736739e-233	8.70585760e-254	3.91520849e-274	1.27009943e-294	1.00000000e-300	1.00000000e-300	1.00000000e-300	
4.22	1.02168326e-003	1.38289016e-001	8.60689301e-001	3.09845670e-019	6.49694218e-038	9.29236406e-057	7.82053868e-076	4.93658546e-095	1.97843277e-114	5.82371592e-134	1.28848974e-153	2.29378837e-173	2.93001094e-193	2.78095192e-213	1.97314596e-233	1.13811269e-253	5.21018442e-274	1.72277367e-294	1.00000000e-300	1.00000000e-300	1.00000000e-300	
4.23	7.71312461e-004	1.14562171e-001	8.84666516e-001	3.23650588e-019	6.90941009e-038	1.00752575e-056	8.64087265e-076	5.55826106e-095	2.26932636e-114	6.79947974e-134	1.52797298e-153	2.77193363e-173	3.60745667e-193	3.48782430e-213	2.51664932e-233	1.47855550e-253	6.88982061e-274	2.32199401e-294	1.00000000e-300	1.00000000e-300	1.00000000e-300	
4.24	5.82555877e-004	9.48288143e-002	9.04588630e-001	3.36328313e-019	7.31021372e-038	1.08679438e-056	9.49829033e-076	6.22634568e-095	2.58956317e-114	7.89717656e-134	1.80251451e-153	3.33231256e-173	4.41839929e-193	4.35138791e-213	3.19297616e-233	1.91081757e-253	9.06287977e-274	3.11300099e-294	1.00000000e-300	1.00000000e-300	1.00000000e-300	
4.25	4.40464458e-004	7.84965963e-002	9.21062939e-001	3.48017433e-019	7.70137497e-038	1.16729947e-056	1.03963259e-075	6.94477345e-095	2.94207729e-114	9.13121445e-134	2.11694126e-153	3.98820886e-173	5.38757850e-193	5.40427772e-213	4.03274212e-233	2.45823964e-253	1.18669546e-273	4.15451427e-294	1.00000000e-300	1.00000000e-300	1.00000000e-300	
4.26	3.33643527e-004	6.50271323e-002	9.34639224e-001	3.58883087e-019	8.08568407e-038	1.24948759e-056	1.13393918e-075	7.71859767e-095	3.33057073e-114	1.05188097e-133	2.47699565e-153	4.75549687e-173	6.54504235e-193	6.68734914e-213	5.07463131e-233	3.15096635e-253	1.54808212e-273	5.52334138e-294	1.00000000e-300	1.00000000e-300	1.00000000e-300	
4.27	2.53418520e-004	5.39406480e-002	9.45805934e-001	3.69066193e-019	8.46579179e-038	1.33378368e-056	1.23338606e-075	8.55567465e-095	3.75990976e-114	1.20815840e-133	2.88970892e-153	5.65356938e-173	7.92760201e-193	8.25061353e-213	6.36719674e-233	4.02681301e-253	2.01320519e-273	7.32021375e-294	1.00000000e-300	1.00000000e-300	1.00000000e-300	
4.28	1.93083543e-004	4.48226078e-002	9.54984309e-001	3.78706551e-019	8.84435766e-038	1.42062060e-056	1.33856647e-075	9.46183978e-095	4.23424317e-114	1.38405621e-133	3.36262442e-153	6.70419766e-173	9.57783570e-193	1.01533262e-212	7.96839290e-233	5.13328152e-253	2.61142673e-273	9.67625140e-294	1.00000000e-300	1.00000000e-300	1.00000000e-300	
4.29	1.47574079e-004	3.73260732e-002	9.62526353e-001	3.87896491e-019	9.22311366e-038	1.51040116e-056	1.45007792e-075	1.04449897e-094	4.75918791e-114	1.58207164e-133	3.90422891e-153	7.93236131e-173	1.15457052e-192	1.24670178e-212	9.94973490e-233	6.52869744e-253	3.37941790e-273	1.27597429e-293	1.00000000e-300	1.00000000e-300	1.00000000e-300	
4.3	1.13177389e-004	3.11565256e-002	9.68730296e-001	4.81508707e-010	1.16562664e-028	1.94614926e-047	1.90369682e-066	1.39720867e-085	6.48055971e-105	2.19034025e-124	5.49053782e-144	1.13680439e-163	1.68580299e-183	1.85416079e-203	1.50487849e-223	1.00586758e-243	5.29682771e-264	2.03779006e-284	1.00000000e-300	1.00000000e-300	1.00000000e-300	
4.31	8.71073370e-005	2.60725385e-002	9.73840353e-001	9.76110094e-010	2.40575268e-028	4.09510730e-047	4.08123111e-066	3.05207232e-085	1.44067610e-104	4.94890626e-124	1.26012942e-143	2.65878134e-163	4.01701418e-183	4.50035198e-203	3.71438757e-223	2.52885864e-243	1.35450382e-263	5.30907312e-284	1.00000000e-300	1.00000000e-300	1.00000000e-300	
4.32	6.72884780e-005	2.18776694e-002	9.78055040e-001	1.94676099e-009	4.88485433e-028	8.47741197e-047	8.60616013e-066	6.55757401e-085	3.14919752e-104	1.09900455e-123	2.84252268e-143	6.11190050e-163	9.40798969e-183	1.07359150e-202	9.01117594e-223	6.24908179e-243	3.40419556e-263	1.35928588e-283	1.00000000e-300	1.00000000e-300	1.00000000e-300	
4.33	5.21700297e-005	1.84091481e-002	9.81538678e-001	3.82182457e-009	9.76350033e-028	1.72747224e-046	1.78622105e-065	1.38660227e-084	6.77217226e-104	2.39977756e-123	6.30508278e-143	1.38154231e-162	2.16661539e-182	2.51841243e-202	2.14954970e-222	1.51836526e-242	8.41106392e-263	3.42107863e-283	1.00000000e-300	1.00000000e-300	1.00000000e-300	
4.34	4.06057840e-005	1.55361261e-002	9.84423261e-001	7.38908658e-009	1.92178902e-027	3.46661799e-046	3.65030114e-065	2.88675456e-084	1.43305925e-103	5.15322110e-123	1.37532923e-142	3.07095954e-162	4.90670513e-182	5.80943291e-202	5.04247280e-222	3.62793928e-242	2.04310372e-262	8.46391201e-283	1.00000000e-300	1.00000000e-300	1.00000000e-300	
4.35	3.16382979e-005	1.31132384e-002	9.86855109e-001	1.40761544e-008	3.72710418e-027	6.85431842e-046	7.34834784e-065	5.91940377e-084	2.98507502e-103	1.08849002e-122	2.95103705e-142	6.71499091e-162	1.09311263e-181	1.31827380e-201	1.16352498e-221	8.52711599e-242	4.88128455e-262	2.05926618e-282	1.00000000e-300	1.00000000e-300	1.00000000e-300	
4.36	2.47051610e-005	1.10827389e-002	9.88892529e-001	2.64317222e-008	7.12483751e-027	1.33584024e-045	1.45765660e-064	1.19587875e-083	6.12172381e-103	2.26169277e-122	6.22884265e-142	1.44436931e-161	2.39550429e-181	2.94266306e-201	2.64129168e-221	1.97170176e-241	1.14693837e-261	4.92671123e-282	1.00000000e-300	1.00000000e-300	1.00000000e-300	
4.37	1.93619167e-005	9.39361518e-003	9.90586974e-001	4.89391190e-008	1.34289491e-026	2.56689140e-045	2.84982170e-064	2.38080342e-083	1.23601050e-102	4.62198227e-122	1.29307920e-141	3.05562455e-161	5.16318505e-181	6.46044176e-201	5.89671573e-221	4.48385350e-241	2.64987500e-261	1.15882057e-281	1.00000000e-300	1.00000000e-300	1.00000000e-300	
4.38	1.52337716e-005	7.98524700e-003	9.91999430e-001	8.93778920e-008	2.49658916e-026	4.86503335e-045	5.49286818e-064	4.67160076e-083	2.45705610e-102	9.28873469e-122	2.63989504e-141	6.35705695e-161	1.09440270e-180	1.39481876e-200	1.29461552e-220	1.00272289e-240	6.01838359e-261	2.67876601e-281	1.00000000e-300	1.00000000e-300	1.00000000e-300	
4.39	1.20285305e-005	6.80741113e-003	9.93180399e-001	1.61066950e-007	4.57940835e-026	9.09731882e-045	1.04392895e-063	9.03521680e-083	4.80801234e-102	1.83511922e-121	5.29830008e-141	1.30019634e-160	2.28048609e-180	2.96051680e-200	2.79399471e-220	2.20416118e-240	1.34318171e-260	6.08380155e-281	1.00000000e-300	1.00000000e-300	1.00000000e-300	
4.4	9.53436329e-006	5.82050404e-003	9.94169675e-001	2.86502494e-007	8.29072239e-026	1.67899763e-044	1.95669125e-063	1.72274278e-082	9.26106215e-102	3.56331749e-121	1.04511438e-140	2.61357003e-160	4.67034189e-180	6.17574037e-200	5.92681417e-220	4.76278863e-240	2.94581187e-260	1.35745443e-280	1.00000000e-300	1.00000000e-300	1.00000000e-300	
4.41	7.58463347e-006	4.99103137e-003	9.95000881e-001	5.03161862e-007	1.48171819e-025	3.05881007e-044	3.61685456e-063	3.23771781e-082	1.75514599e-101	6.79577957e-121	2.02490378e-140	5.16030524e-160	9.39484269e-180	1.26541798e-199	1.23479506e-219	1.01071872e-239	6.34236144e-260	2.97261035e-280	2.00135350e-300	1.00000000e-300	1.00000000e-300	
4.42	6.05663063e-006	4.29253004e-003	9.95700541e-001	8.72707469e-007	2.61485384e-025	5.50229118e-044	6.59375554e-063	5.99704915e-082	3.27153409e-101	1.27222792e-120	3.85103499e-140	1.00011297e-159	1.85508415e-179	2.54511600e-199	2.52516718e-219	2.10535866e-239	1.33979805e-259	6.38515967e-280	4.36383247e-300	1.00000000e-300	1.00000000e-300	
4.43	4.85423606e-006	3.70263735e-003	9.96291013e-001	1.49523958e-006	4.55740673e-025	9.77438926e-044	1.18544980e-062	1.09459816e-081	5.99451345e-101	2.33622255e-120	7.18439803e-140	1.90133860e-159	3.59319399e-179	5.02137286e-199	5.06559551e-219	4.30199194e-239	2.77529962e-259	1.34449163e-279	9.32832601e-300	1.00000000e-300	1.00000000e-300	
4.44	3.90606081e-006	3.20357520e-003	9.96789987e-001	2.53146215e-006	7.84633217e-025	1.71500780e-043	2.10154496e-062	1.96810729e-081	1.07918369e-100	4.20521251e-120	1.31380046e-139	3.54324674e-159	6.82207004e-179	9.71085526e-199	9.96015802e-219	8.61605365e-239	5.63177570e-259	2.77236177e-279	1.95264247e-299	1.00000000e-300	1.00000000e-300	
4.45	3.15509750e-006	2.78040631e-003	9.97212203e-001	4.23547286e-006	1.33455363e-024	2.97241220e-043	3.67268259e-062	3.48418802e-081	1.90705420e-100	7.41035243e-120	2.35204483e-139	6.46414782e-159	1.26802696e-178	1.83851958e-198	1.91716155e-218	1.68927795e-238	1.11820875e-258	5.59160290e-279	3.99800007e-299	1.00000000e-300	1.00000000e-300	
4.46	2.55879669e-006	2.42092485e-003	9.97569512e-001	7.00458036e-006	2.24254214e-024	5.08870665e-043	6.32498901e-062	6.06946455e-081	3.30490855e-100	1.27706192e-119	4.11796054e-139	1.15332882e-158	2.30499803e-178	3.40417072e-198	3.60882731e-218	3.23894033e-238	2.17014427e-258	1.10187574e-278	7.99793672e-299	1.00000000e-300	1.00000000e-300	
4.47	2.08343926e-006	2.11502815e-003	9.97871436e-001	1.14521281e-005	3.72293751e-024	8.60496362e-043	1.07293811e-061	1.03966871e-080	5.61133802e-100	2.14977321e-119	7.04289479e-139	2.01013066e-158	4.09295215e-178	6.15712997e-198	6.63548186e-218	6.06589438e-238	4.11163450e-258	2.11896233e-278	1.56138997e-298	1.00000000e-300	1.00000000e-300	
4.48	1.70368984e-006	1.85446925e-003	9.98125316e-001	1.85108448e-005	6.10556263e-024	1.43700872e-042	1.79171442e-061	1.74937944e-080	9.32157211e-100	3.52969522e-119	1.17480287e-138	3.41691254e-158	7.08844191e-178	1.08615150e-197	1.18985967e-217	1.10797995e-237	7.59306434e-258	3.97002214e-278	2.96979514e-298	1.00000000e-300	1.00000000e-300	
4.49	1.39964071e-006	1.63234648e-003	9.98336669e-001	2.95848216e-005	9.89128105e-024	2.36967994e-042	2.94377493e-061	2.88888609e-080	1.51329811e-099	5.64516026e-119	1.90895450e-138	5.65800558e-158	1.19586701e-177	1.86650072e-197	2.07834658e-217	1.97130474e-237	1.36498043e-257	7.23705228e-278	5.49635625e-298	1.00000000e-300	1.00000000e-300	
4.5	1.15533639e-006	1.44285439e-003	9.98509239e-001	4.67515796e-005	1.58238550e-023	3.85703091e-042	4.75437087e-061	4.67673703e-080	2.39771188e-099	8.78218403e-119	3.01731053e-138	9.11353912e-158	1.96247532e-177	3.11994295e-197	3.53090498e-217	3.41117282e-237	2.38510196e-257	1.28176158e-277	9.88251029e-298	1.00000000e-300	1.00000000e-300	
4.51	9.58787833e-007	1.28118056e-003	9.98644825e-001	7.30358854e-005	2.49883281e-023	6.19335467e-042	7.54091644e-061	7.41049178e-080	3.70154435e-099	1.32667085e-118	4.63093707e-138	1.42543003e-157	3.12724606e-177	5.06412006e-197	5.82444283e-217	5.73159106e-237	4.04430642e-257	2.20182187e-277	1.72353963e-297	1.00000000e-300	1.00000000e-300	
4.52	8.00061130e-007	1.14337281e-003	9.98743022e-001	1.12805438e-004	3.89400523e-023	9.80635430e-042	1.17359849e-060	1.14799814e-079	5.56065942e-099	1.94353899e-118	6.89295997e-138	2.16209026e-157	4.83267455e-177	7.97129044e-197	9.31639097e-217	9.33842967e-237	6.64515027e-257	3.66305621e-277	2.91111516e-297	1.00000000e-300	1.00000000e-300	
4.53	6.71820468e-007	1.02613674e-003	9.98800979e-001	1.72212337e-004	5.98458220e-023	1.52999673e-041	1.79022363e-060	1.73589027e-079	8.11580845e-099	2.75700936e-118	9.93481085e-138	3.17558282e-157	7.23153239e-177	1.21499561e-196	1.44283344e-216	1.47313585e-236	1.05646575e-256	5.89315420e-277	4.75484444e-297	1.00000000e-300	1.00000000e-300	
4.54	5.68058468e-007	9.26709716e-004	9.98812933e-001	2.59789068e-004	9.06451739e-023	2.34996432e-041	2.67336078e-060	2.55799519e-079	1.14909267e-098	3.78165165e-118	1.38456107e-137	4.51011782e-157	1.04638249e-176	1.79073895e-196	2.16048422e-216	2.24687663e-236	1.62276226e-256	9.15521728e-277	7.49997320e-297	1.00000000e-300	1.00000000e-300	
4.55	4.83883372e-007	8.42696704e-004	9.98769650e-001	3.87168814e-004	2.03576645e-010	5.34476215e-029	5.87749862e-048	5.52292673e-067	2.37330872e-086	7.54293390e-106	2.80604661e-125	9.31467755e-145	2.20173913e-164	3.83805586e-184	4.70378806e-204	4.98282633e-224	3.62202975e-244	2.06548230e-264	1.71779965e-284	1.00000000e-300	1.00000000e-300	
4.56	4.14137409e-007	7.69443001e-004	9.98660344e-001	5.69797874e-004	4.98615309e-010	1.32357005e-028	1.39870868e-047	1.28392572e-066	5.25574408e-086	1.60839247e-105	6.07949982e-125	2.05652521e-144	4.95261826e-164	8.79386755e-184	1.09464960e-203	1.18114483e-223	8.63473086e-244	4.97420984e-264	4.20048120e-284	1.00000000e-300	1.00000000e-300	
4.57	3.56535211e-007	7.06313531e-004	9.98465560e-001	8.27768490e-004	1.18684131e-009	3.17932309e-028	3.20991356e-047	2.86267151e-066	1.11193300e-085	3.26760410e-105	1.25493667e-124	4.32602527e-144	1.06139292e-163	1.91964863e-183	2.42664824e-203	2.66705674e-223	1.95963023e-243	1.13965119e-263	9.77067209e-284	1.00000000e-300	1.00000000e-300	
4.58	3.09857203e-007	6.54241606e-004	9.98158940e-001	1.18650546e-003	2.74359359e-009	7.40051679e-028	7.09813619e-047	6.11539260e-066	2.24599405e-085	6.32193557e-105	2.46709681e-124	8.66681939e-144	2.16643404e-163	3.99107263e-183	5.12267055e-203	5.73486768e-223	4.23175006e-243	2.48312995e-263	2.16149891e-283	1.00000000e-300	1.00000000e-300	
4.59	2.72023172e-007	6.11808718e-004	9.97710480e-001	1.67743339e-003	6.15491190e-009	1.66732003e-027	1.51080104e-046	1.25045609e-065	4.32863503e-085	1.16439409e-104	4.61713030e-124	1.65287116e-143	4.20931357e-163	7.89858435e-183	1.02919856e-202	1.17361145e-222	8.69213041e-243	5.14296812e-263	4.54566742e-283	1.00000000e-300	1.00000000e-300	
4.6	2.41327739e-007	5.77889646e-004	9.97084019e-001	2.33783635e-003	1.33912213e-008	3.63230566e-027	3.09395712e-046	2.44620266e-065	7.95901304e-085	2.04202921e-104	8.22768527e-124	3.00159982e-143	7.78766526e-163	1.48849658e-182	1.96862438e-202	2.28659881e-222	1.69868421e-242	1.01280957e-262	9.08920011e-283	1.00000000e-300	1.00000000e-300	
4.61	2.16436062e-007	5.51454547e-004	9.96237203e-001	3.21109793e-003	2.82416678e-008	7.64424625e-027	6.09248924e-046	4.57634586e-065	1.39620644e-084	3.41087224e-104	1.39641048e-123	5.19131002e-143	1.37220079e-162	2.67152244e-182	3.58550301e-202	4.24204419e-222	3.15886827e-242	1.89676250e-262	1.72825740e-282	1.00000000e-300	1.00000000e-300	
4.62	1.96197368e-007	5.31647926e-004	9.95122788e-001	4.34531012e-003	5.77129078e-008	1.55288330e-026	1.15318825e-045	8.18735003e-065	2.33777341e-084	5.43011569e-104	2.25897150e-123	8.55833112e-143	2.30465359e-162	4.57027702e-182	6.22322884e-202	7.49958284e-222	5.59461607e-242	3.38124989e-262	3.12846955e-282	1.00000000e-300	1.00000000e-300	
4.63	1.79733924e-007	5.17715149e-004	9.93688977e-001	5.79301342e-003	1.14279826e-007	3.04389054e-026	2.09880062e-045	1.40162990e-064	3.73987380e-084	8.24996427e-104	3.48747222e-123	1.34641040e-142	3.69375435e-162	7.46122561e-182	1.03054179e-201	1.26498065e-221	9.44720429e-242	5.74333047e-262	5.39533158e-282	1.00000000e-300	1.00000000e-300	
4.64	1.66325488e-007	5.09013123e-004	9.91883503e-001	7.60709788e-003	2.19251819e-007	5.75433885e-026	3.67243528e-045	2.29699480e-064	5.72060568e-084	1.19740569e-103	5.14349523e-123	2.02364371e-142	5.65579573e-162	1.16367215e-181	1.62992989e-201	2.03792184e-221	1.52299667e-241	9.30813269e-262	8.87926423e-282	1.00000000e-300	1.00000000e-300	
4.65	1.55365180e-007	5.04928626e-004	9.89651495e-001	9.84301344e-003	4.07881260e-007	1.04961724e-025	6.18513401e-045	3.60901740e-064	8.38292622e-084	1.66387325e-103	7.26296762e-123	2.91194276e-142	8.29070055e-162	1.73750955e-181	2.46738742e-201	3.14232806e-221	2.34852621e-241	1.44214075e-261	1.39688178e-281	1.00000000e-300	1.00000000e-300	
4.66	1.46382888e-007	5.04946428e-004	9.86941216e-001	1.25529548e-002	7.36291172e-007	3.00060830e-013	2.03272270e-023	1.10282265e-042	2.38799239e-062	4.49284565e-082	1.99292302e-101	8.14268852e-121	2.36170559e-140	5.04142421e-160	7.25645803e-180	9.41309140e-200	7.03256735e-220	4.33654027e-240	4.26530960e-260	3.31311915e-280	2.09280472e-300	
4.67	1.38975201e-007	5.08614323e-004	9.83703822e-001	1.57861337e-002	1.29099469e-006	8.41098788e-013	9.94801479e-023	5.00403159e-042	1.00997691e-061	1.80086106e-081	8.11747153e-101	3.37974499e-120	9.98565560e-140	2.17121950e-159	3.16679720e-179	4.18429133e-199	3.12330472e-219	1.93309693e-239	1.93058717e-259	1.52194495e-279	9.75168162e-300	
4.68	1.32803160e-007	5.15411488e-004	9.79893775e-001	1.95884793e-002	2.20170568e-006	2.25534652e-012	4.58653087e-022	2.13416354e-041	4.01551054e-061	6.78582263e-081	3.10834255e-100	1.31888262e-119	3.96942942e-139	8.79106464e-159	1.29889698e-178	1.74810839e-198	1.30319695e-218	8.09137559e-239	8.20593038e-259	6.56526952e-279	4.26704116e-299	
4.69	1.27632764e-007	5.25044096e-004	9.75469235e-001	2.40019358e-002	3.65770931e-006	5.79544086e-012	1.99737346e-021	8.58162603e-041	1.50581260e-060	2.41227209e-080	1.12292714e-099	4.85527128e-119	1.48847950e-138	3.35772502e-158	5.02427804e-178	6.88747881e-198	5.12613785e-218	3.19146921e-238	3.28668446e-258	2.66884650e-278	1.75952433e-298	
4.7	1.23163826e-007	5.37058819e-004	9.70392086e-001	2.90648027e-002	5.92944820e-006	1.43015520e-011	8.23863012e-021	3.26424586e-040	5.34473893e-060	8.11961858e-080	3.84106087e-099	1.69247009e-118	5.28500529e-138	1.21432960e-157	1.83961460e-177	2.56861252e-197	1.90790502e-217	1.19050606e-237	1.24498668e-257	1.02603155e-277	6.86171035e-298	
4.71	1.19273400e-007	5.51074542e-004	9.64628806e-001	3.48106059e-002	9.39383625e-006	3.39542723e-011	3.22675694e-020	2.56755236e-031	3.92598108e-051	5.65907182e-071	2.72057681e-090	1.22157820e-109	3.88517970e-129	9.09260618e-149	1.39416523e-168	1.98274227e-188	1.46945992e-208	9.18642109e-229	9.75556049e-249	8.15955210e-269	5.53527719e-289	
4.72	1.15692879e-007	5.66144883e-004	9.58146838e-001	4.12723304e-002	1.45712767e-005	7.77534057e-011	1.20377414e-019	1.71983346e-030	2.45816915e-050	3.36422120e-070	1.64356891e-089	7.52067772e-109	2.43608374e-128	5.80697419e-148	9.00892703e-168	1.30496075e-187	9.64636864e-208	6.03992777e-228	6.51352626e-248	5.52930922e-268	3.80491964e-288	
4.73	1.12153330e-007	5.81027593e-004	9.50919955e-001	4.84767413e-002	2.21637868e-005	1.72103852e-010	4.28910691e-019	1.08391127e-029	1.44973820e-049	1.88527426e-069	9.36038064e-089	4.36483126e-108	1.43987308e-127	3.49577091e-147	5.48562740e-167	8.09316386e-187	5.96621000e-207	3.73986711e-227	4.09565682e-247	3.52860930e-267	2.46308062e-287	
4.74	1.08865881e-007	5.96835587e-004	9.42914130e-001	5.64558111e-002	3.31138630e-005	3.69057846e-010	1.46372963e-018	6.44979615e-029	8.08224876e-049	9.99585529e-069	5.04382647e-088	2.39680026e-107	8.05132944e-127	1.99093211e-146	3.15910651e-166	4.74696696e-186	3.48939059e-206	2.18921550e-226	2.43470701e-246	2.12898480e-266	1.50745932e-286	
4.75	1.05729388e-007	6.13155774e-004	9.34102299e-001	6.52357758e-002	4.86627988e-005	7.68367297e-010	4.79690985e-018	3.63576912e-028	4.27405675e-048	5.03203169e-068	2.58052907e-087	1.24959037e-106	4.27414957e-126	1.07642219e-145	1.72652967e-165	2.64221606e-185	1.93625683e-205	1.21555454e-225	1.37285643e-245	1.21847557e-265	8.75215899e-286	
4.76	1.02705228e-007	6.29794705e-004	9.24462184e-001	7.48374850e-002	7.04322603e-005	1.55626234e-009	1.51321169e-017	1.94699954e-027	2.15016900e-047	2.41242357e-067	1.25725640e-086	6.20438411e-106	2.16067703e-125	5.54190273e-145	8.98245089e-165	1.39998611e-184	1.02278354e-204	6.42330931e-225	7.36727874e-245	6.63659016e-265	4.83575500e-285	
4.77	9.97209345e-008	6.46331602e-004	9.13965615e-001	8.52874153e-002	1.00535721e-004	3.07272486e-009	4.60663503e-017	9.93636084e-027	1.03235990e-046	1.10501462e-066	5.85314167e-086	2.94349594e-105	1.04357085e-124	2.72593801e-144	4.46326322e-164	7.08420745e-184	5.15890435e-204	3.24072137e-224	3.77477679e-244	3.45138227e-264	2.55109932e-284	
4.78	9.67499191e-008	6.62556193e-004	9.02593898e-001	9.66017958e-002	1.41647223e-004	5.92339991e-009	1.35581882e-016	4.84365347e-026	4.74170677e-046	4.84762743e-066	2.60961856e-085	1.33730581e-104	4.82607654e-124	1.28376999e-143	2.12270577e-163	3.43102374e-183	2.49076134e-203	1.56464686e-223	1.85086456e-243	1.71758032e-263	1.28783109e-283	
4.79	9.37615461e-008	6.78156597e-004	8.90327524e-001	1.08797022e-001	1.97192407e-004	1.11687638e-008	3.86682087e-016	2.26158561e-025	2.08922458e-045	2.04245242e-065	1.11749872e-084	5.83580722e-104	2.14346846e-123	5.80618267e-143	9.69215549e-163	1.59523273e-182	1.15437639e-202	7.25110796e-223	8.71119062e-243	8.20494548e-263	6.24092605e-283	
4.8	9.07341902e-008	6.92857041e-004	8.77153784e-001	1.21881759e-001	2.71488772e-004	2.06285755e-008	1.07042777e-015	1.01349599e-024	8.84917479e-045	8.28341738e-065	4.60624889e-084	2.45130589e-103	9.16239025e-123	2.52713765e-142	4.25745080e-162	7.13487423e-182	5.14707418e-202	3.23247766e-222	3.94392170e-242	3.77047963e-262	2.90932070e-282	
4.81	8.76399798e-008	7.06386785e-004	8.63054161e-001	1.35869407e-001	3.69919888e-004	3.73724939e-008	2.88119776e-015	4.36877347e-024	9.67977476e-035	8.68686597e-055	4.90977560e-074	2.66256811e-093	1.01257582e-112	2.84351536e-132	4.83311581e-152	8.24637140e-172	5.93136114e-192	3.72432572e-212	4.61491130e-232	4.47832247e-252	3.50553618e-272	
4.82	8.44645322e-008	7.18549100e-004	8.48042818e-001	1.50739334e-001	4.99148549e-004	6.64885431e-008	7.55072551e-015	1.81447682e-023	7.03547104e-034	6.06088132e-054	3.48166436e-073	1.92410299e-092	7.44362641e-112	2.12802722e-131	3.64806751e-151	6.33642073e-171	4.54451749e-191	2.85280445e-211	3.59019450e-231	3.53609228e-251	2.80798244e-271	
4.83	8.12336902e-008	7.29123328e-004	8.32114555e-001	1.66488852e-001	6.67271195e-004	1.16288517e-007	1.92934945e-014	7.27362894e-023	4.87655882e-033	4.03788922e-053	2.35761618e-072	1.32771086e-091	5.22412300e-111	1.52027559e-130	2.62782498e-150	4.64600163e-170	3.32308249e-190	2.08552937e-210	2.66562203e-230	2.66482259e-250	2.14662686e-270	
4.84	7.79458363e-008	7.37899677e-004	8.15280477e-001	1.83097035e-001	8.84310718e-004	2.00136778e-007	4.81253848e-014	2.81869734e-022	3.22915429e-032	2.57344142e-052	1.52717430e-071	8.76427148e-091	3.50669046e-110	1.03861934e-129	1.80963051e-149	3.25619525e-169	2.32303293e-189	1.45763502e-209	1.89222154e-229	1.92017935e-249	1.56915858e-269	
4.85	7.46083355e-008	7.44690994e-004	7.97552786e-001	2.00539850e-001	1.16225934e-003	3.39270768e-007	1.17320772e-013	1.05745981e-021	2.04647770e-031	1.57167475e-051	9.47991287e-071	5.54380869e-090	2.25504747e-109	6.79661071e-129	1.19330899e-148	2.18490734e-168	1.55520489e-188	9.75722997e-209	1.28645281e-228	1.32509251e-248	1.09847675e-268	
4.86	7.11741065e-008	7.48770104e-004	7.78976458e-001	2.18758731e-001	1.51540294e-003	5.66832911e-007	2.79757607e-013	3.84489825e-021	1.24300379e-030	9.21221219e-051	5.64819876e-070	3.36582967e-089	1.39152872e-108	4.26705320e-128	7.54723054e-148	1.40586218e-167	9.98552583e-188	6.26483834e-208	8.38935982e-228	8.77144392e-248	7.37716057e-268	
4.87	6.76599246e-008	7.49991405e-004	7.59572100e-001	2.37715999e-001	1.96090764e-003	9.34057562e-007	6.53146432e-013	1.35657180e-020	7.24632721e-030	5.18966355e-050	3.23424127e-069	1.96407438e-088	8.25068000e-108	2.57351217e-127	4.58409720e-147	8.68545671e-167	6.15771479e-187	3.86354297e-207	5.25480520e-227	5.57686940e-247	4.75801502e-267	
4.88	6.41455460e-008	7.48936410e-004	7.39380410e-001	2.57350265e-001	2.51880586e-003	1.51913661e-006	1.49432077e-012	4.64998026e-020	4.06074696e-029	2.81390545e-049	1.78241936e-068	1.10298228e-087	4.70655976e-107	1.49291371e-126	2.67739188e-146	5.15835364e-166	3.65115632e-186	2.29142483e-206	3.16547608e-226	3.41011794e-246	2.95171639e-266	
4.89	6.06470275e-008	7.45594257e-004	7.18474709e-001	2.77564874e-001	3.21232301e-003	2.43966492e-006	3.35223147e-012	1.54973986e-019	2.18968786e-028	1.47008248e-048	9.46547218e-068	5.96851768e-087	2.58634904e-106	8.34010202e-126	1.50546075e-145	2.94853060e-165	2.08435642e-185	1.30861152e-205	1.83615810e-225	2.00789321e-245	1.76316579e-265	
4.9	5.71772491e-008	7.39922479e-004	6.96900214e-001	2.98287148e-001	4.06878816e-003	3.87062697e-006	7.37994739e-012	5.02695106e-019	1.13761085e-027	2.61693469e-039	1.71276568e-058	1.10046626e-077	4.84083164e-097	1.58642972e-116	2.88148380e-136	5.73509503e-156	4.05020836e-176	2.54426054e-196	3.62600730e-216	4.02496148e-236	3.58571179e-256	
4.91	5.37494357e-008	7.31935731e-004	6.74729550e-001	3.19413304e-001	5.11908721e-003	6.06943923e-006	1.59517038e-011	1.58839948e-018	5.70072297e-027	2.40986911e-038	1.60326599e-057	1.04960130e-076	4.68551092e-096	1.55991308e-115	2.85014540e-135	5.76240958e-155	4.06662638e-175	2.55666188e-195	3.70101604e-215	4.17020590e-235	3.76882594e-255	
4.92	5.03786879e-008	7.21689586e-004	6.52024306e-001	3.40845556e-001	6.39898722e-003	9.41097485e-006	3.38761927e-011	4.89270282e-018	2.75813526e-026	2.11493241e-037	1.43036143e-056	9.54146776e-076	4.32092553e-095	1.46070976e-114	2.68394414e-134	5.50993438e-154	3.88680473e-174	2.44591576e-194	3.59640605e-214	4.11356322e-234	3.77148915e-254	
4.93	4.70566361e-008	7.09279898e-004	6.28886391e-001	3.62442112e-001	7.94773785e-003	1.44323220e-005	7.07065019e-011	1.47006106e-017	1.28947336e-025	1.77101686e-036	1.21752843e-055	8.27518815e-075	3.80031603e-094	1.30393413e-113	2.40862667e-133	5.01839042e-153	3.53981126e-173	2.23036435e-193	3.33113935e-213	3.86775114e-233	3.59757338e-253	
4.94	4.38200577e-008	6.94780623e-004	6.05371787e-001	3.84100868e-001	9.81061879e-003	2.19015276e-005	1.45148519e-010	4.31223562e-017	5.83193769e-025	1.41702387e-035	9.90302515e-055	6.85757576e-074	3.19224269e-093	1.11104089e-112	2.06263974e-132	4.35919381e-152	3.07570296e-172	1.94075149e-192	2.94427983e-212	3.47026841e-232	3.27476494e-252	
4.95	4.06826639e-008	6.78334010e-004	5.81581114e-001	4.05670459e-001	1.20371547e-002	3.28970403e-005	2.93189842e-010	1.23570385e-016	2.55363817e-024	1.08440033e-034	7.70389553e-054	5.43523037e-073	2.56366698e-092	9.04578873e-112	1.68720646e-131	3.61471948e-151	2.55204707e-171	1.61317767e-191	2.48590398e-211	2.97431649e-231	2.84759837e-251	
4.96	3.76566140e-008	6.60083508e-004	5.57603974e-001	4.27007051e-001	1.46799381e-002	4.89152396e-005	5.82838729e-010	3.46074212e-016	1.08326199e-023	7.94537091e-034	1.56376972e-044	1.12396300e-063	5.36959201e-083	1.91942520e-102	3.59564124e-122	7.80422642e-142	5.51496461e-162	3.49291571e-182	5.46759080e-202	6.64090608e-222	6.45061300e-242	
4.97	3.47505323e-008	6.40199771e-004	5.33522512e-001	4.47966675e-001	1.77985454e-002	7.20320613e-005	1.14100479e-009	9.47953405e-016	4.45640257e-023	5.58059493e-033	2.08273653e-043	1.52503224e-062	7.37585724e-082	2.66912399e-101	5.02007559e-121	1.10304665e-140	7.80475940e-161	4.95445909e-181	7.87797597e-201	9.71342470e-221	9.57270593e-241	
4.98	3.19772976e-008	6.18975237e-004	5.09590817e-001	4.68235619e-001	2.14495244e-002	1.05029882e-004	2.19947782e-009	2.54003428e-015	1.77838296e-022	3.75977334e-032	2.62412423e-042	1.95727921e-061	9.57947929e-081	3.50652633e-100	6.61883486e-120	1.47114642e-139	1.04262680e-159	6.63544074e-180	1.07177089e-199	1.34150788e-219	1.34123963e-239	
4.99	2.93294582e-008	5.96326296e-004	4.85972698e-001	4.87588365e-001	2.56909244e-002	1.51652184e-004	4.17607068e-009	6.65959245e-015	6.88752413e-022	2.43144124e-031	3.13043447e-041	2.37838814e-060	1.17741987e-079	4.35597437e-099	8.24870166e-119	1.85305784e-138	1.31581186e-158	8.39808436e-179	1.37793236e-198	1.75088929e-218	1.77605600e-238	
5	2.68194493e-008	5.72613875e-004	4.62502476e-001	5.06105202e-001	3.06026515e-002	2.17021985e-004	7.81676265e-009	1.71060882e-014	2.59285966e-021	1.51212306e-030	3.54411132e-040	2.74269565e-059	1.37278925e-078	5.12808836e-098	9.73810930e-118	2.20913983e-137	1.57222962e-157	1.00661349e-177	1.67777304e-197	2.16422616e-217	2.22730339e-237	
5.01	2.44508521e-008	5.48049509e-004	4.39255131e-001	5.23634186e-001	3.62547803e-002	3.07813719e-004	1.44279190e-008	4.30596233e-014	9.49094611e-021	9.04732717e-030	3.81034938e-039	3.00311269e-058	1.51902513e-077	5.72374669e-097	1.08946965e-116	2.49335084e-136	1.77905875e-156	1.14291324e-176	1.93514034e-196	2.53413347e-216	2.64600663e-236	
5.02	2.22274555e-008	5.22881271e-004	4.16294537e-001	5.40029316e-001	4.27203949e-002	4.32822527e-004	2.62684946e-008	1.06275715e-013	3.38060995e-020	5.21414683e-029	3.89633077e-038	3.12707124e-057	1.59772698e-076	6.06647294e-096	1.15686282e-115	2.66828771e-135	1.90932931e-155	1.23118991e-175	2.11770255e-195	2.81530763e-215	2.98244378e-235	
5.03	2.01441098e-008	4.97201382e-004	3.93682335e-001	5.55145728e-001	5.00712520e-002	6.03416139e-004	4.71842254e-008	2.57255438e-013	1.17232004e-019	2.89634041e-028	3.79292175e-037	3.09955197e-056	1.59894350e-075	6.11053426e-095	1.16684507e-114	2.70943452e-134	1.94503555e-154	1.25924870e-174	2.20032973e-194	2.96964630e-214	3.19182955e-234	
5.04	1.81972963e-008	4.71237033e-004	3.71484047e-001	5.68832544e-001	5.83778362e-002	8.34233551e-004	8.36486129e-008	6.11103346e-013	3.96044306e-019	1.55211686e-027	3.51877107e-036	2.92767374e-055	1.52419499e-074	5.85598198e-094	1.11913427e-113	2.61321223e-133	1.88244650e-153	1.22403700e-173	2.17278246e-193	2.97706684e-213	3.24652872e-233	
5.05	1.63862120e-008	4.45161027e-004	3.49738896e-001	5.80965245e-001	6.77066693e-002	1.14386603e-003	1.46382574e-007	1.42480520e-012	1.30391813e-018	8.02871761e-027	3.11441591e-035	2.63777074e-054	1.38523828e-073	5.34387116e-093	1.02151877e-112	2.39585049e-132	1.73235755e-152	1.13159419e-172	2.04063656e-192	2.83855413e-212	3.14065360e-232	
5.06	1.47095470e-008	4.19124027e-004	3.28517098e-001	5.91391442e-001	7.81163669e-002	1.55570148e-003	2.52945284e-007	3.26257194e-012	4.18722783e-018	4.01339521e-026	2.63289529e-034	2.26973732e-053	1.20187309e-072	4.64959219e-092	8.88479743e-112	2.09054057e-131	1.51763381e-151	9.96214920e-172	1.82510428e-191	2.57739406e-211	2.89338010e-231	
5.07	1.31629736e-008	3.93236891e-004	3.07836037e-001	6.00019395e-001	8.96524691e-002	2.09841704e-003	4.31542375e-007	7.33654789e-012	1.31158416e-017	1.93905829e-025	2.12715333e-033	1.86608766e-052	9.95884119e-072	3.85866992e-091	7.36598247e-111	1.73664564e-130	1.26605354e-150	8.35403192e-171	1.55484597e-190	2.22920181e-210	2.53906990e-230	
5.08	1.17418404e-008	3.67697515e-004	2.87757056e-001	6.06705283e-001	1.02360815e-001	2.80840980e-003	7.27320505e-007	1.62137190e-011	4.01108029e-017	9.06535368e-025	1.64463206e-032	1.46802826e-051	7.89304941e-071	3.05884724e-090	5.82948474e-110	1.37539750e-129	1.00724826e-149	6.68291041e-170	1.26364452e-189	1.83931257e-209	2.12561113e-229	
5.09	1.04398974e-008	3.42623867e-004	2.68306060e-001	6.11357727e-001	1.16263454e-001	3.72891389e-003	1.21100596e-006	3.52180043e-011	1.19787148e-016	4.10286113e-024	1.21778090e-031	1.10576673e-050	5.98715000e-070	2.31763636e-089	4.40640409e-109	1.03909920e-128	7.64549485e-149	5.10209866e-169	9.80117309e-189	1.44839928e-208	1.69834466e-228	
5.1	9.24919892e-009	3.18049686e-004	2.49536686e-001	6.13933470e-001	1.31299881e-001	4.90991324e-003	1.99121242e-006	7.51678790e-011	3.49292662e-016	1.79764959e-023	8.63771857e-031	7.97720592e-050	4.34796202e-069	1.67887946e-088	3.18210663e-108	7.49048216e-128	5.53865880e-148	3.71871814e-168	7.25773477e-188	1.08889977e-207	1.29549186e-227	
5.11	8.16669388e-009	2.94137066e-004	2.31494227e-001	6.14439188e-001	1.47361039e-001	6.40816949e-003	3.23210072e-006	1.57607003e-010	9.94484436e-016	7.62712700e-023	5.87245712e-030	5.51507994e-049	3.02494512e-068	1.16357469e-087	2.19695766e-107	5.15560431e-127	3.83173862e-147	2.58901258e-167	5.13367025e-187	7.81975666e-207	9.43959037e-227	
5.12	7.18451124e-009	2.71000878e-004	2.14156229e-001	6.12743912e-001	1.64524200e-001	8.29946449e-003	5.18584598e-006	3.25127318e-010	2.76890443e-015	3.13914679e-022	3.83374765e-029	3.66025172e-048	2.01956065e-067	7.72830494e-087	1.45247048e-106	3.39393981e-126	2.53581875e-146	1.72469479e-166	3.47454529e-186	5.37347905e-206	6.58159699e-226	
5.13	6.29976796e-009	2.48780906e-004	1.97565307e-001	6.08815590e-001	1.82697257e-001	1.06648358e-002	8.22247319e-006	6.59677675e-010	7.53825182e-015	1.25328078e-021	2.40401060e-028	2.33263206e-047	1.29425293e-066	4.92092669e-086	9.19850963e-106	2.13749817e-125	1.60569274e-145	1.09963891e-165	2.25077556e-185	3.53406539e-205	4.39210751e-225	
5.14	5.50368004e-009	2.27510647e-004	1.81712269e-001	6.02637031e-001	2.01809681e-001	1.36006105e-002	1.28908928e-005	1.31753366e-009	2.00858006e-014	4.85921937e-021	1.45001073e-027	1.42956791e-046	7.97438450e-066	3.00863403e-085	5.58924377e-105	1.29013313e-124	9.74568011e-145	6.72208588e-165	1.39792993e-184	2.22855812e-204	2.81021679e-224	
5.15	4.79139288e-009	2.07269135e-004	1.66626745e-001	5.94240526e-001	2.21697014e-001	1.72084626e-002	1.99759196e-005	2.58957237e-009	5.23715796e-014	1.82967619e-020	8.41368612e-027	8.42632561e-046	4.72380626e-065	1.76630506e-084	3.25838449e-104	7.46223403e-124	5.66952897e-144	3.93963517e-164	8.32411081e-184	1.34733593e-203	1.72392800e-223	
