4	9.99992438e-001	7.56219373e-006	5.62663224e-024	1.07563224e-042	9.54929189e-062	1.85415943e-081	9.66110582e-101	3.11006497e-120	6.50641207e-140	9.60653792e-160	
4.01	9.99987654e-001	1.23463402e-005	9.32925813e-024	1.81083836e-042	1.62276042e-061	3.08626935e-081	1.63736503e-100	5.35331535e-120	1.13656087e-139	1.70222838e-159	
4.02	9.99980052e-001	1.99479548e-005	1.53080767e-023	3.01690482e-042	2.72924264e-061	5.08721997e-081	2.74806610e-100	9.12524026e-120	1.96609576e-139	2.98698879e-159	
4.03	9.99968097e-001	3.19026780e-005	2.48618126e-023	4.97494950e-042	4.54374783e-061	8.30590957e-081	4.56820458e-100	1.54065785e-119	3.36873627e-139	5.19169675e-159	
4.04	9.99949486e-001	5.05142243e-005	3.99795998e-023	8.12296310e-042	7.49074428e-061	1.34377588e-080	7.52478375e-100	2.57751036e-119	5.71966617e-139	8.94172868e-159	
4.05	9.99920788e-001	7.92121086e-005	6.36702103e-023	1.31349198e-041	1.22299067e-060	2.15451813e-080	1.22834557e-099	4.27354685e-119	9.62423846e-139	1.52627598e-158	
4.06	9.99876967e-001	1.23032824e-004	1.00426760e-022	2.10357470e-041	1.97797339e-060	3.42440989e-080	1.98758482e-099	7.02351610e-119	1.60522834e-138	2.58237214e-158	
4.07	9.99810673e-001	1.89327364e-004	1.56948822e-022	3.33791625e-041	3.16991097e-060	5.39715487e-080	3.18905393e-099	1.14458902e-118	2.65485821e-138	4.33248183e-158	
4.08	9.99711305e-001	2.88694704e-004	2.43049928e-022	5.24843827e-041	5.03447316e-060	8.43634486e-080	5.07449315e-099	1.84991183e-118	4.35478303e-138	7.20918954e-158	
4.09	9.99563683e-001	4.36317335e-004	3.73048337e-022	8.17927025e-041	7.92564947e-060	1.30810039e-079	8.00894136e-099	2.96561555e-118	7.08511253e-138	1.18985533e-157	
4.1	9.99346338e-001	6.53661670e-004	5.67513170e-022	1.26338640e-040	1.23691639e-059	2.01229321e-079	1.25392149e-098	4.71611814e-118	1.14352314e-137	1.94811349e-157	
4.11	9.99029045e-001	9.70954528e-004	8.56145427e-022	1.93518552e-040	1.91431944e-059	3.07220144e-079	1.94825381e-098	7.44290119e-118	1.83155774e-137	3.16533491e-157	
4.12	9.98569852e-001	1.43014764e-003	1.28057633e-021	2.93898909e-040	2.93810765e-059	4.65509166e-079	3.00386634e-098	1.16564468e-117	2.91127321e-137	5.10409412e-157	
4.13	9.97910823e-001	2.08917654e-003	1.89959679e-021	4.42651998e-040	4.47267802e-059	7.00157797e-079	4.59662419e-098	1.81190594e-117	4.59280105e-137	8.16861015e-157	
4.14	9.96973089e-001	3.02691058e-003	2.79493128e-021	6.61287420e-040	6.75444742e-059	1.04551536e-078	6.98173862e-098	2.79549094e-117	7.19189848e-137	1.29761448e-156	
4.15	9.95649890e-001	4.35010988e-003	3.07484984e-012	7.38667173e-031	7.62786482e-050	1.16841260e-069	7.93435149e-089	3.22705149e-108	8.42616190e-128	1.54232092e-147	
4.16	9.93798502e-001	6.20149801e-003	8.67642944e-012	2.11630554e-030	2.20980227e-049	3.35235030e-069	2.31435989e-088	9.56189014e-108	2.53402505e-127	4.70544826e-147	
4.17	9.91230503e-001	8.76949736e-003	2.39241314e-011	5.92489447e-030	6.25662048e-049	9.40746160e-069	6.60033789e-088	2.77010865e-107	7.45093511e-127	1.40361222e-146	
4.18	9.87700125e-001	1.22998745e-002	6.44817091e-011	1.62136558e-029	1.73174714e-048	2.58288535e-068	1.84097317e-087	7.84862366e-107	2.14267640e-126	4.09485992e-146	
4.19	9.82892760e-001	1.71072399e-002	1.69906810e-010	4.33767705e-029	4.68674588e-048	6.93921511e-068	5.02186648e-087	2.17490969e-106	6.02634994e-126	1.16839543e-145	
4.2	9.76409623e-001	2.35903766e-002	4.37682112e-010	1.13447930e-028	1.24016626e-047	1.82420314e-067	1.33984807e-086	5.89488348e-106	1.65786863e-125	3.26088910e-145	
4.21	9.67764049e-001	3.22359499e-002	1.10212644e-009	2.90040907e-028	3.20831064e-047	4.69202176e-067	3.49498828e-086	1.56207575e-105	4.45899677e-125	8.89788432e-145	
4.22	9.56367105e-001	4.36328918e-002	2.71212953e-009	7.24625824e-028	8.11178579e-047	1.18039403e-066	8.91132437e-086	4.04618796e-105	1.17229841e-124	2.37326587e-144	
4.23	9.41542451e-001	5.84575426e-002	6.51983468e-009	1.76852240e-027	2.00380974e-046	2.90344090e-066	2.21975604e-085	1.02387271e-104	3.01094755e-124	6.18404064e-144	
4.24	9.22546390e-001	7.74535945e-002	1.52993321e-008	4.21318319e-027	4.83224167e-046	6.97716029e-066	5.39693711e-085	2.52902395e-104	7.54887454e-124	1.57294435e-143	
4.25	8.98611776e-001	1.01388189e-001	3.50205899e-008	9.79049200e-027	1.13677701e-045	1.63678081e-065	1.27963475e-084	6.09175832e-104	1.84565180e-123	3.90168230e-143	
4.26	8.69030412e-001	1.30969510e-001	7.81215578e-008	2.21703204e-026	2.60624931e-045	3.74488010e-065	2.95547321e-084	1.42935301e-103	4.39557477e-123	9.42730402e-143	
4.27	8.33262414e-001	1.66737417e-001	1.69632421e-007	4.88657087e-026	5.81630765e-045	8.34621118e-065	6.64137120e-084	3.26325236e-103	1.01862041e-122	2.21646412e-142	
4.28	7.91051764e-001	2.08947878e-001	3.58167457e-007	1.04724264e-025	1.26214870e-044	1.80997333e-064	1.45018294e-083	7.23933179e-103	2.29375869e-122	5.06382031e-142	
4.29	7.42597788e-001	2.57401478e-001	7.34415731e-007	2.17940451e-025	2.65962671e-044	3.81423325e-064	3.07227809e-083	1.55818740e-102	5.01137683e-122	1.12244425e-141	
4.3	6.88579402e-001	3.11419136e-001	1.46134765e-006	4.40085421e-025	5.43791991e-044	7.80435706e-064	6.30910029e-083	3.25094053e-102	1.06128902e-121	2.41169164e-141	
4.31	6.30200479e-001	3.69796701e-001	2.82006262e-006	8.61745644e-025	1.07811193e-043	1.54945664e-063	1.25502724e-082	6.57013530e-102	2.17712748e-121	5.01942979e-141	
4.32	5.69142855e-001	4.30851868e-001	5.27642500e-006	1.63579644e-024	2.07183479e-043	2.98380493e-063	2.41701493e-082	1.28557786e-101	4.32432257e-121	1.01153744e-140	
4.33	5.07304046e-001	4.92686379e-001	9.57538546e-006	3.01122219e-024	3.86049178e-043	5.57487838e-063	4.50713751e-082	2.43576389e-101	8.31659346e-121	1.97379695e-140	
4.34	4.46622587e-001	5.53360548e-001	1.68656194e-005	5.37909657e-024	6.97895138e-043	1.01119309e-062	8.14296259e-082	4.47120722e-101	1.54970443e-120	3.73161990e-140	
4.35	3.88833246e-001	6.11137888e-001	2.88658009e-005	9.33443310e-024	1.22524849e-042	1.78233517e-062	1.42655288e-081	7.95845402e-101	2.80000493e-120	6.84079287e-140	
4.36	3.35267104e-001	6.64684819e-001	4.80769611e-005	1.57593212e-023	2.09203786e-042	3.05714933e-062	2.42669418e-081	1.37552102e-100	4.91257506e-120	1.21773216e-139	
4.37	2.86799503e-001	7.13122447e-001	7.80491621e-005	2.59247865e-023	3.47899655e-042	5.11023450e-062	4.01432404e-081	2.31213227e-100	8.38215004e-120	2.10818663e-139	
4.38	2.43849908e-001	7.56026376e-001	1.23715495e-004	4.16270170e-023	5.64403517e-042	8.33818666e-062	6.46772158e-081	3.78494943e-100	1.39290819e-119	3.55451602e-139	
4.39	2.06431808e-001	7.93376409e-001	1.91783288e-004	6.53390871e-023	8.94492334e-042	1.32982329e-061	1.01629598e-080	6.04326560e-100	2.25764555e-119	5.84549104e-139	
4.4	1.74317945e-001	8.25390828e-001	2.91226735e-004	1.00416087e-022	1.38700084e-041	2.07616208e-061	1.55985130e-080	9.42508339e-100	3.57430445e-119	9.39000249e-139	
4.41	1.47040875e-001	8.52525327e-001	4.33798650e-004	2.84695494e-013	3.96412451e-032	5.97771923e-052	4.40639778e-071	2.70530316e-090	1.04150266e-109	2.77622993e-129	
4.42	1.24082899e-001	8.75282448e-001	6.34652882e-004	8.11251166e-013	1.13757630e-031	1.72897075e-051	1.24781376e-070	7.78472620e-090	3.04245367e-109	8.22863003e-129	
4.43	1.04877487e-001	8.94209533e-001	9.12979141e-004	2.23836795e-012	3.15734470e-031	4.83906494e-051	3.41283937e-070	2.16344809e-089	8.58340842e-109	2.35555543e-128	
4.44	8.88780827e-002	9.09829189e-001	1.29272799e-003	5.98789041e-012	8.48575819e-031	1.31210214e-050	9.02656951e-070	5.81458999e-089	2.34185428e-108	6.52090965e-128	
4.45	7.55860884e-002	9.22610729e-001	1.80318280e-003	1.55485358e-011	2.21063990e-030	3.45002794e-050	2.31142164e-069	1.51300755e-088	6.18639880e-108	1.74791592e-127	
4.46	6.45605762e-002	9.32959705e-001	2.47971832e-003	3.92255746e-011	5.58657456e-030	8.80371678e-050	5.73532038e-069	3.81515358e-088	1.58357695e-107	4.53994136e-127	
4.47	5.54129512e-002	9.41222027e-001	3.36502196e-003	9.62611253e-011	1.37102627e-029	2.18250254e-049	1.38063167e-068	9.33237573e-088	3.93256741e-107	1.14398633e-126	
4.48	4.78153683e-002	9.47676203e-001	4.50842828e-003	2.29960212e-010	3.26954549e-029	5.25954811e-049	3.22671663e-068	2.21645599e-087	9.48175903e-107	2.79879539e-126	
4.49	4.14956250e-002	9.52536404e-001	5.96797082e-003	5.35284421e-010	7.58279154e-029	1.23307448e-048	7.32925871e-068	5.11641096e-087	2.22211117e-106	6.65561796e-126	
4.5	3.62261558e-002	9.55964151e-001	7.80969165e-003	1.21501575e-009	1.71138621e-028	2.81413196e-048	1.61917834e-067	1.14867930e-086	5.06472355e-106	1.53928929e-125	
4.51	3.18154270e-002	9.58075962e-001	1.01086086e-002	2.69138303e-009	3.76138391e-028	6.25614809e-048	3.48202153e-067	2.51028875e-086	1.12367446e-105	3.46535023e-125	
4.52	2.80844753e-002	9.58964062e-001	1.29514566e-002	5.82335721e-009	8.05755647e-028	1.35592031e-047	7.29577786e-067	5.34528380e-086	2.42912238e-105	7.60169733e-125	
4.53	2.49403534e-002	9.58630296e-001	1.64293388e-002	1.23135550e-008	1.68305336e-027	2.86608886e-047	1.49027083e-066	1.10957548e-085	5.11938489e-105	1.62566603e-124	
4.54	2.22716998e-002	9.57080490e-001	2.06477849e-002	2.54671429e-008	3.43074993e-027	5.91325094e-047	2.97043801e-066	2.24777753e-085	1.05287251e-104	3.39264199e-124	
4.55	1.99970469e-002	9.54284589e-001	2.57183123e-002	5.15514300e-008	6.79499051e-018	1.18555186e-037	5.75287201e-057	4.42426518e-076	2.10398762e-095	6.87959855e-115	
4.56	1.80431942e-002	9.50193631e-001	3.17630729e-002	1.02192088e-007	2.55622999e-017	4.51519057e-037	2.11642944e-056	1.65410664e-075	7.98660923e-095	2.65001302e-114	
4.57	1.63552467e-002	9.44734558e-001	3.89099969e-002	1.98521269e-007	9.26464582e-017	1.65679748e-036	7.50259240e-056	5.95964127e-075	2.92139278e-094	9.83667053e-114	
4.58	1.48852004e-002	9.37827372e-001	4.72870496e-002	3.78054828e-007	3.23761694e-016	5.86174378e-036	2.56497781e-055	2.07070139e-074	1.03055860e-093	3.52123072e-113	
4.59	1.35945606e-002	9.29370724e-001	5.70340091e-002	7.06240394e-007	1.09205992e-015	2.00168616e-035	8.46665323e-055	6.94728254e-074	3.51050154e-093	1.21719134e-112	
4.6	1.24523911e-002	9.19265956e-001	6.82803585e-002	1.29473407e-006	3.55851512e-015	6.60280387e-035	2.70086467e-054	2.25240987e-073	1.15555606e-092	4.06585292e-112	
4.61	1.14331965e-002	9.07409473e-001	8.11550006e-002	2.33037953e-006	1.12119743e-014	2.10565371e-034	8.33361185e-054	7.06358014e-073	3.67933126e-092	1.31376536e-111	
4.62	1.05157165e-002	8.93704094e-001	9.57760699e-002	4.11984572e-006	3.41868785e-014	6.49718318e-034	2.48934222e-053	2.14469046e-072	1.13427674e-091	4.10999616e-111	
4.63	9.68359949e-003	8.78065842e-001	1.12243402e-001	7.15676870e-006	1.00961242e-013	1.94122637e-033	7.20520516e-053	6.30928648e-072	3.38808210e-091	1.24584743e-110	
4.64	8.92253398e-003	8.60430380e-001	1.30634867e-001	1.22193152e-005	2.89018096e-013	5.62051449e-033	2.02234977e-052	1.79988410e-071	9.81344582e-091	3.66200680e-110	
4.65	8.22175487e-003	8.40765451e-001	1.50992281e-001	2.05137091e-005	8.02610966e-013	1.57807897e-032	5.50870588e-052	4.98345022e-071	2.75877448e-090	1.04475289e-109	
4.66	7.57247124e-003	8.19053671e-001	1.73339985e-001	3.38731081e-005	2.16402045e-012	1.25515336e-023	4.25403614e-043	3.91175737e-062	2.19885181e-081	8.45062186e-101	
4.67	6.96782384e-003	7.95340632e-001	1.97636515e-001	5.50294191e-005	5.66838983e-012	6.49753564e-023	2.13995180e-042	2.00014188e-061	1.14156834e-080	4.45229460e-100	
4.68	6.40259424e-003	7.69690081e-001	2.23819338e-001	8.79868105e-005	1.44370550e-011	3.22016642e-022	1.03150952e-041	9.80056550e-061	5.67951176e-080	2.24806514e-099	
4.69	5.87265667e-003	7.42234097e-001	2.51754738e-001	1.38507915e-004	3.57817112e-011	1.52946635e-021	4.76944727e-041	4.60593652e-060	2.71033101e-079	1.08874870e-098	
4.7	5.37507763e-003	7.13139573e-001	2.81270643e-001	2.14706939e-004	8.63356380e-011	6.96722188e-021	2.11698881e-040	2.07812782e-059	1.24163698e-078	5.06170805e-098	
4.71	4.90750638e-003	6.82612101e-001	3.12152513e-001	3.27879532e-004	2.03006991e-010	3.04793262e-020	9.03251724e-040	9.01358871e-059	5.46841516e-078	2.26248041e-097	
4.72	4.46870998e-003	6.50890536e-001	3.44147285e-001	4.93468366e-004	4.65505286e-010	1.28173573e-019	3.70818960e-039	3.76160438e-058	2.31725767e-077	9.72983571e-097	
4.73	4.05339992e-003	6.18248759e-001	3.76965651e-001	7.32188762e-004	1.04165547e-009	5.18588370e-019	1.46609852e-038	1.51183143e-057	9.45722148e-077	4.03018046e-096	
4.74	3.66524609e-003	5.84983799e-001	4.10279527e-001	1.07142561e-003	2.27631017e-009	2.02095270e-018	5.58860876e-038	5.85838751e-057	3.72126501e-076	1.60940447e-095	
4.75	3.30385744e-003	5.51396066e-001	4.43753142e-001	1.54692933e-003	4.86165618e-009	7.59378722e-018	2.05609813e-037	2.19106791e-056	1.41322750e-075	6.20326353e-095	
4.76	2.96893810e-003	5.17787212e-001	4.77039489e-001	2.20435090e-003	1.01540736e-008	2.75343350e-017	7.30663811e-037	7.91541248e-056	5.18431522e-075	2.30958044e-094	
4.77	2.65941404e-003	4.84440620e-001	5.09797899e-001	3.10204580e-003	2.07582446e-008	9.64620832e-017	2.51124865e-036	2.76566189e-055	1.83948247e-074	8.31705235e-094	
4.78	2.37477762e-003	4.51620886e-001	5.41692058e-001	4.31223715e-003	4.15609481e-008	3.26789965e-016	8.35459453e-036	9.35386828e-055	6.31762007e-074	2.89918777e-093	
4.79	2.11394803e-003	4.19568044e-001	5.72393756e-001	5.92417046e-003	8.15505908e-008	1.07149265e-015	2.69273385e-035	3.06497507e-054	2.10203352e-073	9.79010534e-093	
4.8	1.87596433e-003	3.88472501e-001	6.01604680e-001	8.04669802e-003	1.56948209e-007	3.40406359e-015	8.41735760e-035	9.74039552e-054	6.78395008e-073	3.20693490e-092	
4.81	1.65979823e-003	3.58503862e-001	6.29026079e-001	1.08099642e-002	2.96400121e-007	1.04867926e-014	6.44618119e-026	7.58374258e-045	5.36370506e-064	2.57350785e-083	
4.82	1.46460129e-003	3.29900844e-001	6.54268446e-001	1.43655593e-002	5.49535499e-007	3.13503202e-014	3.65356064e-025	4.36997422e-044	3.13867285e-063	1.52845038e-082	
4.83	1.28865055e-003	3.02667807e-001	6.77149703e-001	1.88928384e-002	1.00092824e-006	9.10301847e-014	1.98399563e-024	2.41265140e-043	1.75977491e-062	8.69797801e-082	
4.84	1.13043673e-003	2.76810790e-001	6.97458161e-001	2.45988204e-002	1.79196378e-006	2.56931500e-013	1.03336571e-023	1.27762136e-042	9.46316098e-062	4.74748456e-081	
4.85	9.88659929e-004	2.52383670e-001	7.14909940e-001	3.17145750e-002	3.15467323e-006	7.05436553e-013	5.16755450e-023	6.49581972e-042	4.88627931e-061	2.48804894e-080	
4.86	8.61974672e-004	2.29376372e-001	7.29265699e-001	4.04904916e-002	5.46252779e-006	1.88512323e-012	2.48328734e-022	3.17385462e-041	2.42445545e-060	1.25307807e-079	
4.87	7.49006166e-004	2.07771331e-001	7.40270655e-001	5.11997017e-002	9.30703766e-006	4.90592755e-012	1.14783130e-021	1.49160046e-040	1.15717646e-059	6.07059313e-079	
4.88	6.48608145e-004	1.87550250e-001	7.47664155e-001	6.41213812e-002	1.56056297e-005	1.24391835e-011	5.10653859e-021	6.74718381e-040	5.31609187e-059	2.83071985e-078	
4.89	5.59132541e-004	1.68671650e-001	7.51208351e-001	7.95351112e-002	2.57550599e-005	3.07442885e-011	2.18832077e-020	2.93990833e-039	2.35230304e-058	1.27144643e-077	
4.9	4.79842124e-004	1.51088470e-001	7.50689897e-001	9.76999545e-002	4.18368414e-005	7.40843661e-011	9.03745247e-020	4.36953204e-030	3.55073301e-049	1.94806222e-068	
4.91	4.10039798e-004	1.34765073e-001	7.45918395e-001	1.18839583e-001	6.69089055e-005	1.74140898e-010	3.59982947e-019	3.31151911e-029	2.73295296e-048	1.52194295e-067	
4.92	3.48767415e-004	1.19656631e-001	7.36778899e-001	1.43110387e-001	1.05315605e-004	3.99255846e-010	1.38317286e-018	2.38723958e-028	2.00087132e-047	1.13107480e-066	
4.93	2.95210579e-004	1.05720342e-001	7.23205070e-001	1.70616168e-001	1.63208166e-004	8.93468454e-010	5.13189109e-018	1.63906543e-027	1.39530555e-046	8.00611402e-066	
4.94	2.48548408e-004	9.29221632e-002	7.05273807e-001	2.01306537e-001	2.48941979e-004	1.95123196e-009	1.83854593e-017	1.07225019e-026	9.27070890e-046	5.39967901e-065	
4.95	2.08116121e-004	8.12237555e-002	6.83142149e-001	2.35052205e-001	3.73769968e-004	4.16022225e-009	6.36468123e-017	6.68972524e-026	5.87436358e-045	3.47328302e-064	
4.96	1.73261427e-004	7.05939158e-002	6.57100227e-001	2.71580177e-001	5.52409703e-004	8.66138970e-009	2.12990212e-016	3.98351522e-025	3.55258648e-044	2.13214889e-063	
4.97	1.43375847e-004	6.09928005e-002	6.27576895e-001	3.10483118e-001	8.03792700e-004	1.76163065e-008	6.89494192e-016	2.26598461e-024	2.05252229e-043	1.25047051e-062	
4.98	1.17940203e-004	5.23849908e-002	5.95101412e-001	3.51244028e-001	1.15159373e-003	3.50134246e-008	2.16030630e-015	1.23245584e-023	1.13391834e-042	7.01291569e-062	
4.99	9.64322339e-005	4.47228120e-002	5.60299708e-001	3.93255957e-001	1.62502351e-003	6.80405246e-008	6.55603932e-015	6.41568960e-023	5.99485105e-042	3.76371864e-061	
5	7.83762857e-005	3.79555277e-002	5.23865747e-001	4.35841108e-001	2.25911217e-003	1.29332705e-007	1.92830473e-014	3.19930787e-022	3.03654885e-041	1.93534025e-060	
5.01	6.33490219e-005	3.20366881e-002	4.86502715e-001	4.78301459e-001	3.09554806e-003	2.40648270e-007	5.50215469e-014	1.53013851e-021	1.47511666e-040	9.54397425e-060	
5.02	5.09197578e-005	2.68912498e-002	4.48904942e-001	5.19969228e-001	4.18322244e-003	4.38637264e-007	1.52461439e-013	7.02843467e-021	6.88185123e-040	4.52009933e-059	
5.03	4.06639413e-005	2.24549581e-002	4.11702807e-001	5.60222752e-001	5.57803551e-003	7.83765110e-007	4.10594825e-013	3.10369958e-020	3.08672261e-039	2.05822672e-058	
5.04	3.23114690e-005	1.86613842e-002	3.75468391e-001	5.98493215e-001	7.34332471e-003	1.37389309e-006	1.07577033e-012	1.31924559e-019	1.33274631e-038	9.02150078e-058	
5.05	2.55651773e-005	1.54432647e-002	3.40646624e-001	6.34330998e-001	9.55118289e-003	2.36478659e-006	2.74508170e-012	5.40469161e-019	5.54600379e-038	3.81116258e-057	
5.06	2.01514741e-005	1.27321565e-002	3.07609848e-001	6.67352946e-001	1.22808977e-002	4.00004767e-006	6.82877702e-012	2.13685304e-018	2.22730385e-037	1.55386065e-056	
5.07	1.58361779e-005	1.04650984e-002	2.76634271e-001	6.97258573e-001	1.56195685e-002	6.65362962e-006	1.65757452e-011	8.16238777e-018	8.64211137e-037	6.12090897e-056	
5.08	1.24104819e-005	8.57844516e-003	2.47904129e-001	7.23831834e-001	1.96622880e-002	1.08926317e-005	3.92955100e-011	3.01561239e-017	3.24325657e-036	2.33210367e-055	
5.09	9.70261189e-006	7.01487826e-003	2.21404888e-001	7.47040299e-001	2.45126685e-002	1.75633035e-005	9.10754185e-011	1.07895507e-016	1.17873499e-035	8.60516123e-055	
5.1	7.56918483e-006	5.72407873e-003	1.97141258e-001	7.66816155e-001	3.02830245e-002	2.79141621e-005	2.06553919e-010	3.74267628e-016	4.15345275e-035	3.07845594e-054	
5.11	5.89429876e-006	4.66247751e-003	1.75061156e-001	7.83137097e-001	3.70896195e-002	4.37553221e-005	4.58736115e-010	1.25986003e-015	1.42026473e-034	1.06867173e-053	
5.12	4.58297504e-006	3.79187558e-003	1.55079664e-001	7.96007886e-001	4.50483165e-002	6.76735368e-005	9.98251341e-010	4.11870772e-015	4.71658161e-034	3.60319451e-053	
5.13	3.55816793e-006	3.07928620e-003	1.37070074e-001	8.05460875e-001	5.42828702e-002	1.03334441e-004	2.13016867e-009	1.30901298e-014	1.52279869e-033	1.18119662e-052	
5.14	2.75905580e-006	2.49750982e-003	1.20896116e-001	8.11536970e-001	6.49108159e-002	1.55823840e-004	4.45916858e-009	4.04680161e-014	4.78237939e-033	3.76624617e-052	
5.15	2.13559347e-006	2.02317388e-003	1.06416784e-001	8.14278341e-001	7.70473715e-002	2.32184346e-004	9.16372144e-009	1.21808908e-013	1.46234447e-032	1.16922081e-051	
5.16	1.64976138e-006	1.63695574e-003	9.34894493e-002	8.13736698e-001	9.07933154e-002	3.41913843e-004	1.84942889e-008	3.57176219e-013	4.35607316e-032	3.53634775e-051	
5.17	1.27313830e-006	1.32306383e-003	8.19730078e-002	8.09970153e-001	1.06234723e-001	4.97742831e-004	3.66688588e-008	1.02087102e-012	1.26484744e-031	1.04257125e-050	
5.18	9.81333574e-007	1.06800830e-003	7.17356597e-002	8.03042184e-001	1.23436637e-001	7.16458149e-004	7.14558243e-008	2.84548195e-012	3.58161032e-031	2.99766515e-050	
5.19	7.55183628e-007	8.60703280e-004	6.26494188e-002	7.93036296e-001	1.42432753e-001	1.01993685e-003	1.36889063e-007	7.73876084e-012	9.89586052e-031	8.40912688e-050	
5.2	5.80105060e-007	6.92340677e-004	5.46006332e-002	7.80042693e-001	1.63227315e-001	1.43618035e-003	2.57904277e-007	2.05472673e-011	2.66934294e-030	2.30314318e-049	
5.21	4.45015358e-007	5.56137821e-004	4.74835646e-002	7.64182187e-001	1.85776650e-001	2.00053759e-003	4.77933420e-007	5.32767751e-011	7.03165957e-030	6.16055684e-049	
5.22	3.40877808e-007	4.46031287e-004	4.12006841e-002	7.45652066e-001	2.09943735e-001	2.75627147e-003	8.71211885e-007	1.34923389e-010	1.80918231e-029	1.60944962e-048	
5.23	2.60686381e-007	3.57129534e-004	3.56663742e-002	7.24582688e-001	2.35634481e-001	3.75750357e-003	1.56278482e-006	3.33951833e-010	4.54950456e-029	4.10976022e-048	
5.24	1.99009343e-007	2.85423683e-004	3.07988830e-002	7.01170878e-001	2.62672844e-001	5.06901168e-003	2.75950748e-006	8.08215248e-010	1.11865250e-028	1.02609843e-047	
5.25	1.51665427e-007	2.27706039e-004	2.65284203e-002	6.75629200e-001	2.90841242e-001	6.76847998e-003	4.79801168e-006	1.91336776e-009	2.69067762e-028	1.22599262e-059	
5.26	1.15364809e-007	1.81304913e-004	2.27891162e-002	6.48235169e-001	3.19841315e-001	8.94476130e-003	8.21467684e-006	4.43199898e-009	6.33233173e-028	1.52531755e-058	
5.27	8.74778509e-008	1.44050548e-004	1.95234407e-002	6.19265969e-001	3.49351022e-001	1.17015666e-002	1.38538412e-005	1.00486358e-008	1.45873411e-027	1.78965324e-057	
5.28	6.61752300e-008	1.14202974e-004	1.66801399e-002	5.88997047e-001	3.79029585e-001	1.51559174e-002	2.30191972e-005	2.23100012e-008	3.29065771e-027	1.98264294e-056	
5.29	4.99703180e-008	9.03669573e-005	1.42126435e-002	5.57751743e-001	4.08472367e-001	1.94350910e-002	3.76895351e-005	4.85176113e-008	7.27106139e-027	2.07603673e-055	
5.3	3.76468077e-008	7.13348881e-005	1.20754740e-002	5.25838965e-001	4.37273156e-001	2.46801020e-002	6.08264059e-005	1.03394558e-007	1.57443252e-026	2.05742866e-054	
5.31	2.83029411e-008	5.61853677e-005	1.02292945e-002	4.93553023e-001	4.65026399e-001	3.10380703e-002	9.67837911e-005	2.15993192e-007	3.34189244e-026	1.93200970e-053	
5.32	2.12277914e-008	4.41440599e-005	8.63932379e-003	4.61206674e-001	4.91293739e-001	3.86638125e-002	1.51842527e-004	4.42446625e-007	6.95583300e-026	1.72077721e-052	
5.33	1.58800269e-008	3.45897429e-005	7.27433033e-003	4.29077426e-001	5.15668893e-001	4.77088861e-002	2.34970676e-004	8.88982625e-007	1.42012273e-025	1.45536551e-051	
5.34	1.18497812e-008	2.70318134e-005	6.10656497e-003	3.97425122e-001	5.37764469e-001	5.83163975e-002	3.58650512e-004	1.75251095e-006	2.84470823e-025	1.16993274e-050	
5.35	8.82097141e-009	2.10702776e-005	5.11020742e-003	3.66473203e-001	5.57220685e-001	7.06312753e-002	5.40158700e-004	3.39138378e-006	5.59385057e-025	8.95025814e-050	
5.36	6.54974493e-009	1.63818669e-005	4.26301824e-003	3.36431815e-001	5.73706460e-001	8.47729420e-002	8.02931945e-004	6.44402877e-006	1.08007120e-024	6.52254037e-049	
5.37	4.85122868e-009	1.27029985e-005	3.54486064e-003	3.07472050e-001	5.86943998e-001	1.00836250e-001	1.17810676e-003	1.20261700e-005	2.04826277e-024	4.53241598e-048	
5.38	3.58231602e-009	9.82430993e-006	2.93830386e-003	2.79749324e-001	5.96693421e-001	1.18880402e-001	1.70666979e-003	2.20514286e-005	3.81657873e-024	3.00615513e-047	
5.39	2.63613069e-009	7.57657340e-006	2.42741814e-003	2.53374506e-001	6.02786069e-001	1.38923452e-001	2.44124086e-003	3.97346645e-005	6.98852639e-024	1.90472077e-046	
5.4	1.93464805e-009	5.82666510e-006	1.99858637e-003	2.28440964e-001	6.05106138e-001	1.60929582e-001	3.44852336e-003	7.03776889e-005	1.25786754e-023	1.15396072e-045	
5.41	1.41593818e-009	4.46774188e-006	1.63985298e-003	2.05006705e-001	6.03609610e-001	1.84805210e-001	4.81158675e-003	1.22566227e-004	2.22621016e-023	6.69105229e-045	
5.42	1.03335674e-009	3.41565173e-006	1.34081389e-003	1.83125727e-001	5.98312346e-001	2.10376463e-001	6.63132831e-003	2.09904586e-004	3.87449399e-023	3.71581708e-044	
5.43	7.52028491e-010	2.60340418e-006	1.09244182e-003	1.62816917e-001	5.89275737e-001	2.37429946e-001	9.02875161e-003	3.53601912e-004	6.63306218e-023	1.97812999e-043	
5.44	5.45587965e-010	1.97783600e-006	8.86724980e-004	1.44062326e-001	5.76662798e-001	2.65654380e-001	1.21458186e-002	5.85973300e-004	1.11709713e-022	1.01015735e-042	
5.45	3.94579014e-010	1.49768354e-006	7.17085465e-004	1.26834303e-001	5.60681710e-001	2.94667463e-001	1.61424133e-002	9.55526725e-004	1.85129369e-022	4.95258471e-042	
5.46	2.84304968e-010	1.12970591e-006	5.77582392e-004	1.11103825e-001	5.41557913e-001	3.24027165e-001	2.11990479e-002	1.53333727e-003	3.01921253e-022	2.33258567e-041	
5.47	2.04132703e-010	8.49007356e-007	4.63274545e-004	9.68168777e-002	5.19602082e-001	3.53188933e-001	2.75066500e-002	2.42133259e-003	4.84557252e-022	1.05602207e-040	
5.48	1.46014138e-010	6.35534644e-007	3.69950784e-004	8.39086410e-002	4.95122327e-001	3.81577146e-001	3.52585615e-002	3.76273841e-003	7.65297539e-022	4.59768780e-040	
5.49	1.04006943e-010	4.73712768e-007	2.94031187e-004	7.23080681e-002	4.68473045e-001	4.08519413e-001	4.46499949e-002	5.75497413e-003	1.18965873e-021	1.92641411e-039	
5.5	7.36849673e-011	3.51493939e-007	2.32514390e-004	6.19405927e-002	4.39994534e-001	4.33321703e-001	5.58487326e-002	8.66157119e-003	1.81981074e-021	7.77065178e-039	
5.51	5.19476796e-011	2.59493418e-007	1.82862470e-004	5.27178393e-002	4.10072471e-001	4.55215896e-001	6.89835963e-002	1.28270746e-002	2.73918908e-021	3.01873557e-038	
5.52	3.64298545e-011	1.90527969e-007	1.42962232e-004	4.45585967e-002	3.79053087e-001	4.73449396e-001	8.41114574e-002	1.86843110e-002	4.05545907e-021	1.12956605e-037	
5.53	2.53952246e-011	1.39030479e-007	1.11029449e-004	3.73812334e-002	3.47334101e-001	4.87223434e-001	1.01188421e-001	2.67616422e-002	5.90399801e-021	4.07172569e-037	
5.54	1.75855849e-011	1.00761670e-007	8.56034933e-005	3.11046968e-002	3.15282187e-001	4.95818594e-001	1.20039432e-001	3.76693854e-002	8.44699751e-021	1.41392173e-036	
5.55	1.20874367e-011	7.24703973e-008	6.54701296e-005	2.56515277e-002	2.83313728e-001	4.98559807e-001	1.40330296e-001	5.20790986e-002	1.18706917e-020	4.72864813e-036	
5.56	8.23923297e-012	5.16803116e-008	4.96249289e-005	2.09474754e-002	2.51798833e-001	4.94987748e-001	1.61546244e-001	7.06700232e-002	1.63735834e-020	1.52289608e-035	
5.57	5.56389159e-012	3.65053856e-008	3.72446710e-005	1.69231799e-002	2.21151967e-001	4.84839072e-001	1.82982939e-001	9.40655609e-002	2.21534022e-020	4.72199573e-035	
5.58	3.71902380e-012	2.55195036e-008	2.76547425e-005	1.35149970e-002	1.91778093e-001	4.68139396e-001	2.03801360e-001	1.22738473e-001	2.93836568e-020	1.40923019e-034	
5.59	2.45869700e-012	1.76405141e-008	2.02962953e-005	1.06597560e-002	1.64088224e-001	4.45292291e-001	2.23052656e-001	1.56886759e-001	3.81793924e-020	4.04733192e-034	
5.6	1.60700725e-012	1.20540064e-008	1.47183150e-005	8.30081754e-003	1.38461020e-001	4.17054212e-001	2.39780444e-001	1.96388776e-001	1.20311992e-012	2.77027581e-026	
5.61	1.03761427e-012	8.13815112e-009	1.05414647e-005	6.37925344e-003	1.15184760e-001	3.84537018e-001	2.53145277e-001	2.40743142e-001	2.85502574e-012	1.40384214e-025	
5.62	6.61721587e-013	5.42957965e-009	7.45770908e-006	4.83878260e-003	9.44844620e-002	3.49079812e-001	2.62524464e-001	2.89065016e-001	6.54135596e-012	6.75482021e-025	
5.63	4.17272307e-013	3.58110721e-009	5.21383604e-006	3.62438619e-003	7.64581469e-002	3.12173042e-001	2.67556432e-001	3.40182775e-001	1.44845347e-011	3.09056441e-024	
5.64	2.60378582e-013	2.33686412e-009	3.60488253e-006	2.68288937e-003	6.10879057e-002	2.75222874e-001	2.68249076e-001	3.92753647e-001	3.10338474e-011	1.34653537e-023	
5.65	1.60951322e-013	1.51034456e-009	2.46762328e-006	1.96470926e-003	4.82377185e-002	2.39508000e-001	2.64881193e-001	4.45405910e-001	6.44431572e-011	5.59855322e-023	
5.66	9.86951776e-014	9.68101631e-010	1.67461405e-006	1.42542884e-003	3.77037768e-002	2.06014851e-001	2.57951474e-001	4.96902794e-001	1.29926416e-010	2.22592579e-022	
5.67	6.01082343e-014	6.16198629e-010	1.12805028e-006	1.02580032e-003	2.92056716e-002	1.75394751e-001	2.48143836e-001	5.46228812e-001	2.54816795e-010	8.48214926e-022	
5.68	3.64213406e-014	3.90153383e-010	7.55593128e-007	7.33553843e-004	2.24608809e-002	1.48057824e-001	2.36168244e-001	5.92578741e-001	4.87046666e-010	3.10464702e-021	
5.69	2.19895543e-014	2.46094052e-010	5.03957623e-007	5.21981834e-004	1.71742703e-002	1.24107820e-001	2.22722517e-001	6.35472906e-001	9.09037754e-010	1.09403734e-020	
5.7	1.32450533e-014	1.54829287e-010	3.35123577e-007	3.70090152e-004	1.30733611e-002	1.03439354e-001	2.08442285e-001	6.74674573e-001	1.65977426e-009	3.71941275e-020	
5.71	7.96756807e-015	9.72652279e-011	2.22471325e-007	2.61790215e-004	9.92059101e-003	8.58300391e-002	1.93841737e-001	7.10145618e-001	2.96952747e-009	1.22246571e-019	
5.72	4.79313995e-015	6.10943749e-011	1.47590091e-007	1.84949490e-004	7.51299182e-003	7.09881808e-002	1.79342503e-001	7.41971222e-001	5.21365220e-009	3.89096839e-019	
5.73	2.88532622e-015	3.83942747e-011	9.79328724e-008	1.30610100e-004	5.68368051e-003	5.85819302e-002	1.65245892e-001	7.70357780e-001	8.99491124e-009	1.20132495e-018	
5.74	1.73784906e-015	2.41594704e-011	6.50487963e-008	9.22682199e-005	4.29814197e-003	4.82744878e-002	1.51775672e-001	7.95559350e-001	1.52682982e-008	3.60327666e-018	
5.75	1.04921610e-015	1.52381734e-011	4.32895694e-008	6.52703531e-005	3.25212133e-003	3.97546146e-002	1.39061780e-001	8.17866145e-001	2.55262840e-008	1.05148695e-017	
5.76	6.35158520e-016	9.63482995e-012	2.88701290e-008	4.62425242e-005	2.46274678e-003	3.27323859e-002	1.27174278e-001	8.37584275e-001	4.20723425e-008	2.98860635e-017	
5.77	3.85770618e-016	6.11101693e-012	1.93079589e-008	3.28351299e-005	1.86804263e-003	2.69657589e-002	1.16174268e-001	8.54959007e-001	6.84107386e-008	8.28158844e-017	
5.78	2.35196461e-016	3.88994328e-012	1.29548773e-008	2.33776699e-005	1.41956990e-003	2.22324273e-002	1.06029091e-001	8.70295412e-001	1.09840405e-007	2.24014355e-016	
5.79	1.43957039e-016	2.48534586e-012	8.72127846e-009	1.66905601e-005	1.08110097e-003	1.83512912e-002	9.67333602e-002	8.83817374e-001	1.74231004e-007	5.91952046e-016	
5.8	8.84660807e-017	1.59397319e-012	5.89245142e-009	1.19530348e-005	8.25325913e-004	1.51693177e-002	8.82410469e-002	8.95752077e-001	2.73210716e-007	1.52934860e-015	
5.81	5.46127234e-017	1.02672560e-012	3.99714780e-009	8.58964639e-006	6.31825029e-004	1.25616827e-002	8.05140107e-002	9.06283464e-001	4.23726851e-007	3.86594624e-015	
5.82	3.38628126e-017	6.64158355e-013	2.72216170e-009	6.19377368e-006	4.85035860e-004	1.04215302e-002	7.34884654e-002	9.15598122e-001	6.50257525e-007	9.56917962e-015	
5.83	2.10944883e-017	4.31530916e-013	1.86141198e-009	4.48211220e-006	3.73434318e-004	8.66280557e-003	6.71102051e-002	9.23848083e-001	9.87845974e-007	2.32088583e-014	
5.84	1.31993623e-017	2.81593825e-013	1.27788181e-009	3.25480478e-006	2.88358128e-004	7.21552604e-003	6.13252655e-002	9.31166108e-001	1.48613575e-006	5.51823748e-014	
5.85	8.30053583e-018	1.84627690e-013	8.81246221e-010	2.37285509e-006	2.23426421e-004	6.02474738e-003	5.60859321e-002	9.37661306e-001	2.21478428e-006	1.28705549e-013	
5.86	5.24427357e-018	1.21598440e-013	6.10267160e-010	1.73641567e-006	1.73660202e-004	5.04189412e-003	5.13425270e-002	9.43436911e-001	3.27075166e-006	2.94628722e-013	
5.87	3.32835981e-018	8.04473994e-014	4.24397009e-010	1.27532356e-006	1.35399885e-004	4.22891370e-003	4.70493552e-002	9.48580268e-001	4.78780193e-006	6.62311413e-013	
5.88	2.12084078e-018	5.34681736e-014	2.96400242e-010	9.40295341e-007	1.05919843e-004	3.55577003e-003	4.31589346e-002	9.53171486e-001	6.94860246e-006	1.46264690e-012	
5.89	1.35785455e-018	3.57006374e-014	2.07898935e-010	6.95872034e-007	8.31223803e-005	2.99689776e-003	3.96370069e-002	9.57272275e-001	1.00022064e-005	3.17523443e-012	
5.9	8.73566388e-019	2.39464352e-014	1.46449203e-010	5.16980002e-007	6.54502824e-005	2.53207587e-003	3.64470813e-002	9.60940594e-001	1.42819413e-005	6.77802189e-012	
5.91	5.64493974e-019	1.61316818e-014	1.03586031e-010	3.85490532e-007	5.16981613e-005	2.14456167e-003	3.35550712e-002	9.64228050e-001	2.02330608e-005	1.42332149e-011	
5.92	3.66478651e-019	1.09155495e-014	7.35796474e-011	2.88512702e-007	4.09652816e-005	1.82068770e-003	3.09313295e-002	9.67178281e-001	2.84474767e-005	2.94153438e-011	
5.93	2.39049972e-019	7.41947897e-015	5.24858059e-011	2.16755895e-007	3.25681344e-005	1.54967745e-003	2.85520487e-002	9.69825787e-001	3.97018268e-005	5.98522844e-011	
5.94	1.56650704e-019	5.06520894e-015	3.75943376e-011	1.63460180e-007	2.59783040e-005	1.32238422e-003	2.63930210e-002	9.72203445e-001	5.50076435e-005	1.19945946e-010	
5.95	1.03126446e-019	3.47350551e-015	2.70402844e-011	1.23727062e-007	2.07890333e-005	1.13123371e-003	2.44318005e-002	9.74340373e-001	7.56801553e-005	2.36828521e-010	
5.96	6.82035358e-020	2.39255254e-015	1.95300554e-011	9.39999949e-008	1.66901078e-005	9.70140773e-004	2.26496925e-002	9.76259975e-001	1.03406803e-004	4.60905186e-010	
5.97	4.53178269e-020	1.65533446e-015	1.41647266e-011	7.16884166e-008	1.34455719e-005	8.34280029e-004	2.10319667e-002	9.77979888e-001	1.40346756e-004	8.84323373e-010	
5.98	3.02486855e-020	1.15029127e-015	1.03155549e-011	5.48723131e-008	1.08659481e-005	7.19193427e-004	1.95585758e-002	9.79522084e-001	1.89223780e-004	1.67334400e-009	
5.99	2.02857498e-020	8.02998421e-016	7.54471420e-012	4.21645995e-008	8.81230559e-006	6.21726103e-004	1.82188123e-002	9.80897107e-001	2.53497267e-004	3.12377713e-009	
6	1.36681289e-020	5.63075501e-016	5.54163132e-012	3.25219947e-008	7.17007665e-006	5.38920462e-004	1.69997867e-002	9.82116628e-001	3.37456731e-004	5.75469140e-009	
6.01	9.25037417e-021	3.96540230e-016	4.08676460e-012	2.51789361e-008	5.85387959e-006	4.68394368e-004	1.58905549e-002	9.83188693e-001	4.46468321e-004	1.04646555e-008	
6.02	6.29049796e-021	2.80536927e-016	3.02677921e-012	1.95676992e-008	4.79503740e-006	4.08195347e-004	1.48793504e-002	9.84120460e-001	5.87161015e-004	1.87907959e-008	
6.03	4.29569249e-021	1.99349073e-016	2.25112690e-012	1.52655168e-008	3.94142521e-006	3.56725399e-004	1.39592090e-002	9.84912505e-001	7.67570365e-004	3.33239440e-008	
6.04	2.94596955e-021	1.42304301e-016	1.68126225e-012	1.19538290e-008	3.25023955e-006	3.12593501e-004	1.31198365e-002	9.85566737e-001	9.97512387e-004	5.83763252e-008	
6.05	2.02953974e-021	1.02025148e-016	1.26059006e-012	9.39487845e-009	2.68937728e-006	2.74671547e-004	1.23545295e-002	9.86079010e-001	1.28898948e-003	1.01056637e-007	
6.06	1.40462864e-021	7.34766648e-017	9.49201425e-013	7.41215376e-009	2.23287962e-006	2.42038741e-004	1.16566277e-002	9.86442697e-001	1.65622303e-003	1.72900918e-007	
6.07	9.76746558e-022	5.31525298e-017	7.17744568e-013	5.87021752e-009	1.86021540e-006	2.13880857e-004	1.10198082e-002	9.86647975e-001	2.11617700e-003	2.92434754e-007	
6.08	6.82146692e-022	3.86115593e-017	5.44868967e-013	4.66604229e-009	1.55505962e-006	1.89532334e-004	1.04392914e-002	9.86680084e-001	2.68904345e-003	4.89058899e-007	
6.09	4.78573066e-022	2.81717152e-017	4.15383653e-013	3.72309023e-009	1.30435540e-006	1.68440656e-004	9.90977188e-003	9.86521229e-001	3.39844181e-003	8.08879495e-007	
6.1	3.37272490e-022	2.06438476e-017	3.17946254e-013	2.98142567e-009	1.09767232e-006	1.50118014e-004	9.42643331e-003	9.86149057e-001	4.27196742e-003	1.32330246e-006	
6.11	2.38816426e-022	1.51966261e-017	2.44423699e-013	2.39721072e-009	9.27093019e-007	1.34187100e-004	8.98552663e-003	9.85536095e-001	5.34111970e-003	2.14170676e-006	
6.12	1.69839351e-022	1.12337095e-017	1.88648557e-013	1.93441919e-009	7.85620987e-007	1.20290156e-004	8.58325615e-003	9.84649155e-001	6.64308150e-003	3.42996196e-006	
6.13	1.21293678e-022	8.33793400e-018	1.46166598e-013	1.56655243e-009	6.67896441e-007	1.08122119e-004	8.21515593e-003	9.83452359e-001	8.21825845e-003	5.43551265e-006	
6.14	8.70138013e-023	6.21533279e-018	1.13706656e-013	1.27314562e-009	5.69629365e-007	9.74487294e-005	7.87844844e-003	9.81900785e-001	1.01142206e-002	8.52648654e-006	
6.15	6.26708657e-023	4.65091123e-018	8.87810416e-014	1.03825607e-009	4.87328790e-007	8.80579827e-005	7.56995874e-003	9.79946449e-001	1.23818071e-002	1.32383978e-005	
6.16	4.53222534e-023	3.49389683e-018	6.95764166e-014	8.49569896e-010	4.18202850e-007	7.97765304e-005	7.28725079e-003	9.77532727e-001	1.50794762e-002	2.03509109e-005	
6.17	3.29073725e-023	2.63476483e-018	5.47182085e-014	6.97404175e-010	3.59917519e-007	7.24449714e-005	7.02691571e-003	9.74600587e-001	1.82687183e-002	3.09734513e-005	
6.18	2.39912686e-023	1.99474703e-018	4.31749752e-014	5.74149563e-010	3.10550613e-007	6.59275771e-005	6.78586719e-003	9.71083696e-001	2.20175162e-002	4.66818364e-005	
6.19	1.75552003e-023	1.51551451e-018	3.41758547e-014	4.74050661e-010	2.68653244e-007	6.01270861e-005	6.56301978e-003	9.66910201e-001	2.63967084e-002	6.96747201e-005	
6.2	1.28865574e-023	1.15491780e-018	2.71309431e-014	3.92424417e-010	2.32944339e-007	5.49413692e-005	6.35552874e-003	9.62007618e-001	3.14786930e-002	1.02985227e-004	
6.21	9.48947718e-024	8.82785766e-019	2.15982537e-014	3.25668239e-010	2.02430754e-007	5.02921228e-005	6.16158798e-003	9.56292875e-001	3.73442574e-002	1.50784328e-004	
6.22	7.00605450e-024	6.76749058e-019	1.72410915e-014	2.70913366e-010	1.76280611e-007	4.61130888e-005	5.97970587e-003	9.49690883e-001	4.40644529e-002	2.18668223e-004	
6.23	5.18612373e-024	5.20182984e-019	1.37977649e-014	2.25854493e-010	1.53797950e-007	4.23417932e-005	5.80784770e-003	9.42119022e-001	5.17165125e-002	3.14122438e-004	
6.24	3.84872048e-024	4.00792956e-019	1.10650982e-014	1.88633821e-010	1.34390940e-007	3.89237342e-005	5.64381780e-003	9.33496243e-001	6.03738306e-002	4.47050117e-004	
6.25	2.86231951e-024	3.09421161e-019	8.89053035e-015	1.57794054e-010	1.17582157e-007	3.58124645e-005	5.48589830e-003	9.23751547e-001	7.00963709e-002	6.30253616e-004	
6.26	2.13338402e-024	2.39363875e-019	7.15626268e-015	1.32204486e-010	1.03009994e-007	3.29782153e-005	5.33403541e-003	9.12793470e-001	8.09588623e-002	8.80550745e-004	
6.27	1.59289476e-024	1.85468571e-019	5.76848325e-015	1.10876659e-010	9.03124468e-008	3.03793857e-005	5.18502161e-003	9.00571010e-001	9.29945708e-002	1.21892776e-003	
6.28	1.19094965e-024	1.43878942e-019	4.65463515e-015	9.30643457e-011	7.92216468e-008	2.79897986e-005	5.03819540e-003	8.87035508e-001	1.06226308e-001	1.67191979e-003	
6.29	8.91541388e-025	1.11743747e-019	3.75947859e-015	7.81647388e-011	6.95202237e-008	2.57883842e-005	4.89292917e-003	8.72146273e-001	1.20662612e-001	2.27232796e-003	
6.3	6.67979579e-025	8.68441952e-020	3.03791371e-015	6.56668173e-011	6.10064095e-008	2.37502490e-005	4.74707652e-003	8.55872099e-001	1.36296879e-001	3.06013444e-003	
6.31	5.00725408e-025	6.75171210e-020	2.45526511e-015	5.51652255e-011	5.35204267e-008	2.18592708e-005	4.60030352e-003	8.38197697e-001	1.53095694e-001	4.08439242e-003	
6.32	3.75572342e-025	5.25159880e-020	1.98502444e-015	4.63417526e-011	4.69408937e-008	2.01066587e-005	4.45280727e-003	8.19130702e-001	1.70992666e-001	5.40367025e-003	
6.33	2.81806526e-025	4.08569373e-020	1.60469886e-015	3.89144050e-011	4.11444129e-008	1.84767649e-005	4.30356986e-003	7.98698516e-001	1.89893798e-001	7.08559867e-003	
6.34	2.11575679e-025	3.18011844e-020	1.29702266e-015	3.26628671e-011	3.60381017e-008	1.69603086e-005	4.15232622e-003	7.76916261e-001	2.09704720e-001	9.20969694e-003	
6.35	1.58825898e-025	2.47455372e-020	1.04782615e-015	2.73952525e-011	3.15352271e-008	1.55477940e-005	3.99904785e-003	7.53867907e-001	2.30252532e-001	1.18649340e-002	
6.36	1.19163430e-025	1.92423618e-020	8.45835265e-016	2.29522543e-011	2.75578813e-008	1.42288188e-005	3.84299509e-003	7.29609167e-001	2.51381245e-001	1.51523361e-002	
6.37	8.93441339e-026	1.49508511e-020	6.82135192e-016	1.92068496e-011	2.40486905e-008	1.29992623e-005	3.68472697e-003	7.04221983e-001	2.72894549e-001	1.91857174e-002	
6.38	6.69379860e-026	1.16066307e-020	5.49553311e-016	1.60507699e-011	2.09523239e-008	1.18531198e-005	3.52442146e-003	6.77830508e-001	2.94551579e-001	2.40816171e-002	
