4	3.73235072e-004	9.99626765e-001	7.66584942e-019	2.03554154e-037	3.18850491e-056	2.99953425e-075	1.98250777e-094	8.09847945e-114	2.16074692e-133	4.31381524e-153	6.69431292e-173	7.40193821e-193	5.99347224e-213	3.77660506e-233	1.84404544e-253	7.01424664e-274	2.18512356e-294	1.00000000e-300	1.00000000e-300	1.00000000e-300	
4.01	3.23578814e-004	9.99676421e-001	7.78624832e-019	2.10433456e-037	3.36365238e-056	3.22497831e-075	2.17214138e-094	9.03928997e-114	2.45452792e-133	4.97774878e-153	7.87145194e-173	8.87044100e-193	7.31703456e-213	4.68680154e-233	2.33116217e-253	9.02711496e-274	2.87067193e-294	1.00000000e-300	1.00000000e-300	1.00000000e-300	
4.02	2.81277223e-004	9.99718723e-001	7.90854143e-019	2.17542538e-037	3.54841271e-056	3.46761723e-075	2.37997065e-094	1.00893240e-113	2.78818439e-133	5.74397806e-153	9.25567292e-173	1.06303957e-192	8.93310563e-213	5.81620264e-233	2.94700174e-253	1.16179206e-273	3.77131747e-294	1.00000000e-300	1.00000000e-300	1.00000000e-300	
4.03	2.45140229e-004	9.99754860e-001	8.03274032e-019	2.24887044e-037	3.74318886e-056	3.72827576e-075	2.60755054e-094	1.12607987e-113	3.16706004e-133	6.62786715e-153	1.08828399e-172	1.27390463e-192	1.09048505e-212	7.21697583e-233	3.72489075e-253	1.49497943e-273	4.95370765e-294	1.00000000e-300	1.00000000e-300	1.00000000e-300	
4.04	2.14175413e-004	9.99785825e-001	8.15885282e-019	2.32485690e-037	3.94880154e-056	4.00873208e-075	2.85705372e-094	1.25695280e-113	3.59776971e-133	7.64864516e-153	1.27976528e-172	1.52676538e-192	1.33144273e-212	8.95689696e-233	4.70919924e-253	1.92416411e-273	6.50824999e-294	1.00000000e-300	1.00000000e-300	1.00000000e-300	
4.05	1.87589599e-004	9.99812410e-001	8.28688280e-019	2.40338828e-037	4.16560643e-056	4.31012492e-075	3.13031078e-094	1.40290897e-113	4.08665842e-133	8.82590420e-153	1.50479169e-172	1.82966744e-192	1.62535972e-212	1.11143307e-232	5.95272384e-253	2.47617464e-273	8.54944116e-294	1.00000000e-300	1.00000000e-300	1.00000000e-300	
4.06	1.64698350e-004	9.99835302e-001	8.41753916e-019	2.48473571e-037	4.39465106e-056	4.63453457e-075	3.42993973e-094	1.56596801e-113	4.64238115e-133	1.01853510e-152	1.76958043e-172	2.19289733e-192	1.98452247e-212	1.37948177e-232	7.52622494e-253	3.18732264e-273	1.12336469e-293	1.00000000e-300	1.00000000e-300	1.00000000e-300	
4.07	1.44943748e-004	9.99855056e-001	8.54942331e-019	2.56855139e-037	4.63578861e-056	4.98279011e-075	3.75776026e-094	1.74771418e-113	5.27309372e-133	1.17529838e-152	2.08072653e-172	2.62790994e-192	2.42270668e-212	1.71179728e-232	9.51368463e-253	4.10161010e-273	1.47566472e-293	1.00000000e-300	1.00000000e-300	1.00000000e-300	
4.08	1.27848194e-004	9.99872152e-001	8.68321452e-019	2.65517369e-037	4.89009280e-056	5.35718584e-075	4.11711177e-094	1.95068311e-113	5.98956985e-133	1.35624162e-152	2.44672046e-172	3.14941878e-192	2.95775618e-212	2.12436700e-232	1.20272151e-252	5.27903046e-273	1.93868177e-293	1.00000000e-300	1.00000000e-300	1.00000000e-300	
4.09	1.13021248e-004	9.99886979e-001	8.81967874e-019	2.74491262e-037	5.15873747e-056	5.76009097e-075	4.51099614e-094	2.17733185e-113	6.80394942e-133	1.56516975e-152	2.87725606e-172	3.77463865e-192	3.61140323e-212	2.63663811e-232	1.52055255e-252	6.79455090e-273	2.54716060e-293	1.00000000e-300	1.00000000e-300	1.00000000e-300	
4.1	1.00142636e-004	9.99899857e-001	8.95807075e-019	2.83761625e-037	5.44198887e-056	6.19315686e-075	4.94226866e-094	2.43006621e-113	7.72823500e-133	1.80616878e-152	3.38341567e-172	4.52382729e-192	4.40918839e-212	3.27212496e-232	1.92229172e-252	8.74484450e-273	3.34641225e-293	1.00000000e-300	1.00000000e-300	1.00000000e-300	
4.11	8.89182403e-005	9.99911076e-001	6.06233620e-009	1.95452049e-027	3.82504304e-046	4.43673580e-065	3.60798227e-084	1.80724418e-103	5.84906523e-123	1.38879885e-142	2.65098658e-162	3.61248580e-182	3.58666183e-202	2.70568937e-222	1.61920369e-242	7.49909084e-263	2.92921794e-283	1.00000000e-300	1.00000000e-300	1.00000000e-300	
4.12	7.91183902e-005	9.99920870e-001	1.19103329e-008	3.90835889e-027	7.80516613e-046	9.22727352e-065	7.64670053e-084	3.90177596e-103	1.28512762e-122	3.10012934e-142	6.03008956e-162	8.37477544e-182	8.47092038e-202	6.49560646e-222	3.95976985e-242	1.86702336e-262	7.44427178e-283	1.00000000e-300	1.00000000e-300	1.00000000e-300	
4.13	7.05471484e-005	9.99929430e-001	2.30557276e-008	7.70012944e-027	1.56918128e-045	1.89076209e-064	1.59665774e-083	8.29949963e-103	2.78198627e-122	6.81825956e-142	1.35143494e-161	1.91291323e-181	1.97107980e-201	1.53630538e-221	9.54049168e-242	4.57950928e-262	1.86386214e-282	1.00000000e-300	1.00000000e-300	1.00000000e-300	
4.14	6.30310205e-005	9.99936925e-001	4.39890262e-008	1.49530988e-026	3.10952812e-045	3.81879244e-064	3.28611345e-083	1.73997324e-102	5.93523412e-122	1.47789694e-141	2.98498706e-161	4.30622213e-181	4.52020882e-201	3.58149815e-221	2.26562383e-241	1.10712658e-261	4.59961188e-282	1.00000000e-300	1.00000000e-300	1.00000000e-300	
4.15	5.64238620e-005	9.99943493e-001	8.27570161e-008	2.86326734e-026	6.07602781e-045	7.60530192e-064	6.66897748e-083	3.59707523e-102	1.24863761e-121	3.15894860e-141	6.50149954e-161	9.55906069e-181	1.02218451e-200	8.23213750e-221	5.30455409e-241	2.63895035e-261	1.11910027e-281	1.00000000e-300	1.00000000e-300	1.00000000e-300	
4.16	5.06093942e-005	9.99949237e-001	1.53552394e-007	5.40715521e-026	1.17088679e-044	1.49374479e-063	1.33477329e-082	7.33351625e-102	2.59043315e-121	6.65869766e-141	1.39648036e-160	2.09260701e-180	2.27957800e-200	1.86621203e-220	1.22503087e-240	6.20457290e-261	2.68572976e-281	1.00000000e-300	1.00000000e-300	1.00000000e-300	
4.17	4.54793101e-005	9.99954240e-001	2.81107903e-007	1.00751910e-025	2.22631554e-044	2.89477757e-063	2.63592931e-082	1.47522348e-101	5.30255376e-121	1.38487653e-140	2.95958056e-160	4.51996176e-180	5.01593768e-200	4.17403485e-220	2.79106309e-240	1.43913741e-260	6.35857999e-281	1.00000000e-300	1.00000000e-300	1.00000000e-300	
4.18	4.09446984e-005	9.99958547e-001	5.07897578e-007	1.85269416e-025	4.17762732e-044	5.53628768e-063	5.13713248e-082	2.92847593e-101	1.07101486e-120	2.84209442e-140	6.18923001e-160	9.63379252e-180	1.08909329e-199	9.21242844e-220	6.27506876e-240	3.29399935e-260	1.48559029e-280	1.00000000e-300	1.00000000e-300	1.00000000e-300	
4.19	3.69278743e-005	9.99962166e-001	9.05915603e-007	3.36346478e-025	7.73921946e-044	1.04531781e-062	9.88386733e-082	5.73876057e-101	2.13543223e-120	5.75774436e-140	1.27768160e-159	2.02690780e-179	2.33428667e-199	2.00712525e-219	1.39267642e-239	7.44269140e-260	3.42602256e-280	1.89513362e-300	1.00000000e-300	1.00000000e-300	
4.2	3.33642131e-005	9.99965040e-001	1.59570337e-006	6.02994131e-025	1.41584477e-043	1.94904502e-062	1.87787361e-081	1.11037938e-100	4.20343497e-120	1.15159447e-139	2.60400341e-159	4.21019145e-179	4.93939422e-199	4.31727490e-219	3.05150898e-239	1.66023339e-259	7.80038242e-280	4.37928499e-300	1.00000000e-300	1.00000000e-300	
4.21	3.01973831e-005	9.99967026e-001	2.77615669e-006	1.06775257e-024	2.55834908e-043	3.58930522e-062	3.52376323e-081	2.12185417e-100	8.17103425e-120	2.27459685e-139	5.24112732e-159	8.63646857e-179	1.03219378e-198	9.17016506e-219	6.60246603e-239	3.65686293e-259	1.75355468e-279	9.99176457e-300	1.00000000e-300	1.00000000e-300	
4.22	2.73769717e-005	9.99967851e-001	4.77247078e-006	1.86818710e-024	4.56769463e-043	6.53115609e-062	6.53383496e-081	4.00603002e-100	1.56902319e-119	4.43803585e-139	1.04203706e-158	1.75002865e-178	2.13069941e-198	1.92422958e-218	1.41134632e-238	7.95842068e-259	3.89488606e-279	2.25242081e-299	1.00000000e-300	1.00000000e-300	
4.23	2.48601385e-005	9.99967031e-001	8.10866765e-006	3.23067359e-024	8.06036175e-043	1.17455180e-061	1.19730051e-080	7.47378598e-100	2.97665524e-119	8.55532791e-139	2.04692504e-158	3.50362878e-178	4.34558609e-198	3.98933819e-218	2.98067707e-238	1.71106605e-258	8.54635660e-279	5.01635065e-299	1.00000000e-300	1.00000000e-300	
4.24	2.26114256e-005	9.99963769e-001	1.36196700e-005	5.52298055e-024	1.40608991e-042	2.08804560e-061	2.16876711e-080	1.37795737e-099	5.57967839e-119	1.62953138e-138	3.97291637e-158	6.93063353e-178	8.75699173e-198	8.17112226e-218	6.21898338e-238	3.63449441e-258	1.85253805e-278	1.10362091e-298	1.00000000e-300	1.00000000e-300	
4.25	2.05994600e-005	9.99956779e-001	2.26211942e-005	6.24839416e-015	1.62325466e-033	2.45638766e-052	2.59948956e-071	1.68066824e-090	6.91689949e-110	2.05273608e-129	5.09983871e-149	9.06718590e-169	1.16709820e-188	1.10698871e-208	8.58263848e-229	5.10628182e-249	2.65606336e-269	1.60603662e-289	1.00000000e-300	1.00000000e-300	
4.26	1.87943278e-005	9.99944043e-001	3.71625745e-005	2.08722378e-014	5.53302701e-033	8.53151234e-052	9.19829688e-071	6.04952113e-090	2.52969856e-109	7.62876526e-129	1.93128408e-148	3.49952721e-168	4.58876154e-188	4.42418197e-208	3.49406253e-228	2.11633103e-248	1.12325833e-268	6.89369298e-289	1.00000000e-300	1.00000000e-300	
4.27	1.71746153e-005	9.99922426e-001	6.03997765e-005	6.79197282e-014	1.83715792e-032	2.88611722e-051	3.16995499e-070	2.11994582e-089	9.00342234e-109	2.75899315e-128	7.11741087e-148	1.31443652e-167	1.75581272e-187	1.72087888e-207	1.38445606e-227	8.53654001e-248	4.62284198e-268	2.87973711e-288	1.00000000e-300	1.00000000e-300	
4.28	1.57160573e-005	9.99887138e-001	9.71456744e-005	2.15418979e-013	5.94554481e-032	9.51485078e-051	1.06451531e-069	7.23520230e-089	3.11929394e-108	9.71349280e-128	2.55342730e-147	4.80608952e-167	6.54005405e-187	6.51529593e-207	5.33953116e-227	3.35166102e-247	1.85174642e-267	1.17087981e-287	1.00000000e-300	1.00000000e-300	
4.29	1.44104033e-005	9.99830941e-001	1.54648767e-004	6.66354751e-013	1.87652704e-031	3.05862407e-050	3.48517459e-069	2.40589161e-088	1.05226190e-107	3.32983735e-127	8.91952574e-147	1.71104869e-166	2.37194324e-186	2.40199216e-206	2.00533659e-226	1.28144711e-246	7.22186154e-267	4.63504367e-287	1.00000000e-300	1.00000000e-300	
4.3	1.32320646e-005	9.99743023e-001	2.43744659e-004	2.01137411e-012	5.77898035e-031	9.59119106e-050	1.11284792e-068	7.79578226e-088	3.45664978e-107	1.11157018e-126	3.03409264e-146	5.93198686e-166	8.37709266e-186	8.62319876e-206	7.33327558e-226	4.77054097e-246	2.74232063e-266	1.78652810e-286	1.00000000e-300	1.00000000e-300	
4.31	1.21664851e-005	9.99607412e-001	3.80421567e-004	5.92779105e-012	1.73759081e-030	2.93551631e-049	3.46737731e-068	2.46280085e-087	1.10608140e-106	3.61464510e-126	1.00538066e-145	2.00330902e-165	2.88200287e-185	3.01559367e-205	2.61226063e-225	1.72985937e-245	1.01410445e-265	6.70570950e-286	1.00000000e-300	1.00000000e-300	
4.32	1.12010523e-005	9.99400765e-001	5.88034059e-004	1.70639418e-011	5.10254823e-030	8.77118340e-049	1.05436817e-067	7.58374577e-087	3.44637390e-106	1.14455644e-125	3.24402370e-145	6.58805406e-165	9.65508992e-185	1.02692965e-204	9.06221016e-225	6.10908060e-245	3.65179066e-265	2.45119523e-285	1.00000000e-300	1.00000000e-300	
4.33	1.03244265e-005	9.99089245e-001	9.00430670e-004	4.80078521e-011	1.46427902e-029	2.55974936e-048	3.13015806e-067	2.27680976e-086	1.04575132e-105	3.52948569e-125	1.01937549e-144	2.10985302e-164	3.14992763e-184	3.40554806e-204	3.06144198e-224	2.10076304e-244	1.28025050e-264	8.72283504e-285	1.00000000e-300	1.00000000e-300	
4.34	9.52726954e-006	9.98624372e-001	1.36610099e-003	1.32072062e-010	4.10837908e-029	7.29859492e-048	9.07424274e-067	6.66390743e-086	3.08928998e-105	1.05960898e-124	3.11842309e-144	6.57825775e-164	1.00049548e-183	1.09953016e-203	1.00689575e-223	7.03335952e-244	4.36908903e-264	3.02170899e-284	1.00000000e-300	1.00000000e-300	
4.35	8.80107424e-006	9.97937676e-001	2.05352272e-003	3.55352493e-010	1.12713703e-028	2.03318548e-047	2.56841813e-066	1.90056100e-085	8.87863682e-105	3.09489571e-124	9.28143864e-144	1.99545044e-163	3.09166051e-183	3.45375185e-203	3.22178344e-223	2.29063878e-243	1.44995492e-263	1.01794083e-283	1.00000000e-300	1.00000000e-300	
4.36	8.13817894e-006	9.96932649e-001	3.05921148e-003	9.35622758e-010	3.02535976e-028	5.53517346e-047	7.09856040e-066	5.28048828e-085	2.48154908e-104	8.79109069e-124	2.68651734e-143	5.88657991e-163	9.29112791e-183	1.05504269e-202	1.00251110e-222	7.25458502e-243	4.67856637e-263	3.33421207e-283	1.00000000e-300	1.00000000e-300	
4.37	7.53087851e-006	9.95475852e-001	4.51661506e-003	2.41119280e-009	7.94566928e-028	1.47248370e-046	1.91507719e-065	1.42852244e-084	6.73958503e-104	2.42649326e-123	7.55610893e-143	1.68742244e-162	2.71320315e-182	3.13176332e-202	3.03142321e-222	2.23259921e-242	1.46640342e-262	1.06084310e-282	1.00000000e-300	1.00000000e-300	
4.38	6.97284325e-006	9.93384389e-001	6.60863193e-003	6.08465376e-009	2.04265266e-027	3.82798798e-046	5.04253231e-065	3.76027764e-084	1.77706883e-103	6.50250220e-123	2.06336936e-142	4.69630681e-162	7.69243224e-182	9.02560425e-202	8.89923511e-222	6.67059074e-242	4.46103841e-262	3.27632081e-282	1.00000000e-300	1.00000000e-300	
4.39	6.45730228e-006	9.90411202e-001	9.58232580e-003	1.50341298e-008	5.13881931e-027	9.71899101e-046	1.29467437e-064	9.61939496e-084	4.54237851e-103	1.68924452e-122	5.46221470e-142	1.26707061e-161	2.11428626e-181	2.52163044e-201	2.53280009e-221	1.93196040e-241	1.31506392e-261	9.80439810e-282	1.00000000e-300	1.00000000e-300	
4.4	5.98028443e-006	9.86227912e-001	1.37660715e-002	3.63774915e-008	1.26526004e-026	2.40914725e-045	3.23927669e-064	2.38919950e-083	1.12427627e-102	4.24944730e-122	1.40014738e-141	3.31019760e-161	5.62690827e-181	6.82173519e-201	6.97982830e-221	5.41743891e-241	3.75168900e-261	2.83939226e-281	1.00000000e-300	1.00000000e-300	
4.41	5.53473690e-006	9.80406140e-001	1.95882391e-002	8.61816350e-008	3.04776444e-026	5.82568322e-045	7.88853517e-064	5.75217673e-083	2.68956690e-102	1.03317721e-121	3.46890010e-141	8.35839261e-161	1.44739084e-180	1.78366525e-200	1.85906909e-220	1.46811110e-240	1.03402670e-260	7.94488433e-281	1.00000000e-300	1.00000000e-300	
4.42	5.11693830e-006	9.72399373e-001	2.75953106e-002	1.99875004e-007	7.18019198e-026	1.37314821e-044	1.86756822e-063	1.34039203e-082	6.20781786e-102	2.42379270e-121	8.29270801e-141	2.03646964e-160	3.59248088e-180	4.50016395e-200	4.77795421e-220	3.83833082e-240	2.74814264e-260	2.14346981e-280	1.32443760e-300	1.00000000e-300	
4.43	4.72234241e-006	9.61529897e-001	3.84649271e-002	4.53531346e-007	1.65305200e-025	3.15053078e-044	4.29040579e-063	3.01652661e-082	1.37917274e-101	5.47312487e-121	1.90814241e-140	4.77572871e-160	8.58233964e-180	1.09280444e-199	1.18192130e-219	9.65858709e-240	7.02647104e-260	5.56375884e-280	3.48846877e-300	1.00000000e-300	
4.44	4.34547807e-006	9.46992280e-001	5.30023681e-002	1.00620974e-006	3.71596772e-025	7.02650604e-044	9.54675350e-063	6.54380252e-082	2.94354843e-101	1.18724980e-120	4.21773350e-140	1.07587009e-159	1.96962834e-179	2.54935068e-199	2.80870665e-219	2.33416991e-239	1.72441630e-259	1.38629818e-279	8.81981282e-300	1.00000000e-300	
4.45	3.98258827e-006	9.27869597e-001	7.21242396e-002	2.18039438e-006	7.14355872e-014	1.33345007e-032	1.80020800e-051	1.19686723e-070	5.27812326e-090	2.16378603e-109	7.83299316e-129	2.03639495e-148	3.79782720e-168	4.99668083e-188	5.60775825e-208	4.73908413e-228	3.55333593e-248	2.89997219e-268	1.87215765e-288	1.00000000e-300	
4.46	3.62973585e-006	9.03194765e-001	9.67969964e-002	4.60923468e-006	2.72459455e-013	4.99275174e-032	6.66704734e-051	4.27758715e-070	1.84275499e-089	7.67878568e-109	2.83255955e-128	7.50525834e-148	1.42590640e-167	1.90698033e-187	2.18015357e-207	1.87298417e-227	1.42453922e-247	1.18032912e-267	7.73225761e-288	1.00000000e-300	
4.47	3.28530054e-006	8.72059869e-001	1.27927355e-001	9.49079595e-006	9.96796667e-013	1.78241304e-031	2.34238315e-050	1.44306503e-069	6.05084082e-089	2.56282966e-108	9.63361147e-128	2.60149914e-147	5.03502969e-167	6.84479295e-187	7.97138941e-207	6.96069631e-227	5.36676662e-247	4.51444029e-267	3.00102393e-287	1.00000000e-300	
4.48	2.94759540e-006	8.33768364e-001	1.66209685e-001	1.90040927e-005	3.49170578e-012	6.05347650e-031	7.78632259e-050	4.58288558e-069	1.86371923e-088	8.02358888e-108	3.07334772e-127	8.45859998e-147	1.66773792e-166	2.30458769e-186	2.73398781e-206	2.42589868e-226	1.89478925e-246	1.61823320e-266	1.09155696e-286	1.00000000e-300	
4.49	2.61722692e-006	7.88020001e-001	2.11940444e-001	3.69379713e-005	1.16894082e-011	1.95174784e-030	2.44289110e-049	1.36726428e-068	5.37404404e-088	2.35167339e-107	9.17905306e-127	2.57469722e-146	5.17142471e-166	7.26405314e-186	8.77841803e-206	7.91204870e-226	6.25656231e-246	5.42492180e-266	3.71341077e-286	1.00000000e-300	
4.5	2.29662565e-006	7.35099728e-001	2.64828400e-001	6.95752618e-005	3.73304818e-011	5.96181196e-030	7.21707841e-049	3.82402289e-068	1.44789023e-087	6.44021988e-107	2.56153841e-126	7.32286568e-146	1.49834585e-165	2.13936327e-185	2.63361351e-205	2.41040959e-225	1.92817342e-245	1.69748518e-265	1.17905479e-285	1.00000000e-300	
4.51	1.98918265e-006	6.76027817e-001	3.23843386e-001	1.26807533e-004	1.13537424e-010	1.72256075e-029	2.00423609e-048	1.00126697e-067	3.64070601e-087	1.64611204e-106	6.67171420e-126	1.94385939e-145	4.05181739e-165	5.88072190e-185	7.37440830e-205	6.85162900e-225	5.54069950e-245	4.95235923e-265	3.49077270e-285	1.00000000e-300	
4.52	1.69989583e-006	6.12502657e-001	3.87272198e-001	2.23445131e-004	3.28550012e-010	4.70385288e-029	5.22754871e-048	2.45321165e-067	8.54122851e-087	3.92555773e-106	1.62126037e-125	4.81429020e-145	1.02227252e-164	1.50817698e-184	1.92654563e-204	1.81629643e-224	1.48365989e-244	1.34645602e-264	9.63061310e-285	1.00000000e-300	
4.53	1.43351971e-006	5.46750168e-001	4.52867856e-001	3.80541361e-004	9.04197810e-010	1.21385127e-028	1.28056891e-047	5.62714289e-067	1.87103671e-086	8.74111986e-106	3.67861285e-125	1.11331422e-144	2.40825937e-164	3.61150423e-184	4.69941995e-204	4.49361250e-224	3.70484994e-244	3.41366437e-264	2.47779950e-284	1.00000000e-300	
4.54	1.19395792e-006	4.81218058e-001	5.18154243e-001	6.26502780e-004	2.36674806e-009	2.96158176e-028	2.94831435e-047	1.20981303e-066	3.83252456e-086	1.82007150e-105	7.80510099e-125	2.40742142e-144	5.30514427e-164	8.08698690e-184	1.07194758e-203	1.03911165e-223	8.63982412e-244	8.08291152e-264	5.95382404e-284	1.00000000e-300	
4.55	9.84010883e-007	4.18219133e-001	5.80781658e-001	9.98218475e-004	5.89940973e-009	2.25383090e-018	2.10559688e-037	8.04922542e-057	2.42439246e-076	1.17041251e-095	5.11454512e-115	1.60779137e-134	3.60928337e-154	5.59266668e-174	7.55143284e-194	7.41645339e-214	6.21403719e-234	5.90239095e-254	4.41201297e-274	2.67248953e-294	
4.56	8.04215272e-007	3.59604487e-001	6.38853217e-001	1.54147769e-003	1.40234169e-008	9.25422118e-018	8.07171494e-037	2.86943297e-056	8.20259839e-076	4.02542003e-095	1.79250124e-114	5.74280344e-134	1.31330119e-153	2.06854918e-173	2.84512644e-193	2.82956384e-213	2.38721323e-233	2.30225984e-253	1.74651786e-273	1.07306332e-293	
4.57	6.53662182e-007	3.06645383e-001	6.91042781e-001	2.31115059e-003	3.18498562e-008	3.56532917e-017	2.88994826e-036	9.54061689e-056	2.58462246e-075	1.28941006e-094	5.85084880e-114	1.91035648e-133	4.45055559e-153	7.12556331e-173	9.98327610e-193	1.00485919e-212	8.52948981e-233	8.35241854e-253	6.42988340e-273	4.00715655e-293	
4.58	5.29967480e-007	2.59949618e-001	7.36678673e-001	3.37110979e-003	6.92805969e-008	1.29330022e-016	9.70290513e-036	2.97170228e-055	7.62053104e-075	3.86475862e-094	1.78700634e-113	5.94657862e-133	1.41128219e-152	2.29678447e-172	3.27788961e-192	3.33681781e-212	2.84735712e-232	2.83121918e-252	2.21188998e-272	1.39816054e-292	
4.59	4.29917002e-007	2.19602046e-001	7.75604257e-001	4.79312302e-003	1.44666056e-007	4.43115676e-016	3.06654447e-035	8.70781597e-055	2.11180481e-074	1.08878367e-093	5.12996454e-113	1.73973770e-132	4.20612566e-152	6.95813936e-172	1.01153389e-191	1.04070485e-211	8.92007244e-232	9.00608051e-252	7.14031595e-272	4.57829953e-292	
4.6	3.49974286e-007	1.85284065e-001	8.08058120e-001	6.65717377e-003	2.90700246e-007	1.43917877e-015	2.91216344e-026	7.66540348e-046	1.75699172e-065	9.20903466e-085	4.42146853e-104	1.52812212e-123	3.76356948e-143	6.32873054e-163	9.37145434e-183	9.73728410e-203	8.37687896e-223	8.58797129e-243	6.91017967e-263	4.49442580e-283	
4.61	2.86712704e-007	1.56448933e-001	8.34504804e-001	9.04541297e-003	5.63379773e-007	4.44421401e-015	1.61508164e-025	3.94085753e-045	8.53405850e-065	4.54713262e-084	2.22462457e-103	7.83566824e-123	1.96594531e-142	3.36036051e-162	5.06841706e-182	5.31442164e-202	4.58535085e-222	4.77337406e-242	3.89790467e-262	2.57151647e-282	
4.62	2.36992087e-007	1.32418170e-001	8.55534434e-001	1.20461031e-002	1.05551286e-006	1.30897742e-014	8.40203998e-025	1.90112908e-044	3.88914159e-064	2.10667980e-083	1.05024169e-102	3.76984705e-122	9.63539181e-142	1.67411898e-161	2.57196691e-181	2.71926976e-201	2.35149581e-221	2.48567241e-241	2.05989261e-261	1.37840779e-281	
4.63	1.98123283e-007	1.12502793e-001	8.71749393e-001	1.57456991e-002	1.91596783e-006	3.68876752e-014	4.11664720e-024	8.64278977e-044	1.67029796e-063	9.19818251e-083	4.67268606e-102	1.70928999e-121	4.45046475e-141	7.85995681e-161	1.22990546e-180	1.31008251e-200	1.13456526e-220	1.21782817e-240	1.02424573e-260	6.95252329e-281	
4.64	1.67834396e-007	9.60426931e-002	8.83722688e-001	2.02310746e-002	3.37670310e-006	9.97346795e-014	1.90635052e-023	3.71659002e-043	6.78742447e-063	3.80013687e-082	1.96714819e-101	7.33299109e-121	1.94498729e-140	3.49164744e-160	5.56464444e-180	5.96661531e-200	5.17127345e-220	5.63651108e-240	4.81095176e-260	3.31264323e-280	
4.65	1.44335329e-007	8.24493610e-002	8.91962977e-001	2.55817279e-002	5.78937032e-006	2.59393795e-013	8.37189140e-023	1.51716921e-042	2.61942197e-062	1.49101888e-081	7.86485326e-101	2.98759858e-120	8.07240903e-140	1.47301358e-159	2.39082888e-179	2.57818563e-199	2.23509807e-219	2.47384927e-239	2.14297407e-259	1.49669931e-279	
4.66	1.26136975e-007	7.12071173e-002	8.96908633e-001	3.18744498e-002	9.67416875e-006	6.50592875e-013	3.49790034e-022	5.89894994e-042	9.63424184e-062	5.57537144e-081	2.99686704e-100	1.16000272e-119	3.19287309e-139	5.92204970e-159	9.78851190e-179	1.06063690e-198	9.19096101e-219	1.03301724e-238	9.08226871e-259	6.43448013e-279	
4.67	1.12085000e-007	6.18835892e-002	8.98922338e-001	3.91781742e-002	1.57869496e-005	1.57747523e-012	1.39482591e-021	2.19177848e-041	3.38859708e-061	1.99364422e-080	1.09198895e-099	4.30696911e-119	1.20761786e-138	2.27667715e-158	3.83195118e-178	4.16824520e-198	3.60824550e-218	4.11829652e-238	3.67475375e-258	2.64104768e-278	
4.68	1.01340998e-007	5.41239202e-002	8.98299707e-001	4.75510726e-002	2.51984055e-005	3.70544941e-012	5.32244902e-021	7.80371975e-041	1.14310068e-060	6.83795349e-080	3.81646117e-099	1.53370084e-118	4.38050052e-138	8.39417557e-158	1.43856585e-177	1.56945870e-197	1.35660705e-217	1.57238552e-237	1.42400427e-257	1.03813099e-277	
4.69	9.32252778e-008	4.76290691e-002	8.95282435e-001	5.70489968e-002	3.94057680e-005	8.44978160e-012	1.94867777e-020	2.66986048e-040	3.70886072e-060	2.25558640e-079	1.28282227e-098	5.25251719e-118	1.52818283e-137	2.97641904e-157	5.19308913e-177	5.67712042e-197	4.89744688e-217	5.76448272e-237	5.29823780e-257	3.91823532e-277	
4.7	8.71832138e-008	4.21574904e-002	8.90067685e-001	6.77142716e-002	6.04660386e-005	1.87424247e-011	6.86212422e-020	8.79906166e-040	1.16039743e-059	7.17534896e-079	4.15841725e-098	1.73462531e-117	5.14069676e-137	1.01763733e-156	1.80736584e-176	1.97800864e-196	1.70224496e-216	2.03469354e-236	1.89803501e-256	1.42388223e-276	
4.71	8.28175802e-008	3.75201771e-002	8.82807845e-001	7.95807358e-002	9.11593357e-005	4.05015952e-011	2.32884173e-019	9.02900293e-030	1.13166672e-049	7.11471596e-069	4.20168662e-088	1.78552041e-107	5.39008757e-127	1.08445920e-146	1.96026753e-166	2.14579277e-186	1.84156606e-206	2.23542571e-226	2.11647956e-246	1.61059247e-266	
4.72	7.97967309e-008	3.35604073e-002	8.73631541e-001	9.26727710e-002	1.35201252e-004	8.54190010e-011	7.63415586e-019	5.14524046e-029	6.13631702e-049	3.92247317e-068	2.36037620e-087	1.02171942e-106	3.14152882e-126	6.42360614e-146	1.18150495e-165	1.29243462e-185	1.10577911e-205	1.36313992e-225	1.30995572e-245	1.01123647e-265	
4.73	7.78457340e-008	3.01489226e-002	8.62649800e-001	1.07003720e-001	1.97479005e-004	1.76036009e-010	2.42116313e-018	2.80243753e-028	3.18415390e-048	2.06951378e-067	1.26901752e-086	5.59506866e-106	1.75223722e-125	3.64108806e-145	6.81303082e-165	7.44113721e-185	6.34476229e-205	7.94316548e-225	7.74716227e-245	6.06668933e-265	
4.74	7.67716917e-008	2.71891958e-002	8.49949975e-001	1.22576399e-001	2.84352426e-004	3.54995429e-010	7.44182477e-018	1.46209268e-027	1.58468383e-047	1.04724017e-066	6.54361516e-086	2.93817752e-105	9.37187816e-125	1.97898477e-144	3.76597988e-164	4.10335797e-184	3.48628545e-204	4.43254520e-224	4.38778974e-244	3.48569252e-264	
4.75	7.63896601e-008	2.46004456e-002	8.35616904e-001	1.39378542e-001	4.04031460e-004	7.01346358e-010	2.22011058e-017	7.31871658e-027	7.57678176e-047	5.09123892e-066	3.24158851e-085	1.48220783e-104	4.81486430e-124	1.03307750e-143	1.99871824e-163	2.17082093e-183	1.83734315e-203	2.37244902e-223	2.38377194e-243	1.92100245e-263	
4.76	7.65708090e-008	2.23205390e-002	8.19730564e-001	1.57381935e-001	5.66884878e-004	1.35880458e-009	6.43716894e-017	3.52154386e-026	3.48702234e-046	2.38249681e-065	1.54577098e-084	7.19666177e-104	2.38063572e-123	5.18973604e-143	1.02041645e-162	1.10390477e-182	9.30701265e-203	1.22049578e-222	1.24469261e-242	1.01748762e-262	
4.77	7.71728313e-008	2.02940221e-002	8.02359378e-001	1.76560495e-001	7.86025526e-004	2.58406252e-009	1.81613062e-016	1.63086442e-025	1.54657603e-045	1.07445882e-064	7.10339034e-084	3.36669526e-103	1.13402562e-122	2.51140654e-142	5.01609151e-162	5.40119684e-182	4.53539075e-202	6.04042239e-222	6.25257217e-242	5.18541397e-262	
4.78	7.80843368e-008	1.84906210e-002	7.83590645e-001	1.96840998e-001	1.07765373e-003	4.82743062e-009	4.99130651e-016	7.27965566e-025	6.62087827e-045	4.67708270e-064	3.15061145e-083	1.51990518e-102	5.21265238e-122	1.17259468e-141	2.37781295e-161	2.54671081e-181	2.12971300e-201	2.88075451e-221	3.02670209e-241	2.54622873e-261	
4.79	7.92058075e-008	1.68675430e-002	7.63519330e-001	2.18151247e-001	1.46179253e-003	8.86648249e-009	1.33768913e-015	3.13642894e-024	2.73971780e-044	1.96804669e-063	1.35093815e-082	6.63232436e-102	2.31559401e-121	5.29012613e-141	1.08845853e-160	1.15883455e-180	9.65132462e-201	1.32589532e-220	1.41397161e-240	1.20676932e-260	
4.8	8.04552236e-008	1.53972773e-002	7.42227341e-001	2.40412646e-001	1.96263975e-003	1.60203457e-008	3.49896462e-015	1.30564557e-023	1.09681247e-043	8.01119328e-063	5.60340860e-082	2.79904521e-101	9.94720924e-121	2.30745534e-140	4.81391806e-160	5.09183015e-180	4.22348221e-200	5.89295689e-220	6.37883257e-240	5.52279876e-260	
4.81	8.17603489e-008	1.40602779e-002	7.19827855e-001	2.63502101e-001	2.60965566e-003	2.84966558e-008	8.94110355e-015	5.25790822e-023	1.49434167e-034	1.10987943e-053	7.90963108e-073	4.01912149e-092	1.45362273e-111	3.42302720e-131	7.23531431e-151	7.59924201e-171	6.27777117e-191	8.89643757e-211	9.77469381e-231	8.58558965e-251	
4.82	8.30358339e-008	1.28376552e-002	6.96423563e-001	2.87301271e-001	3.43737728e-003	4.99227590e-008	2.23333523e-014	2.05018787e-022	1.07020223e-033	8.08309839e-053	5.86965245e-072	3.03325536e-091	1.11623440e-110	2.66760922e-130	5.70794740e-150	5.95030325e-170	4.89616000e-190	7.04716669e-210	7.85935214e-230	7.00289775e-250	
4.83	8.42203336e-008	1.17167464e-002	6.72144715e-001	3.11651697e-001	4.48667071e-003	8.61804438e-008	5.45729989e-014	7.74808226e-022	7.33183884e-033	5.63121263e-052	4.16633074e-071	2.18900370e-090	8.19452588e-110	1.98684072e-129	4.29921826e-149	4.44648587e-169	3.64495931e-189	5.32857627e-209	6.03216840e-229	5.45305405e-249	
4.84	8.52524873e-008	1.06865706e-002	6.47072228e-001	3.36435266e-001	5.80570362e-003	1.46679919e-007	1.30547244e-013	2.84068019e-021	4.81104634e-032	3.75745575e-051	2.83260893e-070	1.51274175e-089	5.75909603e-109	1.41615955e-128	3.09563369e-148	3.17543231e-168	2.59367174e-188	3.85120605e-208	4.42535110e-228	4.05846579e-248	
4.85	8.60804639e-008	9.73753326e-003	6.21387551e-001	3.61425736e-001	7.44884789e-003	2.46230290e-007	3.05887247e-013	1.01111839e-020	3.02714849e-031	1.21045068e-042	9.29757033e-062	5.04534965e-081	1.95276141e-100	4.86778693e-120	1.07361864e-139	1.09196363e-159	8.88786939e-180	1.34043215e-199	1.56347790e-219	1.45453336e-239	
4.86	8.66602788e-008	8.86239929e-003	5.95211633e-001	3.86447370e-001	9.47810397e-003	4.07787922e-007	7.02402611e-013	3.49665119e-020	1.82812876e-030	1.44865288e-041	1.13361990e-060	6.24893834e-080	2.45788953e-099	6.20820270e-119	1.37975390e-138	1.39113338e-158	1.12861705e-178	1.72888641e-198	2.04696418e-218	1.93200960e-238	
4.87	8.69369706e-008	8.05455220e-003	5.68644884e-001	4.11334342e-001	1.19654681e-002	6.66667100e-007	1.58169293e-012	1.17581169e-019	1.06091738e-029	1.64126315e-040	1.30850925e-059	7.32401908e-079	2.92644707e-098	7.48547658e-118	1.67400406e-137	1.67283308e-157	1.35309640e-177	2.10536402e-197	2.53030313e-217	2.42296574e-237	
4.88	8.69040319e-008	7.30916441e-003	5.41874757e-001	4.35828440e-001	1.49864752e-002	1.07595496e-006	3.49410968e-012	3.84700604e-019	5.92181536e-029	1.76264526e-039	1.43164819e-058	8.13390259e-078	3.30002539e-097	8.54264922e-117	1.91943765e-136	1.90099797e-156	1.53343387e-176	2.42352010e-196	2.95663007e-216	2.87218775e-236	
4.89	8.64980776e-008	6.62109176e-003	5.14973803e-001	4.59774080e-001	1.86292227e-002	1.71524528e-006	7.57620246e-012	1.22561472e-018	3.18231410e-028	1.79668826e-038	1.48670936e-057	8.57041194e-077	3.52866104e-096	9.23805808e-116	2.08205050e-135	2.04342968e-155	1.64421442e-175	2.63952742e-195	3.26876461e-215	3.22172739e-235	
4.9	8.57104215e-008	5.98685234e-003	4.88137753e-001	4.82888350e-001	2.29842581e-002	2.70113326e-006	1.61309325e-011	3.80388002e-018	1.64778078e-027	1.74016240e-037	1.46675860e-056	8.57552971e-076	3.58089599e-095	9.47377106e-115	2.13801789e-134	2.07937939e-154	1.66951376e-174	2.72240320e-194	3.42234022e-214	3.42199802e-234	
4.91	8.45553276e-008	5.40241167e-003	4.61434924e-001	5.05006913e-001	2.81514632e-002	4.20370509e-006	3.37398208e-011	1.15101406e-017	8.22919979e-027	1.60347581e-036	1.37672861e-055	8.16032605e-075	3.45381388e-094	9.22591590e-114	2.08109625e-133	2.00587590e-153	1.60740116e-173	2.66249446e-193	3.39764234e-213	3.44665375e-233	
4.92	8.30510485e-008	4.86495873e-003	4.35014521e-001	5.25881739e-001	3.42322323e-002	6.46593076e-006	6.93519551e-011	3.39684984e-017	3.96620086e-026	1.40730672e-035	1.23080875e-054	7.39224474e-074	3.16869336e-093	8.53796071e-113	1.92136299e-132	1.83528798e-152	1.46834785e-172	2.47055196e-192	3.20040412e-212	3.29381677e-232	
4.93	8.11896331e-008	4.37112221e-003	4.08969883e-001	5.45312971e-001	4.13361095e-002	9.83317406e-006	1.40137487e-010	9.78376936e-017	1.84671514e-025	1.17768573e-034	1.04897634e-053	6.38102280e-073	2.76797935e-092	7.51514811e-112	1.68391586e-131	1.59446630e-151	1.27404419e-171	2.17751831e-191	2.86349786e-211	2.98994253e-231	
4.94	7.90380181e-008	3.92022828e-003	3.83605983e-001	5.62907326e-001	4.95516005e-002	1.47831717e-005	2.78416110e-010	2.75088188e-016	8.31011618e-025	9.40446195e-034	8.53167191e-053	5.25413962e-072	2.30444720e-091	6.29716410e-111	1.40211171e-130	1.31616606e-150	1.05074730e-170	1.82427740e-190	2.43529221e-210	2.57986802e-230	
4.95	7.65712639e-008	3.50747204e-003	3.58801639e-001	5.78672776e-001	5.89960525e-002	2.19827406e-005	5.44197330e-010	7.55661832e-016	3.61783739e-024	7.17650533e-033	6.62956612e-052	4.13108557e-071	1.83018145e-090	5.02741855e-110	1.11009949e-129	1.03332355e-149	8.24416425e-170	1.45397158e-189	1.97036478e-209	2.11773818e-229	
4.96	7.38249276e-008	3.13049599e-003	3.34661238e-001	5.92407468e-001	6.97683869e-002	3.23359706e-005	1.04670689e-009	2.02879429e-015	1.52471408e-023	5.23702338e-032	4.92618134e-051	3.10427963e-070	1.38775968e-089	3.82703568e-109	8.36327728e-129	7.72089852e-149	6.15848969e-169	1.10333585e-188	1.51788558e-208	1.65518301e-228	
4.97	7.08201550e-008	2.78679043e-003	3.11232441e-001	6.03972466e-001	8.19611674e-002	4.70631869e-005	1.98182742e-009	5.32625053e-015	6.22501825e-023	3.65887023e-031	3.50399371e-050	2.23198529e-069	1.00571590e-088	2.78044814e-108	6.00126943e-128	5.49667470e-148	4.38471179e-168	7.98003820e-188	1.11448378e-207	1.23301335e-227	
4.98	6.76067318e-008	2.47432937e-003	2.88604615e-001	6.13207294e-001	9.56459036e-002	6.77863539e-005	3.69509627e-009	1.36803006e-014	2.46393853e-022	2.44932009e-030	2.38794978e-049	1.53664722e-068	6.97081845e-088	1.92915770e-107	4.10441620e-127	3.73094828e-147	2.97761235e-167	5.50512564e-187	7.80503542e-207	8.76113847e-227	
4.99	6.42403765e-008	2.19181317e-003	2.66825657e-001	6.19999152e-001	1.10886679e-001	9.66281489e-005	6.78513402e-009	3.43867299e-014	9.45992955e-022	1.57281747e-029	1.56095422e-048	1.01419935e-067	4.62618870e-087	1.27961406e-106	2.67836164e-126	2.41685764e-146	1.93024331e-166	3.62541472e-186	5.21815093e-206	5.94281818e-226	
5	6.07308880e-008	1.93611186e-003	2.45938665e-001	6.24266297e-001	1.27722513e-001	1.36339983e-004	1.22736402e-008	8.46166369e-014	3.52469960e-021	9.69259939e-029	9.78991111e-048	6.41919291e-067	2.94026791e-086	8.11533746e-106	1.66803779e-125	1.49479146e-145	1.19525944e-165	2.28059424e-185	3.33239950e-205	3.85061531e-225	
5.01	5.70873926e-008	1.70536236e-003	2.25994728e-001	6.25947603e-001	1.46161778e-001	1.90449058e-004	2.18787499e-008	2.03964454e-013	1.27549228e-020	5.73892564e-028	5.89860077e-047	3.90119098e-066	1.79192090e-085	4.92705572e-105	9.92697545e-125	8.83733237e-145	7.07665949e-165	1.37173806e-184	2.03485739e-204	2.38564222e-224	
5.02	5.33701232e-008	1.49763524e-003	2.07021793e-001	6.25018519e-001	1.66198546e-001	2.63414900e-004	3.84402593e-008	4.81672859e-013	4.48491004e-020	3.26704708e-027	3.41651982e-046	2.27783174e-065	1.04771250e-084	2.86502911e-104	5.64882808e-124	4.99763609e-144	4.00933501e-164	7.89534474e-184	1.18902213e-203	1.41435758e-223	
5.03	4.96424665e-008	1.31129862e-003	1.89038329e-001	6.21494339e-001	1.87795109e-001	3.60808460e-004	6.65901309e-008	1.11510495e-012	1.53343297e-019	1.78994049e-026	1.90417176e-045	1.27916953e-064	5.88340321e-084	1.59727513e-103	3.07700853e-123	2.70672812e-143	2.17617633e-163	4.35365876e-183	6.65635991e-203	8.03364863e-223	
5.04	4.59420025e-008	1.14480473e-003	1.72087371e-001	6.15424787e-001	2.10853453e-001	4.89425281e-004	1.13748041e-007	2.53122445e-012	5.09997395e-019	9.44298988e-026	1.02172533e-044	6.91195599e-064	3.17411645e-083	8.54060663e-103	1.60525649e-122	1.40442388e-142	1.13205213e-162	2.30087220e-182	3.57139651e-202	4.37338849e-222	
5.05	4.22973454e-008	9.96377844e-004	1.56151725e-001	6.06911391e-001	2.35282604e-001	6.57667859e-004	1.91666238e-007	5.63658815e-012	1.65121201e-018	4.80205135e-025	5.28348225e-044	3.59787692e-063	1.64715328e-082	4.38504189e-102	8.03106516e-122	6.99143829e-142	5.65147384e-162	1.16698477e-181	1.83898763e-201	2.28491082e-221	
5.06	3.87381965e-008	8.64366994e-004	1.41211574e-001	5.95915085e-001	2.61132433e-001	8.76182654e-004	3.18876923e-007	1.23260866e-011	5.21023395e-018	2.35713286e-024	2.63670241e-043	1.80633172e-062	8.23230208e-082	2.16468632e-101	3.85862089e-121	3.34398205e-141	2.71184985e-161	5.68915571e-181	9.10192098e-201	1.14745042e-220	
5.07	3.52857004e-008	7.47301547e-004	1.27273080e-001	5.82627010e-001	2.88194962e-001	1.15708747e-003	5.23764679e-007	2.64705917e-011	1.60253987e-017	1.11724628e-023	1.27030538e-042	8.75167329e-062	3.96451791e-081	1.02798266e-100	1.78169169e-120	1.53779708e-140	1.25146247e-160	2.66739661e-180	4.33265103e-200	5.54210449e-220	
5.08	3.19892650e-008	6.44237580e-004	1.14348328e-001	5.67328176e-001	3.16164077e-001	1.51430104e-003	8.49191208e-007	5.58274350e-011	4.80625373e-017	5.11632735e-023	5.91154890e-042	4.09358694e-061	1.84047610e-080	4.69844813e-100	7.91104398e-120	6.80285835e-140	5.55743677e-160	1.20345542e-179	1.98462280e-199	2.57582649e-219	
5.09	2.88543961e-008	5.53669541e-004	1.02415890e-001	5.50231310e-001	3.44833191e-001	1.96455110e-003	1.35950548e-006	1.15668860e-010	1.40607387e-016	2.26494074e-022	2.65875562e-041	1.84982650e-060	8.24269894e-080	2.06848326e-099	3.38103476e-119	2.89794700e-139	2.37731501e-159	5.23050101e-179	8.75734761e-199	1.15326893e-218	
5.1	2.59033541e-008	4.74455839e-004	9.14547797e-002	5.31587688e-001	3.73954252e-001	2.52664916e-003	2.14975819e-006	2.35547837e-010	4.01503742e-016	9.70146095e-022	1.15671221e-040	8.08267911e-060	3.56457733e-079	8.78061221e-099	1.39251018e-118	1.19028138e-138	9.80866401e-159	2.19261518e-178	3.72716254e-198	4.98037407e-218	
5.11	2.31427485e-008	4.05369507e-004	8.14224676e-002	5.11648518e-001	4.03297657e-001	3.22260619e-003	3.35873769e-006	4.71672618e-010	1.11984732e-015	4.02393965e-021	4.87183356e-040	3.41787117e-059	1.48978780e-078	3.59739164e-098	5.53283138e-118	4.71802795e-138	3.90662247e-158	8.87283942e-178	1.53133123e-197	2.07626872e-217	
5.12	2.05841804e-008	3.45413031e-004	7.22876342e-002	4.90666884e-001	4.32618138e-001	4.07672278e-003	5.18605512e-006	9.29010329e-010	3.05198293e-015	1.61727209e-020	1.98772426e-039	1.39951015e-058	6.02172947e-078	1.42361036e-097	2.12279552e-117	1.80663449e-137	1.50352404e-157	3.46961749e-177	6.07979513e-197	8.36435007e-217	
5.13	1.82249795e-008	2.93539052e-004	6.40039464e-002	4.68916040e-001	4.61661733e-001	5.11680514e-003	7.91701960e-006	1.80080053e-009	8.13308547e-015	6.30373053e-020	7.86285631e-039	5.55443368e-058	2.35636928e-077	5.44787479e-097	7.87469977e-117	6.69218982e-137	5.59969026e-157	1.31297106e-176	2.33595647e-196	3.26096054e-216	
5.14	1.60628640e-008	2.48844747e-004	5.65247026e-002	4.46637698e-001	4.90203893e-001	6.37289020e-003	1.19520191e-005	3.43645511e-009	2.12037268e-014	2.38459306e-019	3.01767006e-038	2.13806863e-057	8.93318554e-077	2.01770464e-096	2.82702550e-116	2.39985187e-136	2.01956734e-156	4.81135757e-176	8.69119307e-196	1.23109949e-215	
5.15	1.41121352e-008	2.10611001e-004	4.98264269e-002	4.24054480e-001	5.18011322e-001	7.87928658e-003	1.78520929e-005	6.45972907e-009	5.41181017e-014	8.76166511e-019	1.12458800e-037	7.98996803e-057	3.28440335e-076	7.24090776e-096	9.83458209e-116	8.34287588e-136	7.06245313e-156	1.70962313e-175	3.13559989e-195	4.50692062e-215	
5.16	1.23516892e-008	1.77897429e-004	4.38275800e-002	4.01414837e-001	5.44881178e-001	9.67209567e-003	2.63871434e-005	1.19640798e-008	1.35284602e-013	3.12921221e-018	4.07248004e-037	2.90083342e-056	1.17210126e-075	2.52021430e-095	3.31869146e-115	2.81459712e-135	2.39764641e-155	5.89739868e-175	1.09821204e-194	1.60170939e-214	
5.17	1.07726886e-008	1.49960530e-004	3.84692321e-002	3.78900735e-001	5.70649413e-001	1.17920128e-002	3.86139076e-005	2.18482320e-008	3.31466347e-013	1.08717988e-017	1.43417965e-036	1.02397519e-055	4.06355486e-075	8.51576945e-095	1.08752675e-114	9.22414544e-135	7.90957421e-155	1.97684992e-174	3.73780426e-194	5.53175117e-214	
5.18	9.36320204e-009	1.26167489e-004	3.36999130e-002	3.56715271e-001	5.95120936e-001	1.42817045e-002	5.59591253e-005	3.93474829e-008	7.96370706e-013	3.67690363e-017	4.91505518e-036	3.51678247e-055	1.36967692e-074	2.79617207e-094	3.46429624e-114	2.93983048e-134	2.53805619e-154	6.44552959e-174	1.23743081e-193	1.85831114e-213	
5.19	8.11180542e-009	1.05965966e-004	2.94688056e-002	3.34986185e-001	6.18169887e-001	1.71887401e-002	8.03376818e-005	6.99174411e-008	1.87725190e-012	1.21137281e-016	1.64031524e-035	1.17610615e-054	4.49272728e-074	8.93079808e-094	1.07390372e-113	9.12097601e-134	7.93059387e-154	2.04655206e-173	3.98938023e-193	6.07933349e-213	
5.2	7.00433949e-009	8.88395097e-005	2.57232617e-002	3.13819025e-001	6.39689000e-001	2.05654233e-002	1.14321038e-004	1.22664552e-007	4.34495911e-012	3.89137513e-016	5.33598685e-035	3.83332389e-054	1.43548678e-073	2.77769844e-093	3.24345918e-113	2.75827806e-133	2.41593945e-153	6.33506253e-173	1.25389675e-192	1.93894562e-212	
5.21	6.03138889e-009	7.43781142e-005	2.24208362e-002	2.93359793e-001	6.59523604e-001	2.44599207e-002	1.61249416e-004	2.12498237e-007	9.87715165e-012	1.21940037e-015	1.69271824e-034	1.21830880e-053	4.47052986e-073	8.41923550e-093	9.55189977e-113	8.13550785e-133	7.18050119e-153	1.91332068e-172	3.84532967e-192	6.03397199e-212	
