4	2.41344093e-001	7.58531025e-001	1.24882771e-004	3.56807917e-023	4.63386905e-042	3.30990646e-061	1.43908977e-080	2.49668592e-100	4.48077158e-120	6.56042691e-140	9.20580786e-160	9.35654174e-180	7.26552395e-200	
4.01	2.17191677e-001	7.82611017e-001	1.97305604e-004	5.73346130e-023	7.57022498e-042	5.49722241e-061	2.42863813e-080	4.21404451e-100	7.53153508e-120	1.12230063e-139	1.59883273e-159	1.64880810e-179	1.29847858e-199	
4.02	1.95225584e-001	8.04466649e-001	3.07766367e-004	9.09555716e-023	1.22094571e-041	9.01333020e-061	4.04620677e-080	7.02356710e-100	1.24843440e-119	1.89340330e-139	2.73850637e-159	2.86547559e-179	2.28890134e-199	
4.03	1.75307122e-001	8.24218590e-001	4.74287818e-004	1.42557204e-022	1.94553599e-041	1.46017411e-060	6.66077052e-080	1.15698637e-099	2.04259373e-119	3.15288065e-139	4.62978070e-159	4.91541549e-179	3.98202810e-199	
4.04	1.57329098e-001	8.41948387e-001	7.22515619e-004	2.20871735e-022	3.06455587e-041	2.33810625e-060	1.08376113e-079	1.88431040e-099	3.29990263e-119	5.18420598e-139	7.72885380e-159	8.32608379e-179	6.84148216e-199	
4.05	1.41126344e-001	8.57785191e-001	1.08846509e-003	3.38410985e-022	4.77368051e-041	3.70282385e-060	1.74406474e-079	3.03627155e-099	5.26782947e-119	8.42286699e-139	1.27491705e-158	1.39358042e-178	1.16141381e-198	
4.06	1.26552584e-001	8.71825022e-001	1.62239382e-003	5.13009904e-022	7.35719577e-041	5.80174731e-060	2.77675281e-079	4.84176601e-099	8.31218735e-119	1.35267491e-138	2.07879962e-158	2.30565280e-178	1.94882326e-198	
4.07	1.13469087e-001	8.84137473e-001	2.39344024e-003	7.69718683e-022	1.12228429e-040	8.99698808e-060	4.37532854e-079	7.64383044e-099	1.29701538e-118	2.14819448e-138	3.35194495e-158	3.77233383e-178	3.23416823e-198	
4.08	1.01729635e-001	8.94774221e-001	3.49614448e-003	1.14350248e-021	1.69505711e-040	1.38146464e-059	6.82676735e-079	1.19537162e-098	2.00253233e-118	3.37558548e-138	5.34780102e-158	6.10695682e-178	5.31039724e-198	
4.09	9.11966692e-002	9.03745455e-001	5.05787609e-003	1.68253754e-021	2.53566052e-040	2.10096986e-059	1.05496854e-078	1.85208923e-098	3.06019171e-118	5.25012303e-138	8.44519283e-158	9.78585496e-178	8.63102395e-198	
4.1	8.17450733e-002	9.11007287e-001	7.24763941e-003	2.45200603e-021	3.75688484e-040	3.16449195e-059	1.61461909e-078	2.84303966e-098	4.62877463e-118	8.08223119e-138	1.32004364e-157	1.55211603e-177	1.38842117e-197	
4.11	7.32535917e-002	9.16457970e-001	1.02884379e-002	3.54016857e-021	5.51462485e-040	4.72223399e-059	2.44827561e-078	4.32542243e-098	6.93321114e-118	1.23211088e-137	2.04326774e-157	2.43785972e-177	2.21201317e-197	
4.12	6.56150184e-002	9.19916872e-001	1.44681094e-002	5.06320538e-021	8.01850593e-040	6.98050486e-059	3.67743381e-078	6.52119770e-098	1.02828814e-117	1.85980853e-137	3.13162344e-157	3.79140348e-177	3.48923567e-197	
4.13	5.87261702e-002	9.21120154e-001	2.01536762e-002	7.17314786e-021	1.15494749e-039	1.02216788e-058	5.47169788e-078	9.74270482e-098	1.51028613e-117	2.78009413e-137	4.75327268e-157	5.83954481e-177	5.45089593e-197	
4.14	5.24999024e-002	9.19697577e-001	2.78025207e-002	1.00642609e-020	1.64744817e-039	1.48231795e-058	8.06264863e-078	1.44202472e-097	2.19623315e-117	4.11449127e-137	7.14308999e-157	8.90493049e-177	8.43110253e-197	
4.15	4.68466257e-002	9.15184372e-001	3.79690026e-002	1.39787212e-020	2.32637485e-039	2.12784675e-058	1.17606077e-077	2.11365858e-097	3.16122548e-117	6.02735181e-137	1.06253778e-156	1.34415082e-176	1.29083916e-196	
4.16	4.16994437e-002	9.06995014e-001	5.13055427e-002	1.92105226e-020	3.25034645e-039	3.02245346e-058	1.69743539e-077	3.06673061e-097	4.50221770e-117	8.73640256e-137	1.56384186e-156	2.00752495e-176	1.95550843e-196	
4.17	3.69898365e-002	8.94465214e-001	6.85449497e-002	2.61024180e-020	4.49004335e-039	4.24469970e-058	2.42222079e-077	4.40091714e-097	6.33991751e-117	1.25203261e-136	2.27580225e-156	2.96463525e-176	2.92919203e-196	
4.18	3.26656824e-002	8.76870833e-001	9.04634847e-002	3.50362063e-020	6.12724617e-039	5.88875172e-058	3.41436292e-077	6.24095289e-097	8.82013750e-117	1.77264254e-136	3.27188627e-156	4.32520294e-176	4.33486970e-196	
4.19	2.86828430e-002	8.53503789e-001	1.17813368e-001	4.64069674e-020	8.25115435e-039	8.06170430e-058	4.74944285e-077	8.73717848e-097	1.21119238e-116	2.47728132e-136	4.64310327e-156	6.22867470e-176	6.33207752e-196	
4.2	2.50082428e-002	8.23754303e-001	1.51237454e-001	6.05895014e-020	1.09523511e-038	1.08783781e-057	6.51204915e-077	1.20613605e-096	1.63993045e-116	3.41339284e-136	6.49662708e-156	8.84412253e-176	9.11990856e-196	
4.21	2.16192611e-002	7.87253587e-001	1.91127152e-001	7.78744050e-020	1.43114649e-038	1.44516458e-057	8.78946955e-077	1.63970404e-096	2.18668024e-116	4.63161958e-136	8.95189235e-156	1.23668836e-175	1.29355295e-195	
4.22	1.85089395e-002	7.44012301e-001	2.37478760e-001	9.84082380e-020	1.83865024e-038	1.88751808e-057	1.16643065e-076	2.19258003e-096	2.86810474e-116	6.18179314e-136	1.21330582e-155	1.70099934e-175	1.80475468e-195	
4.23	1.56697041e-002	6.94508829e-001	2.89821467e-001	1.22148382e-019	2.32027168e-038	2.42154050e-057	1.52039964e-076	2.88079966e-096	3.69688760e-116	8.10774305e-136	1.61598961e-155	2.29909744e-175	2.47435608e-195	
4.24	1.31083031e-002	6.39750402e-001	3.47141295e-001	1.48796097e-019	2.87356554e-038	3.04881121e-057	1.94489105e-076	3.71602096e-096	4.67924316e-116	1.04417092e-135	2.11349241e-155	3.05148988e-175	3.33128446e-195	
4.25	1.08283621e-002	5.81249824e-001	4.07921814e-001	1.77828944e-019	3.49149736e-038	3.76600119e-057	2.44070071e-076	4.70414908e-096	5.81397965e-116	1.31997903e-135	2.71327064e-155	3.97560462e-175	4.40251666e-195	
4.26	8.83323165e-003	5.20851939e-001	4.70314830e-001	2.08528345e-019	4.16249167e-038	4.56438584e-057	3.00525799e-076	5.84532705e-096	7.09306877e-116	1.63831130e-135	3.41998852e-155	5.08548479e-175	5.71261574e-195	
4.27	7.11867842e-003	4.60541620e-001	5.32339701e-001	2.40052174e-019	4.87158402e-038	5.43073221e-057	3.63235383e-076	7.13233158e-096	8.50068720e-116	1.99724806e-135	4.23405919e-155	6.38948962e-175	7.28063995e-195	
4.28	5.67202357e-003	4.02184783e-001	5.92143194e-001	2.71563033e-019	5.60293458e-038	6.34979780e-057	4.31430751e-076	8.55521131e-096	1.00192197e-115	2.39436484e-135	5.15504735e-155	7.89501088e-175	9.12559774e-195	
4.29	4.47471661e-003	3.47338926e-001	6.48186357e-001	3.02339828e-019	6.34195095e-038	7.30673183e-057	5.04295108e-076	1.01026726e-095	1.16311178e-115	2.82679186e-135	6.18080652e-155	9.60662509e-175	1.12638797e-194	
4.3	3.50027057e-003	2.97094831e-001	6.99404899e-001	3.31786005e-019	7.07568627e-038	8.28757894e-057	5.80972937e-076	1.17627288e-095	1.33196643e-115	3.29173199e-135	7.30959961e-155	1.15302463e-174	1.37140757e-194	
4.31	2.71888192e-003	2.52094553e-001	7.45186565e-001	3.59524565e-019	7.79490850e-038	9.28153138e-057	6.60795343e-076	1.35259210e-095	1.50725114e-115	3.78696800e-135	8.54055615e-155	1.36723276e-174	1.64963352e-194	
4.32	2.10095966e-003	2.12555386e-001	7.85343654e-001	3.85369083e-019	8.49466744e-038	1.02827316e-056	7.43509157e-076	1.53916523e-095	1.68882928e-115	4.31296903e-135	9.87876275e-155	1.60502409e-174	1.96446163e-194	
4.33	1.61710545e-003	1.78351250e-001	8.20031644e-001	4.09238269e-019	9.17101650e-038	1.12855992e-056	8.28604936e-076	1.73540733e-095	1.87603490e-115	4.86877116e-135	1.13261478e-154	1.86761445e-174	2.31883692e-194	
4.34	1.24185301e-003	1.49142955e-001	8.49615192e-001	4.31232967e-019	9.82508868e-038	1.22910400e-056	9.16284482e-076	1.94214477e-095	2.06981070e-115	5.45735412e-135	1.28939259e-154	2.15783477e-174	2.71781294e-194	
4.35	9.52396065e-004	1.24442293e-001	8.74605311e-001	4.51479099e-019	1.04576832e-037	1.32991876e-056	1.00659912e-075	2.15999125e-095	2.27083049e-115	6.08084429e-135	1.45921585e-154	2.47845616e-174	3.16670861e-194	
4.36	7.30284056e-004	1.03711858e-001	8.95557858e-001	4.70183156e-019	1.10722514e-037	1.43137413e-056	1.09978803e-075	2.39001224e-095	2.48029498e-115	6.74323033e-135	1.64348777e-154	2.83311114e-174	3.67216386e-194	
4.37	5.60454760e-004	8.64106370e-002	9.13028908e-001	4.87520775e-019	1.16718326e-037	1.53382998e-056	1.19615533e-075	2.63336928e-095	2.69947953e-115	7.44827838e-135	1.84381582e-154	3.22587928e-174	4.24167580e-194	
4.38	4.30791178e-004	7.20261002e-002	9.27543109e-001	5.03716253e-019	1.22603445e-037	1.63772601e-056	1.29607947e-075	2.89148551e-095	2.92986677e-115	8.20070750e-135	2.06192987e-154	3.66142213e-174	4.88391486e-194	
4.39	3.31727415e-004	6.00949195e-002	9.39573353e-001	5.18957942e-019	1.28413615e-037	1.74356571e-056	1.40000459e-075	3.16614182e-095	3.17337711e-115	9.00606515e-135	2.29998855e-154	4.14516913e-174	5.60915986e-194	
4.4	2.56026719e-004	5.02111133e-002	9.49532860e-001	5.33385496e-019	1.34178279e-037	1.85173099e-056	1.50841560e-075	3.45903412e-095	3.43158147e-115	9.86909054e-135	2.56000896e-154	4.68282900e-174	6.42839552e-194	
4.41	1.98150546e-004	4.20320488e-002	9.57769801e-001	5.47171961e-019	1.39930942e-037	1.96267591e-056	1.62164415e-075	3.77187948e-095	3.70664257e-115	1.07964656e-134	2.84461865e-154	5.28130899e-174	7.35486650e-194	
4.42	1.53804974e-004	3.52569967e-002	9.64589198e-001	5.60481812e-019	1.45712157e-037	2.07700316e-056	1.74011659e-075	4.10656674e-095	4.00016242e-115	1.17922364e-134	3.15587335e-154	5.94696017e-174	8.40179731e-194	
4.43	1.19747709e-004	2.96423675e-002	9.70237885e-001	5.73358873e-019	1.51525905e-037	2.19475529e-056	1.86422772e-075	4.46489526e-095	4.31432530e-115	1.28632239e-134	3.49667652e-154	6.68785197e-174	9.58543229e-194	
4.44	9.35412904e-005	2.49820507e-002	9.74924408e-001	5.85962500e-019	1.57415243e-037	2.31663345e-056	1.99434698e-075	4.84900430e-095	4.65132307e-115	1.40146527e-134	3.86974063e-154	7.51230903e-174	1.09231818e-193	
4.45	7.33154165e-005	2.11100718e-002	9.78816613e-001	5.98298663e-019	1.63375840e-037	2.44252840e-056	2.13079334e-075	5.26069854e-095	5.01257603e-115	1.52496989e-134	4.27713550e-154	8.42768714e-174	1.24318673e-193	
4.46	5.76644825e-005	1.78867564e-002	9.82055579e-001	6.10503282e-019	1.69447745e-037	2.57308205e-056	2.27384416e-075	5.70200150e-095	5.40115706e-115	1.65766107e-134	4.72281566e-154	9.44563131e-174	1.41355112e-193	
4.47	4.55128694e-005	1.51961813e-002	9.84758306e-001	6.22634235e-019	1.75637302e-037	2.70832064e-056	2.42377004e-075	6.17489564e-095	5.81878594e-115	1.79981007e-134	5.20883879e-154	1.05739607e-173	1.60537466e-193	
4.48	3.60440223e-005	1.29452867e-002	9.87018669e-001	6.34697878e-019	1.81945269e-037	2.84823527e-056	2.58039072e-075	6.68045026e-095	6.26683889e-115	1.95155671e-134	5.73717282e-154	1.18214226e-173	1.82083739e-193	
4.49	2.86441930e-005	1.10578740e-002	9.88913482e-001	6.46729110e-019	1.88385992e-037	2.99291421e-056	2.74403063e-075	7.22056319e-095	6.74755928e-115	2.11323498e-134	6.31080146e-154	1.31989238e-173	2.06255744e-193	
4.5	2.28421785e-005	9.47143274e-003	9.90505725e-001	1.77447767e-010	5.25148762e-029	8.46399809e-048	7.85084695e-067	2.10022390e-086	1.95660881e-106	6.15576155e-126	1.86741947e-145	3.96437634e-165	6.28497921e-185	
4.51	1.82769558e-005	8.13457120e-003	9.91847151e-001	3.57444700e-010	1.07456920e-028	1.75620508e-047	1.64747193e-066	4.48145349e-086	4.16491960e-106	1.31472572e-125	4.05166790e-145	8.73091390e-165	1.40429349e-184	
4.52	1.46734575e-005	7.00528727e-003	9.92980039e-001	7.09027502e-010	2.16477117e-028	3.58572049e-047	3.40039876e-066	9.40713961e-086	8.72728417e-106	2.76083774e-125	8.64301330e-145	1.89050556e-164	3.08497831e-184	
4.53	1.18214675e-005	6.04861771e-003	9.93939559e-001	1.38535454e-009	4.29447454e-028	7.20488977e-047	6.90388057e-066	1.94278494e-085	1.80054212e-105	5.70080457e-125	1.81300234e-144	4.02531604e-164	6.66420986e-184	
4.54	9.55748507e-006	5.23639250e-003	9.94754047e-001	2.66735060e-009	8.39290960e-028	1.42520838e-046	1.37954542e-065	3.94934420e-085	3.65849393e-105	1.15782452e-124	3.74070989e-144	8.43052869e-164	1.41606260e-183	
4.55	7.75195981e-006	4.54498082e-003	9.95447262e-001	5.06221264e-009	1.61613276e-027	2.77547744e-046	2.71228129e-065	7.90015521e-085	7.32038103e-105	2.31269738e-124	7.59082740e-144	1.73655458e-163	2.95931321e-183	
4.56	6.30766220e-006	3.95491602e-003	9.96038767e-001	9.47456872e-009	3.06779197e-027	5.32325519e-046	5.25027635e-065	1.55609850e-084	1.44310350e-104	4.54506472e-124	1.51552675e-143	3.51940632e-163	6.08493779e-183	
4.57	5.14861431e-006	3.45019890e-003	9.96544635e-001	1.74896602e-008	5.74052589e-027	1.00539886e-045	1.00019784e-064	3.01673303e-084	2.80209272e-104	8.78646867e-124	2.97644603e-143	7.01644475e-163	1.23080407e-182	
4.58	4.21527799e-006	3.01725161e-003	9.96978501e-001	3.18564543e-008	1.05926895e-026	1.87031031e-045	1.87601339e-064	5.75817492e-084	5.35943310e-104	1.67101085e-123	5.75080307e-143	1.37611942e-162	2.44917761e-182	
4.59	3.46155965e-006	2.64493453e-003	9.97351547e-001	5.72694464e-008	1.92787472e-026	3.42715005e-045	3.46414715e-064	1.08203878e-083	1.00992979e-103	3.12681442e-123	1.09325353e-142	2.65559058e-162	4.79530252e-182	
4.6	2.85123688e-006	2.32421607e-003	9.97672831e-001	1.01649241e-007	3.46134235e-026	6.18593933e-045	6.29759570e-064	2.00177867e-083	1.87450011e-103	5.75582680e-123	2.04455342e-142	5.04143367e-162	9.23643997e-182	
4.61	2.35523656e-006	2.04717133e-003	9.97950295e-001	1.78168966e-007	6.13149446e-026	1.09987882e-044	1.12714444e-063	3.64559300e-083	3.42727555e-103	1.04245386e-122	3.76214897e-142	9.41714385e-162	1.75052864e-181	
4.62	1.95111916e-006	1.80733333e-003	9.98190407e-001	3.08459391e-007	1.07170937e-025	1.92625298e-044	1.98588924e-063	6.53489498e-083	6.17081679e-103	1.85694586e-122	6.80873340e-142	1.73008091e-161	3.26301070e-181	
4.63	1.62091058e-006	1.59918609e-003	9.98398665e-001	5.27648548e-007	1.84860929e-025	3.32298410e-044	3.44436347e-063	1.15296360e-082	1.09420481e-102	3.25414069e-122	1.21224135e-141	3.12699294e-161	5.98387381e-181	
4.64	1.35036403e-006	1.41820610e-003	9.98579552e-001	8.91929449e-007	3.14691264e-025	5.64590161e-044	5.87973882e-063	2.00168136e-082	1.91000130e-102	5.60759019e-122	2.12239892e-141	5.55761848e-161	1.07906541e-180	
4.65	1.12802041e-006	1.26047110e-003	9.98736910e-001	1.49041755e-006	5.28798136e-025	9.44872931e-044	9.87957770e-063	3.41960392e-082	3.28271472e-102	9.50492145e-122	3.65517668e-141	9.71656304e-161	1.91417881e-180	
4.66	9.44888648e-007	1.12278716e-003	9.98873806e-001	2.46212950e-006	1.50118511e-015	2.66555117e-034	2.79613046e-053	9.83652452e-073	9.50388843e-093	2.71144573e-112	1.05940679e-131	2.85893455e-151	5.71466889e-171	
4.67	7.93936350e-007	1.00248232e-003	9.98992702e-001	4.02160620e-006	4.67524462e-015	8.23019508e-034	8.65434450e-053	3.09304664e-072	3.00938572e-092	8.45238096e-112	3.35558417e-131	9.19287756e-151	1.86445414e-170	
4.68	6.68978664e-007	8.96979839e-004	9.99095854e-001	6.49674035e-006	1.41675149e-014	2.46670409e-033	2.59781585e-052	9.42774761e-072	9.24107784e-092	2.55327766e-111	1.02992121e-130	2.86439316e-150	5.89454081e-170	
4.69	5.65152552e-007	8.04304466e-004	9.99184749e-001	1.03811636e-005	4.17895857e-014	7.17861438e-033	7.56447842e-052	2.78607728e-071	2.75222491e-091	7.47541873e-111	3.06382177e-130	8.65046521e-150	1.80624430e-169	
4.7	4.78734314e-007	7.22779239e-004	9.99260331e-001	1.64106316e-005	1.20015270e-013	2.02906725e-032	2.13714255e-051	7.98305087e-071	7.95124588e-091	2.12185997e-110	8.83629690e-130	2.53283369e-149	5.36628677e-169	
4.71	4.06594121e-007	6.50897474e-004	9.99323032e-001	2.56642440e-005	3.35685957e-013	5.57210606e-032	5.85951528e-051	2.21816902e-070	2.22826305e-090	5.83911074e-110	2.47084916e-129	7.19022571e-149	1.54572000e-168	
4.72	3.46205199e-007	5.87450113e-004	9.99372496e-001	3.97077427e-005	9.14589082e-013	1.48691912e-031	1.55922016e-050	5.97722978e-070	6.05804408e-090	1.55821907e-109	6.69971221e-129	1.97929399e-148	4.31754899e-168	
4.73	2.95601001e-007	5.31363576e-004	9.99407545e-001	6.07960394e-005	2.42843517e-012	3.85784325e-031	4.02874250e-050	1.56255769e-069	1.59832828e-089	4.03394145e-109	1.76239305e-128	5.28596337e-148	1.16997861e-167	
4.74	2.53070389e-007	4.81716708e-004	9.99425920e-001	9.21099194e-005	6.28542101e-012	9.73487751e-031	1.01096419e-049	3.96316670e-069	4.09253162e-089	1.01322860e-108	4.49824016e-128	1.36970256e-147	3.07625504e-167	
4.75	2.17236741e-007	4.37695934e-004	9.99423977e-001	1.38109677e-004	1.58636988e-011	3.22833811e-022	3.32890431e-041	1.31759522e-060	1.37392619e-080	3.33622988e-100	1.50504348e-119	4.65266316e-139	1.06031521e-158	
4.76	1.87019700e-007	3.98659714e-004	9.99396234e-001	2.04918864e-004	3.90498117e-011	1.52106660e-021	1.55479000e-040	6.20649873e-060	6.53659687e-080	1.55662909e-099	7.13591771e-119	2.23970299e-138	5.17922254e-158	
4.77	1.61453910e-007	3.63982340e-004	9.99334970e-001	3.00886307e-004	9.37860969e-011	6.87516511e-021	6.95423476e-040	2.79634676e-059	2.97509018e-079	6.94789860e-099	3.23654847e-118	1.03133913e-137	2.42007493e-157	
4.78	1.39798923e-007	3.33173543e-004	9.99229468e-001	4.37218191e-004	2.19834452e-010	2.98355156e-020	2.98086878e-039	1.20580429e-058	1.29615957e-078	2.96862162e-098	1.40526467e-117	4.54631081e-137	1.08250650e-156	
4.79	1.21430908e-007	3.05787529e-004	9.99065421e-001	6.28669886e-004	5.03059340e-010	1.24411737e-019	1.22536922e-038	4.97996105e-058	5.40923820e-078	1.21512225e-097	5.84530617e-117	1.91995604e-136	4.63891960e-156	
4.8	1.05839874e-007	2.81428411e-004	9.98823809e-001	8.94656108e-004	1.12443613e-009	4.98990811e-019	4.83518228e-038	1.97145164e-057	2.16400478e-077	4.76873616e-097	2.33110239e-116	7.77396915e-136	1.90603863e-155	
4.81	9.25656814e-008	2.59765700e-004	9.98480232e-001	1.25990777e-003	2.45557022e-009	1.92658744e-018	1.83275060e-037	7.48611471e-057	8.30461785e-077	1.79570953e-096	8.92056397e-116	3.02043881e-135	7.51465096e-155	
4.82	8.12394245e-008	2.40521397e-004	9.98003448e-001	1.75594381e-003	5.24216635e-009	7.16796160e-018	6.67967719e-037	2.72929525e-056	3.05988525e-076	6.49395202e-096	3.27844912e-115	1.12704085e-134	2.84541606e-154	
4.83	7.15496832e-008	2.23410471e-004	9.97354400e-001	2.42210655e-003	1.09433235e-008	2.57180087e-017	2.34247278e-036	9.56033297e-056	1.08322565e-075	2.25709629e-095	1.15801975e-114	4.04195375e-134	1.03552219e-153	
4.84	6.32588698e-008	2.08224726e-004	9.96485698e-001	3.30599215e-003	2.23477682e-008	8.90709926e-017	7.91249823e-036	3.22078326e-055	3.68784938e-075	7.54747940e-095	3.93528307e-114	1.39460028e-133	3.62572868e-153	
4.85	5.61391946e-008	1.94746358e-004	9.95338487e-001	4.46666572e-003	4.46756446e-008	2.98106013e-016	2.57721114e-035	1.04467415e-054	1.20870790e-074	2.43068736e-094	1.28798610e-113	4.63454391e-133	1.22270576e-152	
4.86	5.00187072e-008	1.82791369e-004	9.93844597e-001	5.97247416e-003	8.74441221e-008	9.64754106e-016	8.09901029e-035	3.26454524e-054	3.81630689e-074	7.54464324e-094	4.06303153e-113	1.48442933e-132	3.97416292e-152	
4.87	4.47505995e-008	1.72218584e-004	9.91921680e-001	7.90588920e-003	1.67712497e-007	3.02290356e-015	2.45884461e-034	9.84088934e-054	1.16216792e-073	2.25975213e-093	1.23679718e-112	4.58803718e-132	1.24651213e-151	
4.88	4.01967464e-008	1.62860966e-004	9.89476510e-001	1.03602737e-002	3.15288518e-007	9.17580630e-015	7.21708849e-034	2.86403766e-053	3.41623844e-073	6.53675412e-093	3.63597403e-112	1.36948175e-131	3.77579748e-151	
4.89	3.62611942e-008	1.54612383e-004	9.86401392e-001	1.34433778e-002	5.81393715e-007	2.70170323e-014	2.05078430e-033	8.05840818e-053	9.70646966e-073	1.82871805e-092	1.03381652e-111	3.95371166e-131	1.10621182e-150	
4.9	3.28494339e-008	1.47342446e-004	9.82577872e-001	1.72737003e-002	1.05197443e-006	7.72162124e-014	5.79785059e-024	2.25307993e-043	2.73987321e-063	5.08551712e-083	2.92203926e-102	1.13472846e-121	3.22192129e-141	
4.91	2.98849721e-008	1.40940913e-004	9.77875536e-001	2.19816245e-002	1.86873756e-006	2.14416311e-013	2.91618246e-023	1.11932693e-042	1.37382870e-062	2.51372972e-082	1.46795709e-101	5.78824608e-121	1.66789018e-140	
4.92	2.73042307e-008	1.35323186e-004	9.72149603e-001	2.77117848e-002	3.26124107e-006	5.78983545e-013	1.40414261e-022	5.31731210e-042	6.58515127e-062	1.18852674e-081	7.05440849e-101	2.82447489e-120	8.25942303e-140	
4.93	2.50376356e-008	1.30376842e-004	9.65253222e-001	3.46107825e-002	5.59318744e-006	1.52157738e-012	6.48074148e-022	2.41881890e-041	3.02163510e-061	5.38280057e-081	3.24715001e-100	1.32014067e-119	3.91779639e-139	
4.94	2.30445740e-008	1.26021085e-004	9.57028049e-001	4.28364738e-002	9.43271275e-006	3.89465111e-012	2.87082318e-021	1.05506181e-040	1.32904429e-060	2.33842577e-080	1.43382536e-099	5.91902806e-119	1.78267869e-138	
4.95	2.12782123e-008	1.22168982e-004	9.47321033e-001	5.25411283e-002	1.56488291e-005	9.71795304e-012	1.22217957e-020	4.41906054e-040	5.61129169e-060	9.75774995e-080	6.08111053e-099	2.54909060e-118	7.79133355e-138	
4.96	1.97039331e-008	1.18742161e-004	9.35972151e-001	6.38835350e-002	2.55519783e-005	2.36538314e-011	5.00620689e-020	2.81068630e-031	3.59634351e-051	6.18502305e-071	3.91804324e-090	1.66774922e-109	5.17324033e-129	
4.97	1.82892265e-008	1.15648611e-004	9.22847443e-001	7.69958121e-002	4.10775709e-005	5.61973282e-011	1.97506161e-019	2.11576794e-030	2.72692677e-050	4.64134047e-070	2.98843633e-089	1.29168237e-108	4.06636981e-128	
4.98	1.70106490e-008	1.12833204e-004	9.07804278e-001	9.20178249e-002	6.50472007e-005	1.30437107e-010	7.51567472e-019	1.51269641e-029	1.96316403e-049	3.30916819e-069	2.16582773e-088	9.50633250e-108	3.03726397e-127	
4.99	1.58457586e-008	1.10223435e-004	8.90747341e-001	1.09040931e-001	1.01488608e-004	2.95861781e-010	2.76043288e-018	1.02847307e-028	1.34346092e-048	2.24426334e-068	1.49299052e-087	6.65444159e-107	2.15773074e-126	
5	1.47757578e-008	1.07754258e-004	8.71599420e-001	1.28136740e-001	1.56070422e-004	6.56303602e-010	9.79668247e-018	6.65891009e-028	8.75193545e-048	1.44993215e-067	9.80478868e-087	4.43776079e-106	1.46041425e-125	
5.01	1.37848603e-008	1.05365071e-004	8.50301000e-001	1.49356963e-001	2.36656673e-004	1.42468947e-009	3.36354632e-017	4.11261117e-027	5.43651011e-047	8.93854115e-067	6.14417181e-086	2.82386791e-105	9.43175656e-125	
5.02	1.28614427e-008	1.02997189e-004	8.26882115e-001	1.72660972e-001	3.53900005e-004	3.02733257e-009	1.11791001e-016	2.42536431e-026	3.22346103e-046	5.26339505e-066	3.67786671e-085	1.71662390e-104	5.81906407e-124	
5.03	1.19976055e-008	1.00601259e-004	8.01369404e-001	1.98007846e-001	5.22130222e-004	6.30104696e-009	3.60059827e-016	1.36783695e-025	1.82709573e-045	2.96490934e-065	2.10605863e-084	9.98226670e-104	3.43434484e-123	
5.04	1.11799287e-008	9.81324967e-005	7.73877428e-001	2.25264270e-001	7.60145200e-004	1.28521154e-008	1.12464159e-015	7.38523922e-025	9.91121027e-045	1.59951105e-064	1.15496502e-083	5.55913080e-103	1.94117285e-122	
5.05	1.04027892e-008	9.55597123e-005	7.44538582e-001	2.54273439e-001	1.09238343e-003	2.57006312e-008	3.40976775e-015	3.82241025e-024	1.51510471e-035	2.43339496e-055	1.78610904e-074	8.73061416e-094	3.09409723e-113	
5.06	9.66141651e-009	9.28530855e-005	7.13561504e-001	2.84795619e-001	1.54996347e-003	5.04072204e-008	1.00421364e-014	1.89845532e-023	1.43003334e-034	2.28728481e-054	1.70680159e-073	8.47258173e-093	3.04758165e-112	
5.07	8.95200341e-009	8.99939857e-005	6.81180870e-001	3.16556964e-001	2.17206610e-003	9.70224630e-008	2.87532813e-014	9.05968475e-023	1.27815431e-033	2.03735385e-053	1.54544022e-072	7.79069529e-092	2.84425369e-111	
5.08	8.27328901e-009	8.69755437e-005	6.47653403e-001	3.49252207e-001	3.00722259e-003	1.83342071e-007	8.00982952e-014	4.15787277e-022	1.08323572e-032	1.72190898e-052	1.32791624e-071	6.79832200e-091	2.51910994e-110	
5.09	7.62281620e-009	8.37821580e-005	6.13319227e-001	3.82482217e-001	4.11442627e-003	3.40316611e-007	2.17272615e-013	1.83765222e-021	8.71872736e-032	1.38304685e-051	1.08431741e-070	5.63750341e-090	2.12031872e-109	
5.1	7.00127612e-009	8.04323218e-005	5.78442700e-001	4.15911618e-001	5.56462192e-003	6.20714876e-007	5.74255459e-013	7.82816212e-021	6.67291985e-031	1.05702923e-050	8.42455753e-070	4.44825890e-089	1.69806799e-108	
5.11	6.40997381e-009	7.69516552e-005	5.43381243e-001	4.49098930e-001	7.44175539e-003	1.11307846e-006	1.48000670e-012	3.21759406e-020	4.86327498e-030	7.69785678e-050	6.23762805e-069	3.34493139e-088	1.29603293e-107	
5.12	5.84793369e-009	7.33471167e-005	5.08399955e-001	4.81680460e-001	9.84426844e-003	1.96316968e-006	3.72201828e-012	1.27732387e-019	3.37947306e-029	5.34879089e-049	4.40628626e-068	2.39967665e-087	9.43751384e-107	
5.13	5.31674486e-009	6.96539716e-005	4.73827291e-001	5.13214329e-001	1.28853137e-002	3.40759572e-006	9.14118550e-012	4.90285720e-019	2.24232848e-028	3.55096598e-048	2.97400836e-067	1.64500711e-086	6.56663251e-106	
5.14	4.81825362e-009	6.58931596e-005	4.39901164e-001	5.43333122e-001	1.66939936e-002	5.82311508e-006	2.19388825e-011	1.82130314e-018	1.42234742e-027	2.25511703e-047	1.92022908e-066	1.07871978e-085	4.37082569e-105	
5.15	4.35099589e-009	6.20952051e-005	4.06865654e-001	5.71651369e-001	2.14110778e-002	9.79960573e-006	5.14817886e-011	6.55295726e-018	8.63485417e-027	4.46383982e-038	3.86479638e-057	2.20505299e-076	9.06906718e-096	
5.16	3.91417684e-009	5.82832621e-005	3.74902091e-001	5.97826682e-001	2.71966891e-002	1.62511567e-005	1.18210516e-010	2.28598127e-017	5.02365576e-026	4.85943225e-037	4.27766923e-056	2.47880236e-075	1.03486092e-094	
5.17	3.50810105e-009	5.44888307e-005	3.44185672e-001	6.21517696e-001	3.42155797e-002	2.65595146e-005	2.65674062e-010	7.73606316e-017	2.80335606e-025	5.00672856e-036	4.48109600e-055	2.63717985e-074	1.11754380e-093	
5.18	3.13267727e-009	5.07452017e-005	3.14890528e-001	6.42365597e-001	4.26503259e-002	4.28002180e-005	5.84878003e-010	2.54210207e-016	1.50230623e-024	4.88959978e-035	4.44954025e-054	2.65961760e-073	1.14401996e-092	
5.19	2.78693384e-009	4.70729758e-005	2.87084970e-001	6.60123918e-001	5.26760152e-002	6.80199723e-005	1.26167837e-009	8.11599998e-016	7.73798828e-024	4.53149570e-034	4.19272363e-053	2.54551856e-072	1.11148309e-091	
5.2	2.46899315e-009	4.34745902e-005	2.60757345e-001	6.74607366e-001	6.44851528e-002	1.06656056e-004	2.66866561e-009	2.51975476e-015	3.83541648e-023	3.99140692e-033	3.75520455e-052	2.31559755e-071	1.02632637e-090	
5.21	2.17760113e-009	3.99647124e-005	2.35997573e-001	6.85551139e-001	7.82462899e-002	1.65025706e-004	5.53588642e-009	7.61091128e-015	1.83049401e-022	3.34435785e-032	8.70128077e-043	5.44988148e-062	2.45202982e-081	
5.22	1.91236784e-009	3.65741833e-005	2.12768781e-001	6.92821395e-001	9.41212261e-002	2.52010447e-004	1.12678126e-008	2.23799767e-014	8.42108586e-022	2.66899460e-031	1.29861995e-041	8.26094115e-061	3.77280834e-080	
5.23	1.67209210e-009	3.33177211e-005	1.91089989e-001	6.96258428e-001	1.12238323e-001	3.79916997e-004	2.25111448e-008	6.41024477e-014	3.73702937e-021	2.03102634e-030	1.82318264e-040	1.17807097e-059	5.46187107e-079	
5.24	1.45562437e-009	3.02142306e-005	1.70946487e-001	6.95777575e-001	1.32680288e-001	5.65390921e-004	4.41482061e-008	1.78889132e-013	1.60051893e-020	1.47481830e-029	2.40992205e-039	1.58162502e-058	7.44364187e-078	
5.25	1.26124458e-009	2.72644023e-005	1.52297895e-001	6.91337268e-001	1.55506637e-001	8.30850081e-004	8.50307018e-008	4.86722750e-013	6.62176159e-020	1.02310351e-028	3.00397622e-038	2.00251731e-057	9.56723192e-077	
5.26	1.08811681e-009	2.44828715e-005	1.35114140e-001	6.82960900e-001	1.80694621e-001	1.20569469e-003	1.60868595e-007	1.29161079e-012	2.64805616e-019	6.78651147e-028	3.53519132e-037	2.39381861e-056	1.16097706e-075	
5.27	9.34213917e-010	2.18733128e-005	1.19348994e-001	6.70751730e-001	2.08149284e-001	1.72781885e-003	2.98994324e-007	3.34393674e-012	1.02410782e-018	4.30761553e-027	3.93190927e-036	2.70438770e-055	1.33148919e-074	
5.28	7.97977156e-010	1.94401079e-005	1.04958192e-001	6.54877925e-001	2.37698492e-001	2.44540455e-003	5.46100195e-007	8.45019327e-012	3.83297363e-018	2.61885660e-026	4.13803115e-035	2.89109980e-054	1.44504414e-073	
5.29	6.78060141e-010	1.71842586e-005	9.18775187e-002	6.35558947e-001	2.69126801e-001	3.41856756e-003	9.80385948e-007	2.08503838e-011	1.38911490e-017	1.52615363e-025	4.12530345e-034	2.92761582e-053	1.48549615e-072	
5.3	5.73201388e-010	1.51097931e-005	8.00589131e-002	6.13124224e-001	3.02078852e-001	4.72117018e-003	1.73040527e-006	5.02543183e-011	4.87788782e-017	8.53305859e-025	3.90018141e-033	2.81175215e-052	1.44838621e-071	
5.31	4.81967469e-010	1.32123508e-005	6.94334950e-002	5.87931765e-001	3.36177096e-001	6.44142745e-003	3.00324408e-006	1.18358672e-010	1.66056425e-016	4.58079597e-024	3.50045623e-032	2.56331007e-051	1.34050312e-070	
5.32	4.02730764e-010	1.14794140e-005	5.99357519e-002	5.60409742e-001	3.70953781e-001	8.68411717e-003	5.12727658e-006	2.72523609e-010	5.48393211e-016	2.36330869e-023	2.98614778e-031	2.22134031e-050	1.17930575e-069	
5.33	3.34692148e-010	9.91795589e-006	5.14947897e-002	5.31005645e-001	4.05910014e-001	1.15710196e-002	8.61288749e-006	6.13693920e-010	1.75806120e-015	1.17270923e-022	2.42359359e-030	1.83147706e-049	9.87159520e-069	
5.34	2.76663256e-010	8.52193493e-006	4.40371038e-002	5.00195716e-001	4.40504226e-001	1.52401905e-002	1.42398048e-005	1.35219788e-009	5.47406854e-015	5.60137246e-022	1.87352229e-029	1.43818400e-048	7.86967988e-068	
5.35	2.27538421e-010	7.28341758e-006	3.74857676e-002	4.68444285e-001	4.74192067e-001	1.98474135e-002	2.31806920e-005	2.91675729e-009	1.65678517e-014	2.57786363e-021	1.38112873e-028	1.07698747e-047	5.98326370e-067	
5.36	1.86150318e-010	6.19186911e-006	3.17651679e-002	4.36231691e-001	5.06397903e-001	2.55618766e-002	3.71640772e-005	6.16144380e-009	4.87644858e-014	1.14381869e-020	9.71748247e-028	7.69823534e-047	4.34192631e-066	
5.37	1.51519327e-010	5.23653847e-006	2.67978026e-002	4.03967485e-001	5.36603837e-001	3.25669203e-002	5.87054638e-005	1.27544093e-008	1.39702434e-013	4.89882271e-020	6.53454358e-027	5.25876676e-046	3.01137649e-065	
5.38	1.22768799e-010	4.40621840e-006	2.25104634e-002	3.72077139e-001	5.64266052e-001	4.10505287e-002	9.13851454e-005	2.58774960e-008	3.89678586e-013	2.02613289e-019	4.20276243e-026	3.43615602e-045	1.99776513e-064	
5.39	9.90224516e-011	3.68933126e-006	1.88297912e-002	3.40860453e-001	5.88955230e-001	5.12105287e-002	1.40256077e-004	5.14919440e-008	1.05917394e-012	8.10059120e-019	2.58840859e-025	2.14984102e-044	1.26901660e-063	
5.4	7.94951072e-011	3.07422380e-006	1.56865384e-002	3.10622233e-001	6.10238736e-001	6.32370440e-002	2.12273966e-004	1.00526582e-007	2.80676231e-012	3.13289763e-018	1.52792772e-024	1.28928168e-043	7.72672708e-063	
5.41	6.35263619e-011	2.54958534e-006	1.30156014e-002	2.81621900e-001	6.27734503e-001	7.73083380e-002	3.16915375e-004	1.92618071e-007	7.25530640e-012	1.17288553e-017	8.65242910e-024	7.41742743e-043	4.51346442e-062	
5.42	5.05176227e-011	2.10390998e-006	1.07538547e-002	2.54027083e-001	6.41182014e-001	9.35678405e-002	4.66741647e-004	3.62290455e-007	1.82993620e-011	4.25257613e-017	4.70373250e-023	4.09661426e-042	2.53096149e-061	
5.43	3.99792727e-011	1.72746315e-006	8.85110651e-003	2.28026436e-001	6.50483889e-001	1.11958954e-001	6.77218762e-004	6.68120320e-007	4.49919508e-011	1.49207617e-016	2.45339094e-022	2.17075822e-041	1.36174532e-060	
5.44	3.14642903e-011	1.41049285e-006	7.25534663e-003	2.03676674e-001	6.55391469e-001	1.32703836e-001	9.70053213e-004	1.21063692e-006	1.08069635e-010	5.07783568e-016	1.23072360e-021	1.10636785e-040	7.04692899e-060	
5.45	2.46567452e-011	1.14650735e-006	5.92346654e-003	1.81025433e-001	6.55860129e-001	1.55815773e-001	1.37189611e-003	2.15594896e-006	2.53707152e-010	1.67734262e-015	5.94368098e-021	1.50483862e-052	9.73186716e-072	
5.46	1.92332603e-011	9.27514262e-007	4.81677795e-003	1.60102957e-001	6.51895280e-001	1.81264224e-001	1.91605924e-003	3.77451531e-006	5.82373571e-010	5.38044518e-015	2.76515489e-020	3.75016274e-051	2.46251411e-070	
5.47	1.49315156e-011	7.46730731e-007	3.90058380e-003	1.40893482e-001	6.43613477e-001	2.08941997e-001	2.64321379e-003	6.49868965e-006	1.30774106e-009	1.67720224e-014	1.24036392e-019	8.67880542e-050	5.78664183e-069	
5.48	1.15403940e-011	5.98407267e-007	3.14598469e-003	1.23384161e-001	6.31193633e-001	2.38662630e-001	3.60198535e-003	1.10043111e-005	2.87302983e-009	5.08164952e-014	5.36654232e-019	1.86739223e-048	1.26431431e-067	
5.49	8.87830832e-012	4.77300175e-007	2.52688328e-003	1.07515122e-001	6.14916546e-001	2.70172621e-001	4.85000885e-003	1.83352850e-005	6.17997873e-009	1.49790859e-013	2.24206565e-018	3.74310406e-047	2.57328754e-066	
5.5	6.79876596e-012	3.78881664e-007	2.02124775e-003	9.32276666e-002	5.95146124e-001	3.03121055e-001	6.45345000e-003	3.00649020e-005	1.30174549e-008	4.29701205e-013	9.04941578e-018	6.99864439e-046	9.69452710e-078	
5.51	5.18280060e-012	2.99382036e-007	1.61031044e-003	8.04479756e-002	5.72260499e-001	3.37144810e-001	8.48754927e-003	4.85296846e-005	2.68632951e-008	1.20033102e-012	3.53136193e-017	1.22258420e-044	8.96116868e-076	
5.52	3.93612924e-012	2.35504522e-007	1.27789595e-003	6.90941963e-002	5.46769783e-001	3.71745353e-001	1.10353449e-002	7.71367560e-005	5.43335110e-008	3.26677582e-012	1.33323340e-016	1.99810788e-043	7.46528888e-074	
5.53	2.97575056e-012	1.84397848e-007	1.01003915e-003	5.90622106e-002	5.19146848e-001	4.06471753e-001	1.41880845e-002	1.20772092e-004	1.07753611e-007	8.66695171e-012	4.87325293e-016	3.05995657e-042	5.61868058e-072	
5.54	2.24050137e-012	1.43771661e-007	7.95356678e-004	5.02609308e-002	4.89921403e-001	4.40791866e-001	1.80437529e-002	1.86337524e-004	2.09644858e-007	2.24302547e-011	1.72607145e-015	4.39773161e-041	3.83006123e-070	
5.55	1.67832858e-012	1.11510892e-007	6.24029957e-004	4.25813010e-002	4.59607694e-001	4.74219442e-001	2.26838810e-002	2.83141268e-004	3.99954109e-007	5.66060701e-011	5.92285516e-015	5.93471761e-040	2.36726657e-068	
5.56	1.25198920e-012	8.61210363e-008	4.87922121e-004	3.59195752e-002	4.28721610e-001	5.06224375e-001	2.82214355e-002	4.24246672e-004	7.49202383e-007	1.39505627e-010	1.97205667e-014	7.53753390e-039	1.33112710e-066	
5.57	9.30513895e-013	6.62538953e-008	3.80254688e-004	3.01797464e-002	3.97717254e-001	5.36335377e-001	3.47588447e-002	6.27078377e-004	1.37866508e-006	3.35959499e-010	6.37632338e-014	9.02320556e-038	6.82414992e-065	
5.58	6.88998783e-013	5.07816728e-008	2.95377764e-004	2.52574564e-002	3.67004525e-001	5.64128438e-001	4.23969100e-002	9.14747130e-004	2.49381001e-006	7.91152030e-010	2.00385439e-013	1.01962694e-036	3.19651597e-063	
5.59	5.08411940e-013	3.87842966e-008	2.28747176e-004	2.10596165e-002	3.36944692e-001	5.89217547e-001	5.12274807e-002	1.31744052e-003	4.43559257e-006	1.82268921e-009	6.12409733e-013	1.08902058e-035	1.37101004e-061	
5.6	3.73946948e-013	2.95217603e-008	1.76635038e-004	1.74967449e-002	3.07833996e-001	6.11276637e-001	6.13343665e-002	1.87382588e-003	7.76146813e-006	4.11079423e-009	1.82155594e-012	1.10092809e-034	5.39635832e-060	
5.61	2.74242692e-013	2.24017091e-008	1.36024497e-004	1.44880863e-002	2.79932209e-001	6.30010845e-001	7.27862063e-002	2.63322967e-003	1.33672166e-005	9.08049119e-009	5.27642974e-012	1.05473839e-033	1.95258291e-058	
5.62	2.00491808e-013	1.69458886e-008	1.04478960e-004	1.19581473e-002	2.53409050e-001	6.45212608e-001	8.56357564e-002	3.65725311e-003	2.26697308e-005	1.96589602e-008	1.48969669e-011	9.59086527e-033	6.51007767e-057	
5.63	1.46155232e-013	1.27810851e-008	8.00424346e-005	9.83846360e-003	2.28395028e-001	6.56715368e-001	9.99163127e-002	5.01689601e-003	3.78346080e-005	4.16879077e-008	4.09724001e-011	8.27771120e-032	2.00133524e-055	
5.64	1.06421227e-013	9.62697707e-009	6.12686393e-005	8.08256817e-003	2.05292047e-001	6.64130004e-001	1.15570440e-001	6.80139178e-003	6.21845073e-005	8.66663976e-008	1.09892847e-010	6.79189968e-031	5.68548775e-054	
5.65	7.72775879e-014	7.23146519e-009	4.67881416e-005	6.62056673e-003	1.83769426e-001	6.67713519e-001	1.32627460e-001	9.12129879e-003	1.00756331e-004	1.76822445e-007	2.87768737e-010	5.30770875e-030	1.49644981e-052	
5.66	5.59729089e-014	5.41741257e-009	3.56456543e-005	5.40725404e-003	1.63827250e-001	6.67462406e-001	1.51004893e-001	1.21012351e-002	1.60956311e-004	3.54153387e-007	7.35960057e-010	3.95375090e-029	3.65418150e-051	
5.67	4.04194823e-014	4.04540315e-009	2.70956331e-005	4.40334968e-003	1.45457480e-001	6.63371103e-001	1.70600532e-001	1.58861473e-002	2.53589406e-004	6.96592218e-007	1.83940113e-009	2.81089646e-028	8.29418514e-050	
5.68	2.90676188e-014	3.00705134e-009	2.05403802e-005	3.57457526e-003	1.28604575e-001	6.55514741e-001	1.91252816e-001	2.06373122e-002	3.94087120e-004	1.34585156e-006	4.49383793e-009	1.90857134e-027	1.75233554e-048	
5.69	2.08549478e-014	2.22959607e-009	1.55374267e-005	2.89339265e-003	1.13232260e-001	6.43981478e-001	2.12739696e-001	2.65309223e-002	6.04145870e-004	2.55452039e-006	1.07348609e-008	1.23875414e-026	3.45035125e-047	
5.7	1.49142149e-014	1.64786252e-009	1.17196012e-005	2.33411103e-003	9.92514941e-002	6.28920888e-001	2.34809821e-001	3.37540569e-002	9.13121543e-004	4.76133740e-006	2.50649931e-008	7.68669359e-026	6.33719173e-046	
5.71	1.06354870e-014	1.21418208e-009	8.81501853e-006	1.87647963e-003	8.66158870e-002	6.10509501e-001	2.57122595e-001	4.24969544e-002	1.36099211e-003	8.71713947e-006	5.72276967e-008	4.56430207e-025	1.08733895e-044	
5.72	7.55541979e-015	8.91371300e-010	6.60873415e-006	1.50304103e-003	7.52294559e-002	5.88974906e-001	2.79319750e-001	5.29487641e-002	2.00165584e-003	1.56888570e-005	1.27876014e-007	2.59697484e-024	1.74613628e-043	
5.73	5.34974473e-015	6.52053712e-010	4.93825182e-006	1.19918600e-003	6.50213660e-002	5.64589272e-001	3.00974818e-001	6.52780188e-002	2.90437140e-003	2.77498309e-005	2.79608513e-007	1.41642047e-023	2.62662368e-042	
5.74	3.77263836e-015	4.75068898e-010	3.67624022e-006	9.52801689e-004	5.59100588e-002	5.37672547e-001	3.21627428e-001	7.96266577e-002	4.15797971e-003	4.82523302e-005	5.98494322e-007	7.41107870e-023	3.70625200e-041	
5.75	2.65005913e-015	3.44711007e-010	2.72632159e-006	7.53735346e-004	4.78236206e-002	5.08578071e-001	3.40797901e-001	9.60877358e-002	5.87248470e-003	8.24703169e-005	1.25401518e-006	3.72182563e-022	4.91054284e-040	
5.76	1.85360721e-015	2.49062706e-010	2.01385255e-006	5.93615411e-004	4.06881312e-002	4.77897758e-001	3.57852058e-001	1.14646885e-001	8.17846591e-003	1.38500836e-004	2.57136019e-006	1.79413678e-021	6.11206544e-039	
5.77	1.29098954e-015	1.79165195e-010	1.48145220e-006	4.65346000e-004	3.44228316e-002	4.45893452e-001	3.72459062e-001	1.35288619e-001	1.12353983e-002	2.28647381e-004	5.16257137e-006	8.31074249e-021	7.15882648e-038	
5.78	8.94653717e-016	1.28228443e-010	1.08451826e-006	3.62877302e-004	2.89470953e-002	4.12982159e-001	3.84204874e-001	1.57894392e-001	1.52262740e-002	3.71092673e-004	1.01508043e-005	3.70118043e-020	7.89756422e-037	
5.79	6.16829222e-016	9.13002186e-011	7.90061437e-007	2.81445998e-004	2.41894636e-002	3.79609964e-001	3.92724117e-001	1.82228426e-001	2.03541945e-002	5.92050706e-004	1.95471051e-005	1.58555704e-019	8.21482944e-036	
5.8	4.23467271e-016	6.47275636e-011	5.73216856e-007	2.17306316e-004	2.01050303e-002	3.46226615e-001	3.97715572e-001	2.07935007e-001	2.68345764e-002	9.28460272e-004	3.68593480e-005	6.53574408e-019	8.06245692e-035	
5.81	2.88896176e-016	4.55960408e-011	4.13777951e-007	1.66853575e-004	1.66044706e-002	3.13272104e-001	3.98980233e-001	2.34582725e-001	3.48936823e-002	1.43142885e-003	6.80883197e-005	2.59403653e-018	7.47475984e-034	
5.82	1.95760937e-016	3.19015259e-011	2.97015869e-007	1.27333087e-004	1.36197810e-002	2.81157525e-001	3.96431874e-001	2.61619393e-001	4.47509549e-002	2.16962713e-003	1.23215152e-004	9.91865828e-018	6.55228506e-033	
5.83	1.31916627e-016	2.21938508e-011	2.12033271e-007	9.65979235e-005	1.10923944e-002	2.50250244e-001	3.90101726e-001	2.88408493e-001	5.65986248e-002	3.23322230e-003	2.18485317e-004	3.65558330e-017	5.43620462e-032	
5.84	8.83554125e-017	1.53473010e-011	1.50476359e-007	7.28187764e-005	8.97077372e-003	2.20928762e-001	3.80217801e-001	3.14129664e-001	7.05658361e-002	4.73478313e-003	3.79411286e-004	1.29848582e-016	4.26967306e-031	
5.85	5.88159056e-017	1.05456672e-011	1.06143903e-007	5.45379810e-005	7.20232762e-003	1.93409209e-001	3.66986621e-001	3.38128766e-001	8.67563264e-002	6.81650519e-003	6.45601126e-004	4.44916227e-016	3.17892936e-030	
