4	9.99113261e-001	8.86739139e-004	3.36370207e-022	6.43487473e-041	6.53897522e-060	4.55106850e-079	1.82312562e-098	4.73366990e-118	
4.01	9.98660165e-001	1.33983525e-003	5.13425524e-022	9.96304356e-041	1.02809299e-059	7.27132747e-079	2.95666550e-098	7.78828202e-118	
4.02	9.97993420e-001	2.00658035e-003	7.76720735e-022	1.52888754e-040	1.60201974e-059	1.15145528e-078	4.75258084e-098	1.27009830e-117	
4.03	9.97021213e-001	2.97878665e-003	1.16472596e-021	2.32559144e-040	2.47434932e-059	1.80728166e-078	7.57166895e-098	2.05294424e-117	
4.04	9.95616699e-001	4.38330056e-003	1.73116136e-021	3.50629161e-040	3.78771915e-059	2.81154925e-078	1.19564076e-097	3.28888364e-117	
4.05	9.93605781e-001	6.39421894e-003	2.55064779e-021	5.24048280e-040	5.74734078e-059	4.33565237e-078	1.87163927e-097	5.22337372e-117	
4.06	9.90753896e-001	9.24610372e-003	3.72496322e-021	7.76325127e-040	8.64273610e-059	6.62634064e-078	2.90361537e-097	8.22134711e-117	
4.07	9.86748688e-001	1.32513122e-002	5.39131461e-021	1.13978872e-039	1.28789685e-058	1.00350386e-077	4.46358803e-097	1.28223493e-116	
4.08	9.81182558e-001	1.88174422e-002	7.73075971e-021	1.65785844e-039	1.90097401e-058	1.50536428e-077	6.79684070e-097	1.98095092e-116	
4.09	9.73532061e-001	2.64679389e-002	1.09793582e-020	2.38837464e-039	2.77850445e-058	2.23622088e-077	1.02494311e-096	3.03076206e-116	
4.1	9.63148595e-001	3.68514049e-002	1.54325578e-020	3.40524224e-039	4.01803236e-058	3.28673404e-077	1.52921139e-096	4.58781768e-116	
4.11	9.49243885e-001	5.07561142e-002	3.62654013e-010	8.11651513e-029	9.71072483e-048	8.07343268e-067	3.81307924e-086	1.16068405e-105	
4.12	9.30923161e-001	6.90768385e-002	9.24600011e-010	2.09883552e-028	2.54512280e-047	2.15050511e-066	1.03107116e-085	3.18438234e-105	
4.13	9.07211803e-001	9.27881948e-002	2.29422326e-009	5.28172586e-028	6.48868642e-047	5.57255790e-066	2.71223494e-085	8.49884041e-105	
4.14	8.77154801e-001	1.22845194e-001	5.53392768e-009	1.29197761e-027	1.60713721e-046	1.40287815e-065	6.93121618e-085	2.20367411e-104	
4.15	8.39970711e-001	1.60029277e-001	1.29590220e-008	3.06773240e-027	3.86150295e-046	3.42605177e-065	1.71835278e-084	5.54307347e-104	
4.16	7.95210381e-001	2.04789590e-001	2.94181082e-008	7.06012004e-027	8.98645695e-046	8.10466897e-065	4.12661353e-084	1.35064103e-103	
4.17	7.42983339e-001	2.57016596e-001	6.46456812e-008	1.57258152e-026	2.02240480e-045	1.85388651e-064	9.58278980e-084	3.18227669e-103	
4.18	6.84095164e-001	3.15904699e-001	1.37357622e-007	3.38602824e-026	4.39555546e-045	4.09574680e-064	2.14920858e-083	7.24175680e-103	
4.19	6.20075687e-001	3.79924031e-001	2.81996282e-007	7.04216067e-026	9.21821174e-045	8.73102078e-064	4.65108714e-083	1.59011526e-102	
4.2	5.53074992e-001	4.46924448e-001	5.59324609e-007	1.41443609e-025	1.86478061e-044	1.79530241e-063	9.70906067e-083	3.36804408e-102	
4.21	4.85593942e-001	5.14404986e-001	1.07230262e-006	2.74470826e-025	3.63985871e-044	3.56220269e-063	1.95574980e-082	6.88377672e-102	
4.22	4.20090284e-001	5.79907727e-001	1.98943150e-006	5.15129855e-025	6.86153653e-044	6.82604112e-063	3.80471608e-082	1.35882717e-101	
4.23	3.58659290e-001	6.41337131e-001	3.57818473e-006	9.36624017e-025	1.25113411e-043	1.26525435e-062	7.15965566e-082	2.59454816e-101	
4.24	3.02816638e-001	6.97177110e-001	6.25200490e-006	1.65300748e-024	2.21064190e-043	2.27259278e-062	1.30556258e-081	4.80074491e-101	
4.25	2.53398982e-001	7.46590381e-001	1.06373191e-005	2.83805638e-024	3.79297602e-043	3.96389936e-062	2.31185079e-081	8.62566521e-101	
4.26	2.10648101e-001	7.89334235e-001	1.76637267e-005	4.75022904e-024	6.33220342e-043	6.72729761e-062	3.98324212e-081	1.50806123e-100	
4.27	1.74350595e-001	8.25620716e-001	2.86894347e-005	7.76649560e-024	1.03053124e-042	1.11300490e-061	6.69074180e-081	2.57029764e-100	
4.28	1.43980209e-001	8.55974119e-001	4.56724233e-005	1.24271940e-023	1.63787252e-042	1.79833825e-061	1.09755157e-080	4.27845308e-100	
4.29	1.18852802e-001	8.81075818e-001	7.13801326e-005	1.94878597e-023	2.54563573e-042	2.84152358e-061	1.76076563e-080	6.96477842e-100	
4.3	9.82336122e-002	9.01656691e-001	1.09696776e-004	1.24914444e-013	1.61361069e-032	1.83113071e-051	1.15194433e-070	4.62368279e-090	
4.31	8.14144488e-002	9.18419605e-001	1.65945919e-004	3.57723277e-013	4.55930763e-032	5.26011241e-051	3.35980608e-070	1.36844497e-089	
4.32	6.77457951e-002	9.32006814e-001	2.47390595e-004	9.92809543e-013	1.24565198e-031	1.46108965e-050	9.47528957e-070	3.91605619e-089	
4.33	5.66615068e-002	9.42974746e-001	3.63747395e-004	2.67271321e-012	3.29370913e-031	3.92781569e-050	2.58613095e-069	1.08460449e-088	
4.34	4.76830517e-002	9.51789052e-001	5.27896589e-004	6.98539990e-012	8.43667709e-031	1.02290030e-049	6.83802594e-069	2.91016978e-088	
4.35	4.04039852e-002	9.58839540e-001	7.56474904e-004	1.77324009e-011	2.09441929e-030	2.58181417e-049	1.75240221e-068	7.56813736e-088	
4.36	3.44980715e-002	9.64430884e-001	1.07104486e-003	4.37550605e-011	5.04369472e-030	6.32144926e-049	4.35631539e-068	1.90915742e-087	
4.37	2.96963815e-002	9.68804729e-001	1.49888888e-003	1.05004864e-010	1.17899536e-029	1.50244082e-048	1.05124602e-067	4.67511351e-087	
4.38	2.57795003e-002	9.72146496e-001	2.07400366e-003	2.45203172e-010	2.67689052e-029	3.46841825e-048	2.46406525e-067	1.11204317e-086	
4.39	2.25780758e-002	9.74583419e-001	2.83850472e-003	5.57491544e-010	5.90769595e-029	7.78301292e-048	5.61423423e-067	2.57120872e-086	
4.4	1.99471067e-002	9.76209457e-001	3.84343494e-003	1.23468898e-009	1.26811654e-028	1.69870404e-047	1.24419837e-066	5.78266579e-086	
4.41	1.77776583e-002	9.77072421e-001	5.14991760e-003	2.66520338e-009	2.64957091e-028	3.60888462e-047	2.68398380e-066	1.26591067e-085	
4.42	1.59772401e-002	9.77191576e-001	6.83117844e-003	5.61147115e-009	5.39305252e-028	7.46929147e-047	5.64018083e-066	2.69955527e-085	
4.43	1.44754087e-002	9.76553577e-001	8.97100254e-003	1.15291497e-008	1.07018933e-027	1.50716033e-046	1.15562055e-065	5.61335092e-085	
4.44	1.32152342e-002	9.75117125e-001	1.16676181e-002	2.31337296e-008	2.07217213e-027	2.96741007e-046	2.31034730e-065	1.13888756e-084	
4.45	1.21484751e-002	9.72819585e-001	1.50318944e-002	4.53624868e-008	3.91832831e-027	5.70586019e-046	4.51091801e-065	2.25658730e-084	
4.46	1.12363900e-002	9.69576577e-001	1.91869458e-002	8.69874301e-008	7.24231372e-027	1.07242696e-045	8.60903071e-065	4.37073195e-084	
4.47	1.04486975e-002	9.65282321e-001	2.42688183e-002	1.63237154e-007	1.30945896e-026	1.97177980e-045	1.60725448e-064	8.28097522e-084	
4.48	9.76103477e-003	9.59816520e-001	3.04221448e-002	2.99978869e-007	2.31822928e-026	3.54984960e-045	2.93837398e-064	1.53648503e-083	
4.49	9.15289744e-003	9.53039490e-001	3.78070720e-002	5.40269060e-007	4.02195385e-026	6.26296964e-045	5.26388439e-064	2.79340076e-083	
4.5	8.60817754e-003	9.44813101e-001	4.65777676e-002	9.54136394e-007	3.48809931e-017	5.52368929e-036	4.71425219e-055	2.53891221e-074	
4.51	8.11368041e-003	9.34986362e-001	5.68983038e-002	1.65344740e-006	1.12526281e-016	1.81216332e-035	1.57060437e-054	8.58488312e-074	
4.52	7.65864414e-003	9.23415742e-001	6.89228003e-002	2.81319057e-006	3.51316260e-016	5.75371788e-035	5.06400095e-054	2.80927602e-073	
4.53	7.23453868e-003	9.09961835e-001	8.27989240e-002	4.70211985e-006	1.06253656e-015	1.76974393e-034	1.58168195e-053	8.90486404e-073	
4.54	6.83382199e-003	8.94508803e-001	9.86496501e-002	7.72499829e-006	3.11598540e-015	5.27820005e-034	4.79008989e-053	2.73719422e-072	
4.55	6.45229820e-003	8.76960102e-001	1.16575120e-001	1.24800262e-005	8.86878143e-015	1.52786215e-033	1.40816788e-052	8.16660605e-072	
4.56	6.08504105e-003	8.57256146e-001	1.36638978e-001	1.98354589e-005	2.45167784e-014	4.29553717e-033	4.02015646e-052	2.36632907e-071	
4.57	5.72852715e-003	8.35371071e-001	1.58869368e-001	3.10329583e-005	6.58913281e-014	1.17415674e-032	1.11601249e-051	6.66713956e-071	
4.58	5.38184297e-003	8.11343961e-001	1.83226395e-001	4.78004369e-005	1.72271060e-013	3.12215344e-032	3.01337075e-051	1.82717121e-070	
4.59	5.04354214e-003	7.85244392e-001	2.09639543e-001	7.25227433e-005	4.38450529e-013	8.08203739e-032	7.92201274e-051	4.87538478e-070	
4.6	4.71267369e-003	7.57218663e-001	2.37960227e-001	1.08436688e-004	1.08727860e-012	3.92833361e-023	3.91034602e-042	2.44243974e-061	
4.61	4.38936055e-003	7.27435751e-001	2.68015065e-001	1.59823315e-004	2.62854068e-012	1.86951641e-022	1.88994674e-041	1.19821641e-060	
4.62	4.07469271e-003	6.96145836e-001	2.99547142e-001	2.32329383e-004	6.20054808e-012	8.55410575e-022	8.78217894e-041	5.65133780e-060	
4.63	3.76905231e-003	6.63617677e-001	3.32280069e-001	3.33201233e-004	1.42795454e-011	3.76616706e-021	3.92681298e-040	2.56470053e-059	
4.64	3.47378020e-003	6.30169323e-001	3.65885275e-001	4.71622197e-004	3.21275479e-011	1.59728725e-020	1.69137864e-039	1.12130644e-058	
4.65	3.19003633e-003	5.96126755e-001	4.00023999e-001	6.59209630e-004	7.06721798e-011	6.53247400e-020	7.02514760e-039	4.72723747e-058	
4.66	2.91858147e-003	5.61822478e-001	4.34348718e-001	9.10222675e-004	1.52097056e-010	2.57883521e-019	2.81661375e-038	1.92378509e-057	
4.67	2.66075495e-003	5.27589588e-001	4.68507475e-001	1.24218182e-003	3.20504684e-010	9.83736630e-019	1.09122200e-037	7.56532166e-057	
4.68	2.41714809e-003	4.93739614e-001	5.02167098e-001	1.67613884e-003	6.61696679e-010	3.62946628e-018	4.08894052e-037	2.87750916e-056	
4.69	2.18853545e-003	4.60568121e-001	5.35005760e-001	2.23758175e-003	1.33942830e-009	1.29657502e-017	1.48356334e-036	1.05968810e-055	
4.7	1.97502019e-003	4.28278022e-001	5.66790163e-001	2.95679301e-003	2.66068707e-009	4.48956563e-017	5.21739179e-036	3.78291168e-055	
4.71	1.77710820e-003	3.97147758e-001	5.97206759e-001	3.86836942e-003	5.18871373e-009	1.50795269e-016	1.77986225e-035	1.30997442e-054	
4.72	1.59446032e-003	3.67306850e-001	6.26084378e-001	5.01430158e-003	9.94237640e-009	4.91858062e-016	5.89644746e-035	4.40526519e-054	
4.73	1.42677079e-003	3.38876717e-001	6.53254889e-001	6.44160516e-003	1.87299324e-008	1.55927159e-015	1.89856395e-034	1.43983312e-053	
4.74	1.27354665e-003	3.11952909e-001	6.78568183e-001	8.20532667e-003	3.47102814e-008	4.80849914e-015	5.94669694e-034	4.57790372e-053	
4.75	1.13459393e-003	2.86674032e-001	7.01825619e-001	1.03656913e-002	6.33106797e-008	1.44353257e-014	1.81325533e-033	1.41704856e-052	
4.76	1.00864358e-003	2.62955963e-001	7.23040644e-001	1.29946352e-002	1.13735466e-007	4.22279457e-014	5.38766069e-033	4.27388600e-052	
4.77	8.94861824e-004	2.40792603e-001	7.42143268e-001	1.61690662e-002	2.01335164e-007	1.20450810e-013	1.56093111e-032	1.25699075e-051	
4.78	7.92506833e-004	2.20148193e-001	7.59081664e-001	1.99772847e-002	3.51358425e-007	3.35272308e-013	4.41316171e-032	3.60788236e-051	
4.79	7.00551855e-004	2.00960587e-001	7.73823880e-001	2.45143761e-002	6.04809340e-007	9.11326010e-013	1.21846431e-031	1.01117370e-050	
4.8	6.18221350e-004	1.83196591e-001	7.86300737e-001	2.98834234e-002	1.02718993e-006	2.42027069e-012	3.28693750e-031	2.76911331e-050	
4.81	5.44610063e-004	1.66759964e-001	7.96500630e-001	3.61930747e-002	1.72191043e-006	6.28394624e-012	8.66870773e-031	7.41422146e-050	
4.82	4.78944974e-004	1.51591507e-001	8.04368413e-001	4.35582855e-002	2.84981420e-006	1.59590841e-011	2.23629339e-030	1.94173256e-049	
4.83	4.20451365e-004	1.37601002e-001	8.09868028e-001	5.21058606e-002	4.65843980e-006	3.96681804e-011	5.64631420e-030	4.97691864e-049	
4.84	3.68487321e-004	1.24724930e-001	8.12949774e-001	6.19492863e-002	7.52188921e-006	9.65291025e-011	1.39567547e-029	1.24892659e-048	
4.85	3.22367806e-004	1.12883728e-001	8.13569552e-001	7.32123504e-002	1.20008953e-005	2.30084820e-010	3.37932644e-029	3.07016121e-048	
4.86	2.81490919e-004	1.02000540e-001	8.11692285e-001	8.60067620e-002	1.89211616e-005	5.37366088e-010	8.01727819e-029	7.39464876e-048	
4.87	2.45292782e-004	9.20027214e-002	8.07289123e-001	1.00433378e-001	2.94836038e-005	1.23008734e-009	1.86430539e-028	1.74576776e-047	
4.88	2.13299066e-004	8.28306810e-002	8.00328956e-001	1.16581646e-001	4.54151204e-005	2.76099689e-009	4.25082659e-028	4.04109382e-047	
4.89	1.85070724e-004	7.44282863e-002	7.90803173e-001	1.34514307e-001	6.91567416e-005	6.07770815e-009	9.50562756e-028	9.17443061e-047	
4.9	1.60202339e-004	6.67364286e-002	7.78727642e-001	1.54271596e-001	1.04118581e-004	1.31252652e-008	2.08539463e-027	2.04350282e-046	
4.91	1.38328817e-004	5.97057079e-002	7.64144314e-001	1.75856628e-001	1.54994316e-004	2.78147678e-008	4.48951139e-027	4.46673106e-046	
4.92	1.19121996e-004	5.32838964e-002	7.47126975e-001	1.99241790e-001	2.28158210e-004	5.78565234e-008	9.48685328e-027	9.58297047e-046	
4.93	1.02307429e-004	4.74357529e-002	7.27795884e-001	2.24333811e-001	3.32127148e-004	1.18143392e-007	1.96803971e-026	2.01841946e-045	
4.94	8.76078182e-005	4.21156178e-002	7.06266509e-001	2.51051832e-001	4.78196188e-004	2.36947975e-007	4.00988263e-026	4.17552574e-045	
4.95	7.47875131e-005	3.72914940e-002	6.82768906e-001	2.79183417e-001	6.80929461e-004	4.66743012e-007	8.02460305e-026	8.48428141e-045	
4.96	6.36600921e-005	3.29345648e-002	6.57480653e-001	3.08561046e-001	9.59173207e-004	9.03331847e-007	1.57781710e-025	1.69380915e-044	
4.97	5.40277454e-005	2.90056615e-002	6.30678262e-001	3.38923444e-001	1.33688639e-003	1.71855561e-006	3.04962577e-025	3.32409641e-044	
4.98	4.57102659e-005	2.54726679e-002	6.02607194e-001	3.70027434e-001	1.84377971e-003	3.21414121e-006	5.79469092e-025	6.41331974e-044	
4.99	3.85586589e-005	2.23059328e-002	5.73560587e-001	4.01572288e-001	2.51672115e-003	5.91229584e-006	1.08293724e-024	1.21698852e-043	
5	3.24289006e-005	1.94776720e-002	5.43839525e-001	4.33239046e-001	3.40062902e-003	1.06993632e-005	1.99113486e-024	2.27205128e-043	
5.01	2.71902101e-005	1.69597314e-002	5.13731106e-001	4.64713039e-001	4.54987685e-003	1.90563136e-005	3.60307694e-024	4.17476994e-043	
5.02	2.27337232e-005	1.47274351e-002	4.83518239e-001	4.95669265e-001	6.02890910e-003	3.34178493e-005	6.41971939e-024	7.55305535e-043	
5.03	1.89534738e-005	1.27554601e-002	4.53457623e-001	5.25796171e-001	7.91407325e-003	5.77192748e-005	1.12658146e-023	1.34592722e-042	
5.04	1.57597729e-005	1.10187988e-002	4.23805256e-001	5.54768909e-001	1.02930546e-002	9.82221966e-005	1.94788689e-023	2.36308006e-042	
5.05	1.30683598e-005	9.49447327e-003	3.94763257e-001	5.82296565e-001	1.32678930e-002	1.64743592e-004	3.31956944e-023	8.69324389e-053	
5.06	1.08098353e-005	8.16161139e-003	3.66503801e-001	6.08097493e-001	1.69538307e-002	2.72454895e-004	5.57817691e-023	7.21398995e-052	
5.07	8.91824662e-006	6.99910661e-003	3.39183620e-001	6.31884481e-001	2.14794738e-002	4.44399769e-004	9.24484646e-023	5.69655324e-051	
5.08	7.33630199e-006	5.98762735e-003	3.12910471e-001	6.53396274e-001	2.69832219e-002	7.15069921e-004	1.51152008e-022	4.28553587e-050	
5.09	6.02048635e-006	5.11039597e-003	2.87750483e-001	6.72376510e-001	3.36210929e-002	1.13549760e-003	2.43888826e-022	3.07483382e-049	
5.1	4.92776589e-006	4.35092865e-003	2.63781272e-001	6.88538031e-001	4.15455016e-002	1.77933899e-003	3.88340861e-022	2.10576689e-048	
5.11	4.02279009e-006	3.69494382e-003	2.40997601e-001	7.01629236e-001	5.09216616e-002	2.75253477e-003	6.10426410e-022	1.37796453e-047	
5.12	3.27463616e-006	3.12900431e-003	2.19408877e-001	7.11356822e-001	6.18988273e-002	4.20319429e-003	9.47198714e-022	8.62214529e-047	
5.13	2.65763078e-006	2.64214813e-003	1.99013028e-001	7.17395568e-001	7.46113657e-002	6.33523246e-003	1.45073907e-021	5.16200633e-046	
5.14	2.14948648e-006	2.22334453e-003	1.79767052e-001	7.19427282e-001	8.91563657e-002	9.42380604e-003	2.19295978e-021	2.95863210e-045	
5.15	1.73120837e-006	1.86352725e-003	1.61637701e-001	7.17085863e-001	1.05579550e-001	1.38316275e-002	3.27073886e-021	1.62418147e-044	
5.16	1.38815065e-006	1.55491999e-003	1.44582133e-001	7.10018588e-001	1.23823680e-001	2.00192905e-002	4.81071045e-021	8.54099831e-044	
5.17	1.10707249e-006	1.29057699e-003	1.28566650e-001	6.97903984e-001	1.43688404e-001	2.85492775e-002	6.97174054e-021	4.30155172e-043	
5.18	8.77429120e-007	1.06458547e-003	1.13542202e-001	6.80370579e-001	1.64915382e-001	4.01063737e-002	9.95318866e-021	2.07576024e-042	
5.19	6.90155867e-007	8.71818652e-004	9.94893866e-002	6.57170232e-001	1.87023343e-001	5.54445303e-002	1.39831354e-020	9.59366561e-042	
5.2	5.38097142e-007	7.07895877e-004	8.63844282e-002	6.28203932e-001	2.09341086e-001	7.53621200e-002	1.93156961e-020	4.24554092e-041	
5.21	4.15479871e-007	5.69236261e-004	7.42370395e-002	5.93567939e-001	2.31020485e-001	1.00604884e-001	2.62053305e-020	1.79813348e-040	
5.22	3.17285853e-007	4.52745617e-004	6.30634493e-002	5.53688516e-001	2.51044554e-001	1.31750418e-001	3.48776752e-020	7.28425231e-040	
5.23	2.39369562e-007	3.55745086e-004	5.28935340e-002	5.09313415e-001	2.68334081e-001	1.69102985e-001	4.54969288e-020	2.82172333e-039	
5.24	1.78191322e-007	2.75831241e-004	4.37556769e-002	4.61532482e-001	2.81884921e-001	2.12550911e-001	5.81200708e-020	1.04477964e-038	
5.25	1.30847943e-007	2.10952938e-004	3.56815778e-002	4.11784944e-001	2.90838320e-001	2.61484075e-001	7.26687811e-020	3.69817263e-038	
5.26	9.47245509e-008	1.59058617e-004	2.86747084e-002	3.61646058e-001	2.94696422e-001	3.14823658e-001	8.89231890e-020	1.25189241e-037	
5.27	6.76225546e-008	1.18268513e-004	2.27136163e-002	3.12699964e-001	2.93327113e-001	3.71140970e-001	1.06548666e-019	4.05718596e-037	
5.28	4.76453255e-008	8.67969522e-005	1.77473645e-002	2.66409749e-001	2.87039688e-001	4.28716354e-001	1.25095957e-019	1.26022822e-036	
5.29	3.31669947e-008	6.29274104e-005	1.36932046e-002	2.23887621e-001	2.76461903e-001	4.85894311e-001	1.44105318e-019	3.75901154e-036	
5.3	2.28382783e-008	4.51401488e-005	1.04480714e-002	1.85868949e-001	2.62478548e-001	5.41159269e-001	1.63132448e-019	1.07892865e-035	
5.31	1.55786371e-008	3.20919925e-005	7.89668487e-003	1.52686512e-001	2.46066111e-001	5.93318585e-001	1.81798807e-019	2.98646949e-035	
5.32	1.05478590e-008	2.26451155e-005	5.92130589e-003	1.24316038e-001	2.28186656e-001	6.41553345e-001	1.99811058e-019	7.99057003e-035	
5.33	7.10124164e-009	1.58877572e-005	4.41236350e-003	1.00501872e-001	2.09678746e-001	6.85391124e-001	2.16985191e-019	2.07128612e-034	
5.34	4.76066010e-009	1.11000538e-005	3.27283405e-003	8.07950319e-002	1.91229601e-001	7.24691429e-001	2.33207218e-019	5.21270272e-034	
5.35	3.18334814e-009	7.73468456e-006	2.42010296e-003	6.46904452e-002	1.73357174e-001	7.59524540e-001	2.48454216e-019	1.27634603e-033	
5.36	2.12528082e-009	5.38152335e-006	1.78601791e-003	5.16449937e-002	1.56413939e-001	7.90149666e-001	1.23560564e-011	1.43223308e-025	
5.37	1.41862141e-009	3.74276340e-006	1.31697945e-003	4.11596170e-002	1.40620286e-001	8.16899374e-001	2.48192829e-011	6.37620514e-025	
5.38	9.47725114e-010	2.60542987e-006	9.71634817e-004	3.27918480e-002	1.26091464e-001	8.40142446e-001	4.88808051e-011	2.73494827e-024	
5.39	6.33928700e-010	1.81578582e-006	7.17497054e-004	2.61236609e-002	1.12862526e-001	8.60294499e-001	9.45070787e-011	1.13205917e-023	
5.4	4.24855378e-010	1.26781981e-006	5.30599141e-004	2.08241421e-002	1.00902972e-001	8.77741018e-001	1.79553520e-010	4.52855210e-023	
5.41	2.85357074e-010	8.87128010e-007	3.93063722e-004	1.66157648e-002	9.01524035e-002	8.92837880e-001	3.35551548e-010	1.75294832e-022	
5.42	1.92102764e-010	6.22577079e-007	2.91920394e-004	1.32794209e-002	8.05385078e-002	9.05889527e-001	6.17259013e-010	6.57331792e-022	
5.43	1.29688365e-010	4.38147475e-007	2.17318776e-004	1.06302902e-002	7.19609756e-002	9.17190976e-001	1.11856231e-009	2.39070611e-021	
5.44	8.78576829e-011	3.09407700e-007	1.62280703e-004	8.52919263e-003	6.43337236e-002	9.26974492e-001	1.99805905e-009	8.44076807e-021	
5.45	5.97229646e-011	2.19225232e-007	1.21539282e-004	6.85807750e-003	5.75523157e-002	9.35467845e-001	3.51994671e-009	2.89574207e-020	
5.46	4.07424489e-011	1.55868473e-007	9.13092179e-005	5.52751490e-003	5.15327484e-002	9.42848265e-001	6.11915993e-009	9.66160536e-020	
5.47	2.79000708e-011	1.11232572e-007	6.88258140e-005	4.46692091e-003	4.61919553e-002	9.49272176e-001	1.05024730e-008	3.13745586e-019	
5.48	1.91769649e-011	7.96698507e-008	5.20527097e-005	3.61927631e-003	4.14539285e-002	9.54874645e-001	1.78027279e-008	9.92386154e-019	
5.49	1.32312135e-011	5.72751345e-008	3.94967308e-005	2.94010324e-003	3.72465189e-002	9.59773794e-001	2.98181804e-008	3.05971664e-018	
5.5	9.16336845e-012	4.13273056e-008	3.00738534e-005	2.39498423e-003	3.35105548e-002	9.64064296e-001	4.93627423e-008	9.20106048e-018	
5.51	6.36992387e-012	2.99280160e-008	2.29757848e-005	1.95614521e-003	3.01911148e-002	9.67829653e-001	8.08057545e-008	2.70076434e-017	
5.52	4.44606079e-012	2.17602431e-008	1.76151835e-005	1.60230322e-003	2.72391548e-002	9.71140774e-001	1.30827756e-007	7.74179398e-017	
5.53	3.11424682e-012	1.58780767e-008	1.35516715e-005	1.31615578e-003	2.46128338e-002	9.74057233e-001	2.09570150e-007	2.16852150e-016	
5.54	2.18928568e-012	1.16348821e-008	1.04646140e-005	1.08440239e-003	2.22718250e-002	9.76632964e-001	3.32237224e-007	5.93938801e-016	
5.55	1.54484564e-012	8.55682586e-009	8.10844936e-006	8.95965724e-004	2.01828298e-002	9.78912566e-001	5.21432607e-007	1.59154273e-015	
5.56	1.09442291e-012	6.31715153e-009	6.30432653e-006	7.42364788e-004	1.83175874e-002	9.80932927e-001	8.10331944e-007	4.17404584e-015	
5.57	7.78088224e-013	4.67995321e-009	4.91739418e-006	6.16704963e-004	1.66494046e-002	9.82727721e-001	1.24732251e-006	1.07210016e-014	
5.58	5.55333201e-013	3.48004878e-009	3.84872117e-006	5.13764595e-004	1.51560555e-002	9.84324426e-001	1.90206206e-006	2.69813846e-014	
5.59	3.97760703e-013	2.59673064e-009	3.02178852e-006	4.29112645e-004	1.38172579e-002	9.85747731e-001	2.87420505e-006	6.65657762e-014	
5.6	2.85953969e-013	1.94454700e-009	2.37999160e-006	3.59362050e-004	1.26156907e-002	9.87018261e-001	4.30477478e-006	1.61058192e-013	
5.61	2.06260888e-013	1.46086995e-009	1.88059697e-006	3.01754296e-004	1.15361060e-002	9.88153866e-001	6.39168154e-006	3.82365305e-013	
5.62	1.49303683e-013	1.10126106e-009	1.49056622e-006	2.54022750e-004	1.05647183e-002	9.89170356e-001	9.41115959e-006	8.91185828e-013	
5.63	1.08461754e-013	8.33057908e-010	1.18529846e-006	2.14426756e-004	9.68981273e-003	9.90080833e-001	1.37418349e-005	2.03962705e-012	
5.64	7.90702472e-014	6.32322562e-010	9.45425292e-007	1.81449458e-004	8.90101466e-003	9.90896686e-001	1.99035369e-005	4.58598228e-012	
5.65	5.78397029e-014	4.81529061e-010	7.56414701e-007	1.53948481e-004	8.18904063e-003	9.91627650e-001	2.86044382e-005	1.01355742e-011	
5.66	4.24296660e-014	3.67930098e-010	6.07034076e-007	1.30942940e-004	7.54536074e-003	9.92282297e-001	4.07922563e-005	2.20244404e-011	
5.67	3.12293705e-014	2.82114084e-010	4.88708945e-007	1.11675037e-004	6.96372106e-003	9.92866376e-001	5.77386919e-005	4.70798837e-011	
5.68	2.30741643e-014	2.17109222e-010	3.94804338e-007	9.55232197e-005	6.43720599e-003	9.93385757e-001	8.11188063e-005	9.90156514e-011	
5.69	1.71078224e-014	1.67643534e-010	3.19908817e-007	8.19144829e-005	5.95979272e-003	9.93844813e-001	1.13159867e-004	2.05000595e-010	
5.7	1.27275130e-014	1.29874442e-010	2.60021813e-007	7.04315015e-005	5.52728609e-003	9.94245284e-001	1.56738199e-004	4.17912577e-010	
5.71	9.50141607e-015	1.00947740e-010	2.11981803e-007	6.07193136e-005	5.13514339e-003	9.94588303e-001	2.15621621e-004	8.39252178e-010	
5.72	7.11845735e-015	7.87350768e-011	1.73363705e-007	5.24834246e-005	4.77880516e-003	9.94873940e-001	2.94596545e-004	1.66053740e-009	
5.73	5.35071622e-015	6.16035641e-011	1.42222839e-007	4.54884516e-005	4.45551707e-003	9.95098982e-001	3.99867150e-004	3.23845068e-009	
5.74	4.03645927e-015	4.83677548e-011	1.17050961e-007	3.95348327e-005	4.16183840e-003	9.95259270e-001	5.39233356e-004	6.22746557e-009	
5.75	3.05609816e-015	3.81085592e-011	9.66476329e-008	3.44568325e-005	3.89514889e-003	9.95347705e-001	7.22581103e-004	1.18104467e-008	
5.76	2.32214276e-015	3.01294219e-011	8.00564606e-008	3.01160597e-005	3.65278932e-003	9.95354818e-001	9.62174177e-004	2.20957161e-008	
5.77	1.77104734e-015	2.39070639e-011	6.65359200e-008	2.63988002e-005	3.43272106e-003	9.95267558e-001	1.27321455e-003	4.07872226e-008	
5.78	1.35580622e-015	1.90381511e-011	5.54849848e-008	2.32080328e-005	3.23268523e-003	9.95069282e-001	1.67469528e-003	7.43207966e-008	
5.79	1.04177883e-015	1.52156628e-011	4.64257990e-008	2.04647989e-005	3.05115974e-003	9.94738744e-001	2.18945144e-003	1.33694421e-007	
5.8	8.03036278e-016	1.22080917e-011	3.89871760e-008	1.81038705e-005	2.88621890e-003	9.94249900e-001	2.84550073e-003	2.37475182e-007	
5.81	6.21469143e-016	9.83254585e-012	3.28581444e-008	1.60673817e-005	2.73671911e-003	9.93570657e-001	3.67610717e-003	4.16600068e-007	
5.82	4.82853860e-016	7.94941007e-012	2.77921707e-008	1.43058233e-005	2.60114496e-003	9.92661978e-001	4.72182110e-003	7.22024979e-007	
5.83	3.76537043e-016	6.44978529e-012	2.35859364e-008	1.27759946e-005	2.47822618e-003	9.91478699e-001	6.02903856e-003	1.23621926e-006	
5.84	2.94779877e-016	5.25279475e-012	2.00863819e-008	1.14457002e-005	2.36680458e-003	9.89966546e-001	7.65309175e-003	2.09148899e-006	
5.85	2.31651183e-016	4.29358409e-012	1.71673507e-008	1.02862305e-005	2.26581432e-003	9.88061210e-001	9.65917530e-003	3.49739104e-006	
5.86	1.82727455e-016	3.52229940e-012	1.47229061e-008	9.27275809e-006	2.17435633e-003	9.85691539e-001	1.21190372e-002	5.78039529e-006	
5.87	1.44655239e-016	2.89960586e-012	1.26669201e-008	8.38390519e-006	2.09143006e-003	9.82775125e-001	1.51156059e-002	9.44291888e-006	
5.88	1.14938480e-016	2.39544239e-012	1.09343324e-008	7.60215606e-006	2.01617615e-003	9.79221021e-001	1.87399408e-002	1.52487217e-005	
5.89	9.16417342e-017	1.98552007e-012	9.46773427e-009	6.91231781e-006	1.94769194e-003	9.74926853e-001	2.30941887e-002	2.43449230e-005	
5.9	7.32989982e-017	1.65076716e-012	8.22131617e-009	6.30110625e-006	1.88514353e-003	9.69782949e-001	2.82871691e-002	3.84286512e-005	
5.91	5.88087609e-017	1.37647097e-012	7.15837304e-009	5.75767082e-006	1.82775423e-003	9.63674575e-001	3.44319390e-002	5.99667623e-005	
5.92	4.73273217e-017	1.15112974e-012	6.24999888e-009	5.27389400e-006	1.77492921e-003	9.56480513e-001	4.16467557e-002	9.25215338e-005	
5.93	3.81840542e-017	9.65007193e-013	5.46878482e-009	4.83991465e-006	1.72586441e-003	9.48080706e-001	5.00474592e-002	1.41125138e-004	
5.94	3.08781376e-017	8.10731386e-013	4.79463965e-009	4.44919257e-006	1.67995694e-003	9.38350800e-001	5.97519670e-002	2.12822374e-004	
5.95	2.50143897e-017	6.82408845e-013	4.21063634e-009	4.09559394e-006	1.63659922e-003	9.27188514e-001	7.08535179e-002	3.17268791e-004	
5.96	2.02882501e-017	5.75241961e-013	3.70249081e-009	3.77378820e-006	1.59507395e-003	9.14483629e-001	8.34498773e-002	4.67642471e-004	
5.97	1.64760819e-017	4.85479018e-013	3.25936263e-009	3.48017173e-006	1.55492744e-003	9.00154965e-001	9.76052249e-002	6.81398975e-004	
5.98	1.33919226e-017	4.10020221e-013	2.87095656e-009	3.21040132e-006	1.51557439e-003	8.84148315e-001	1.13351426e-001	9.81471241e-004	
5.99	1.08935369e-017	3.46508819e-013	2.52986811e-009	2.96196935e-006	1.47652186e-003	8.66413717e-001	1.30709087e-001	1.39770976e-003	
6	8.86412195e-018	2.92896945e-013	2.22940195e-009	2.73208478e-006	1.43747777e-003	8.46969611e-001	1.49622587e-001	1.96759017e-003	
6.01	7.21414077e-018	2.47579696e-013	1.96412693e-009	2.51872474e-006	1.39797222e-003	8.25822853e-001	1.70038082e-001	2.73857171e-003	
6.02	5.86827050e-018	2.09147340e-013	1.72909722e-009	2.31966342e-006	1.35754446e-003	8.03018861e-001	1.91852060e-001	3.76921356e-003	
6.03	4.77202843e-018	1.76607225e-013	1.52129031e-009	2.13446951e-006	1.31617433e-003	7.78662988e-001	2.14889017e-001	5.12968411e-003	
6.04	3.87791703e-018	1.49009568e-013	1.33708753e-009	1.96158285e-006	1.27378017e-003	7.52884839e-001	2.38935911e-001	6.90350604e-003	
6.05	3.14844538e-018	1.25586457e-013	1.17366056e-009	1.79993343e-006	1.23029531e-003	7.25823602e-001	2.63755070e-001	9.18923191e-003	
6.06	2.55306138e-018	1.05710029e-013	1.02870821e-009	1.64878817e-006	1.18570575e-003	6.97657317e-001	2.89055969e-001	1.20993590e-002	
6.07	2.06751450e-018	8.88467311e-014	9.00170811e-010	1.50747789e-006	1.14001721e-003	6.68548730e-001	3.14548140e-001	1.57616037e-002	
6.08	1.67175104e-018	7.45489907e-014	7.86244759e-010	1.37540304e-006	1.09332138e-003	6.38696421e-001	3.39891707e-001	2.03171751e-002	
6.09	1.34940894e-018	6.24384422e-014	6.85336346e-010	1.25202551e-006	1.04574681e-003	6.08294446e-001	3.64737526e-001	2.59210289e-002	
6.1	1.08732411e-018	5.21959353e-014	5.96146368e-010	1.13711993e-006	9.97435728e-004	5.77542492e-001	3.88722072e-001	3.27368626e-002	
6.11	8.74219646e-019	4.35350800e-014	5.17352398e-010	1.03011285e-006	9.48555793e-004	5.46575910e-001	4.11530049e-001	4.09444544e-002	
6.12	7.01352891e-019	3.62269779e-014	4.47842518e-010	9.30611167e-007	8.99212717e-004	5.15619486e-001	4.32778091e-001	5.07022789e-002	
6.13	5.61323962e-019	3.00704105e-014	3.86634049e-010	8.38305895e-007	8.49623075e-004	4.84811614e-001	4.52158777e-001	6.21791478e-002	
6.14	4.48035427e-019	2.48937826e-014	3.32843861e-010	7.52825698e-007	7.99913947e-004	4.54303809e-001	4.69359022e-001	7.55365014e-002	
6.15	3.56633631e-019	2.05550656e-014	2.85746452e-010	6.74034095e-007	7.50471830e-004	4.24262377e-001	4.84084485e-001	9.09019920e-002	
6.16	2.83080961e-019	1.69209362e-014	2.44525589e-010	6.01455476e-007	7.01406412e-004	3.94798477e-001	4.96111325e-001	1.08388190e-001	
6.17	2.24053090e-019	1.38887446e-014	2.08615748e-010	5.34889855e-007	6.53114069e-004	3.66060551e-001	5.05235371e-001	1.28050428e-001	
6.18	1.76800949e-019	1.13640779e-014	1.77380133e-010	4.73975024e-007	6.05705017e-004	3.38161725e-001	5.11310815e-001	1.49921282e-001	
6.19	1.39053870e-019	9.26694205e-015	1.50292507e-010	4.18437153e-007	5.59441972e-004	3.11202877e-001	5.14261502e-001	1.73975761e-001	
6.2	1.08995740e-019	7.53043383e-015	1.26873108e-010	3.67964865e-007	5.14523037e-004	2.85295182e-001	5.14083756e-001	2.00106170e-001	
6.21	8.51463514e-020	6.09738770e-015	1.06706750e-010	3.22342071e-007	4.71221086e-004	2.60536713e-001	5.10804852e-001	2.28186892e-001	
6.22	6.62937709e-020	4.92027772e-015	8.94220319e-011	2.81279243e-007	4.29720071e-004	2.37001328e-001	5.04545184e-001	2.58023487e-001	
6.23	5.14278782e-020	3.95561047e-015	7.46442212e-011	2.44453183e-007	3.90150400e-004	2.14747746e-001	4.95506291e-001	2.89355569e-001	
6.24	3.97483293e-020	3.16804158e-015	6.20672178e-011	2.11590197e-007	3.52665767e-004	1.93829801e-001	4.83911406e-001	3.21905915e-001	
6.25	3.06145530e-020	2.52811154e-015	5.14141951e-011	1.82412833e-007	3.17406344e-004	1.74306720e-001	4.70029806e-001	3.55345885e-001	
6.26	2.35060371e-020	2.01101929e-015	4.24433114e-011	1.56690758e-007	2.84509061e-004	1.56196068e-001	4.54203950e-001	3.89315316e-001	
6.27	1.79976868e-020	1.59507272e-015	3.49226609e-011	1.34127013e-007	2.54044809e-004	1.39494128e-001	4.36745651e-001	4.23506042e-001	
6.28	1.37383044e-020	1.26106936e-015	2.86403766e-011	1.14428045e-007	2.25995038e-004	1.24187312e-001	4.18043808e-001	4.57542771e-001	
6.29	1.04604156e-020	9.94441912e-016	2.34230726e-011	9.73221053e-008	2.00367592e-004	1.10238520e-001	3.98423748e-001	4.91137267e-001	
6.3	7.94393965e-021	7.82064235e-016	1.91025511e-011	8.25307829e-008	1.77056570e-004	9.75877980e-002	3.78223259e-001	5.24011804e-001	
6.31	6.02003512e-021	6.13676800e-016	1.55409955e-011	6.97976334e-008	1.55994858e-004	8.61825831e-002	3.57719117e-001	5.55942236e-001	
6.32	4.55463471e-021	4.80711621e-016	1.26201412e-011	5.88996468e-008	1.37083222e-004	7.59436575e-002	3.37225250e-001	5.86693950e-001	
6.33	3.43917424e-021	3.75776823e-016	1.02257970e-011	4.95863269e-008	1.20152432e-004	6.67965406e-002	3.16963733e-001	6.16119524e-001	
6.34	2.59363896e-021	2.93350738e-016	8.27287534e-012	4.16730791e-008	1.05099091e-004	5.86589190e-002	2.97142544e-001	6.44093396e-001	
6.35	1.95369227e-021	2.28713471e-016	6.68398694e-012	3.49713043e-008	9.17631877e-005	5.14460703e-002	2.77932970e-001	6.70529162e-001	
6.36	1.47008873e-021	1.78115184e-016	5.39318351e-012	2.93042413e-008	7.99816866e-005	4.50686156e-002	2.59447429e-001	6.95403944e-001	
6.37	1.10526013e-021	1.38578981e-016	4.34690654e-012	2.45253089e-008	6.96062415e-005	3.94528867e-002	2.41791187e-001	7.18686296e-001	
6.38	8.30744557e-022	1.07777919e-016	3.50189214e-012	2.05122828e-008	6.05177926e-005	3.45173260e-002	2.25017693e-001	7.40404442e-001	
6.39	6.24282877e-022	8.37972564e-017	2.81972450e-012	1.71447635e-008	5.25582765e-005	3.01854786e-002	2.09164814e-001	7.60597132e-001	
6.4	4.69069668e-022	6.51370030e-017	2.26973484e-012	1.43231181e-008	4.56150575e-005	2.63936472e-002	1.94256038e-001	7.79304686e-001	
6.41	3.52569461e-022	5.06452936e-017	1.82722419e-012	1.19669364e-008	3.95767731e-005	2.30791426e-002	1.80284012e-001	7.96597256e-001	
6.42	2.65035348e-022	3.93787912e-017	1.47084625e-012	9.99477844e-009	3.43179800e-005	2.01818842e-002	1.67227270e-001	8.12556518e-001	
6.43	1.99308720e-022	3.06273474e-017	1.18412753e-012	8.34804893e-009	2.97523705e-005	1.76542725e-002	1.55065428e-001	8.27250539e-001	
6.44	1.49986363e-022	2.38356653e-017	9.53791471e-013	6.97514946e-009	2.57961616e-005	1.54499287e-002	1.43764810e-001	8.40759458e-001	
6.45	1.12964427e-022	1.85636988e-017	7.68468186e-013	5.82880063e-009	2.23643845e-005	1.35283168e-002	1.33278880e-001	8.53170433e-001	
6.46	8.51630738e-023	1.44706840e-017	6.19559023e-013	4.87369460e-009	1.93953101e-005	1.18532248e-002	1.23569706e-001	8.64557669e-001	
6.47	6.42763408e-023	1.12919492e-017	4.99962247e-013	4.07630354e-009	1.68211636e-005	1.03920975e-002	1.14587073e-001	8.75004005e-001	
6.48	4.85549821e-023	8.81842898e-018	4.03725137e-013	3.41147070e-009	1.45943337e-005	9.11837729e-003	1.06282950e-001	8.84584075e-001	
6.49	3.67039464e-023	6.89077435e-018	3.26164752e-013	2.85618172e-009	1.26640202e-005	8.00750989e-003	9.86168184e-002	8.93363005e-001	
6.5	2.77752455e-023	5.38989362e-018	2.63729374e-013	2.39284337e-009	1.09941752e-005	7.03826567e-003	9.15423727e-002	9.01408365e-001	
6.51	2.10393484e-023	4.21982803e-018	2.13424648e-013	2.00620734e-009	9.54936346e-006	6.19218400e-003	8.50193581e-002	9.08778907e-001	
6.52	1.59567334e-023	3.30747868e-018	1.72888998e-013	1.68342390e-009	8.29921073e-006	5.45339881e-003	7.90031987e-002	9.15535102e-001	
6.53	1.21168795e-023	2.59544287e-018	1.40198707e-013	1.41406559e-009	7.21772862e-006	4.80770559e-003	7.34560060e-002	9.21729069e-001	
6.54	9.21274376e-024	2.03908895e-018	1.13807739e-013	1.18874048e-009	6.28104374e-006	4.24320245e-003	6.83406391e-002	9.27409876e-001	
6.55	7.01193550e-024	1.60354098e-018	9.24661341e-014	1.00015021e-009	5.46929388e-006	3.74875444e-003	6.36240756e-002	9.32621700e-001	
6.56	5.34372913e-024	1.26252913e-018	7.52057426e-014	8.42301716e-010	4.76616628e-006	3.31560451e-003	5.92734272e-002	9.37406201e-001	
6.57	4.07691086e-024	9.95080609e-019	6.12247075e-014	7.09893700e-010	4.15569818e-006	2.93534360e-003	5.52580837e-002	9.41802416e-001	
6.58	3.11434396e-024	7.85191395e-019	4.98956636e-014	5.98895406e-010	3.62644633e-006	2.60174018e-003	5.15549135e-002	9.45839719e-001	
6.59	2.38176399e-024	6.20253155e-019	4.07025227e-014	5.05702718e-010	3.16674937e-006	2.30838971e-003	4.81326288e-002	9.49555814e-001	
6.6	1.82342367e-024	4.90433241e-019	3.32310830e-014	4.27355138e-010	2.76712633e-006	2.05035900e-003	4.49723276e-002	9.52974546e-001	
6.61	1.39792214e-024	3.88303745e-019	2.71647298e-014	3.61498332e-010	2.41989111e-006	1.82310014e-003	4.20521345e-002	9.56122345e-001	
6.62	1.07267194e-024	3.07685318e-019	2.22204431e-014	3.06005090e-010	2.11728625e-006	1.62264828e-003	3.93485788e-002	9.59026655e-001	
6.63	8.24036487e-025	2.44075793e-019	1.81943545e-014	2.59234018e-010	1.85375604e-006	1.44586357e-003	3.68486258e-002	9.61703657e-001	
6.64	6.33699373e-025	1.93798557e-019	1.49103856e-014	2.19787504e-010	1.62404541e-006	1.28958397e-003	3.45316521e-002	9.64177140e-001	
6.65	4.88027417e-025	1.54088891e-019	1.22342317e-014	1.86533826e-010	1.42400798e-006	1.15150632e-003	3.23858757e-002	9.66461194e-001	
6.66	3.76402311e-025	1.22692798e-019	1.00519631e-014	1.58455425e-010	1.24958612e-006	1.02935014e-003	3.03962782e-002	9.68573122e-001	
6.67	2.90677501e-025	9.78066249e-020	8.26740331e-015	1.34712892e-010	1.09725619e-006	9.21079819e-004	2.85509377e-002	9.70526885e-001	
6.68	2.24752892e-025	7.80622151e-020	6.80722811e-015	1.14650356e-010	9.64287259e-007	8.25025854e-004	2.68368722e-002	9.72337138e-001	
6.69	1.74019508e-025	6.23846198e-020	5.60965189e-015	9.76512639e-011	8.47933308e-007	7.39710564e-004	2.52438884e-002	9.74015553e-001	
6.7	1.34915416e-025	4.99159128e-020	4.62720196e-015	8.32474010e-011	7.46172521e-007	6.63863764e-004	2.37636090e-002	9.75571781e-001	
6.71	1.04745193e-025	3.99801199e-020	3.82054964e-015	7.10282240e-011	6.57104985e-007	5.96410585e-004	2.23864543e-002	9.77016478e-001	
6.72	8.14290015e-026	3.20536706e-020	3.15713945e-015	6.06491021e-011	5.79047510e-007	5.36274370e-004	2.11032154e-002	9.78359931e-001	
6.73	6.33703644e-026	2.57248237e-020	2.61142798e-015	5.18295049e-011	5.10616001e-007	4.82673089e-004	1.99082176e-002	9.79608599e-001	
6.74	4.93617712e-026	2.06629566e-020	2.16154832e-015	4.43240463e-011	4.50552805e-007	4.34808435e-004	1.87934270e-002	9.80771314e-001	
6.75	3.84925948e-026	1.66149928e-020	1.79098208e-015	3.79384484e-011	3.97848186e-007	3.92058558e-004	1.77539966e-002	9.81853547e-001	
6.76	3.00512923e-026	1.33741800e-020	1.48536663e-015	3.24991744e-011	3.51548603e-007	3.53831386e-004	1.67827642e-002	9.82863053e-001	
6.77	2.34840571e-026	1.07753782e-020	1.23283473e-015	2.78618809e-011	3.10859116e-007	3.19656632e-004	1.58754203e-002	9.83804612e-001	
6.78	1.83688669e-026	8.68933329e-021	1.02410605e-015	2.39029760e-011	2.75044039e-007	2.89048542e-004	1.50271620e-002	9.84683514e-001	
6.79	1.43803564e-026	7.01266858e-021	8.51299657e-016	2.05206676e-011	2.43498490e-007	2.61595794e-004	1.42333621e-002	9.85504799e-001	
6.8	1.12694927e-026	5.66486328e-021	7.08240307e-016	1.76295671e-011	2.15701173e-007	2.36946157e-004	1.34894957e-002	9.86273342e-001	
6.81	8.83713411e-027	4.57903401e-021	5.89557992e-016	1.51530112e-011	1.91156977e-007	2.14775293e-004	1.27926604e-002	9.86992373e-001	
6.82	6.93864410e-027	3.70559348e-021	4.91260271e-016	1.30361096e-011	1.69540038e-007	1.94843979e-004	1.21391612e-002	9.87665825e-001	
6.83	5.45242814e-027	3.00105217e-021	4.09635002e-016	1.12225792e-011	1.50455521e-007	1.76913808e-004	1.15262026e-002	9.88296733e-001	
6.84	4.28801584e-027	2.43240036e-021	3.41798221e-016	9.66712642e-012	1.33591663e-007	1.60745728e-004	1.09500895e-002	9.88889031e-001	
6.85	3.37540080e-027	1.97319189e-021	2.85422383e-016	8.33342463e-012	1.18691943e-007	1.46178310e-004	1.04093694e-002	9.89444334e-001	
6.86	2.65988750e-027	1.60226886e-021	2.38552740e-016	7.18875479e-012	1.05523114e-007	1.33034614e-004	9.90080866e-003	9.89966051e-001	
6.87	2.09794611e-027	1.30214376e-021	1.99531806e-016	6.20630110e-012	9.38647576e-008	1.21156776e-004	9.42262277e-003	9.90456127e-001	
6.88	1.65629860e-027	1.05922242e-021	1.67023981e-016	5.36177559e-012	8.35450714e-008	1.10429980e-004	8.97207992e-003	9.90917407e-001	
6.89	1.30920608e-027	8.62656480e-022	1.39973367e-016	4.63612992e-012	7.44205580e-008	1.00741883e-004	8.54771596e-003	9.91351468e-001	
6.9	1.03619977e-027	7.03405119e-022	1.17429531e-016	4.01080289e-012	6.63210842e-008	9.19692331e-005	8.14763880e-003	9.91760326e-001	
6.91	8.20891769e-028	5.74050276e-022	9.85904298e-017	3.47248773e-012	5.91435249e-008	8.40255704e-005	7.77038974e-003	9.92145526e-001	
6.92	6.50685423e-028	4.68736414e-022	8.28145862e-017	3.00770338e-012	5.27635696e-008	7.68107036e-005	7.41427389e-003	9.92508863e-001	
6.93	5.16318753e-028	3.83120470e-022	6.96186332e-017	2.60692972e-012	4.71011200e-008	7.02668463e-005	7.07795250e-003	9.92851734e-001	
6.94	4.09972142e-028	3.13317956e-022	5.85575592e-017	2.26067102e-012	4.20656268e-008	6.43157858e-005	6.76012815e-003	9.93175514e-001	
6.95	3.25783792e-028	2.56442182e-022	4.92865769e-017	1.96167425e-012	3.75891836e-008	5.89122981e-005	6.45976562e-003	9.93481284e-001	
