4	9.99999950e-001	4.96497594e-008	3.25252272e-026	5.58727900e-045	2.66721358e-064	4.12932496e-084	1.76580071e-103	4.95872145e-123	1.16975807e-142	1.87176266e-162	2.18141444e-182	
4.01	9.99999909e-001	9.14620133e-008	6.08570187e-026	1.06178063e-044	5.06623070e-064	8.03322029e-084	3.48739756e-103	9.93532253e-123	2.38000300e-142	3.86451954e-162	4.56831399e-182	
4.02	9.99999834e-001	1.66320663e-007	1.12416805e-025	1.99211081e-044	9.50479893e-064	1.54373866e-083	6.80360802e-103	1.96647437e-122	4.78379441e-142	7.88247361e-162	9.45152054e-182	
4.03	9.99999701e-001	2.98685097e-007	2.05056362e-025	3.69085212e-044	1.76157509e-063	2.93092705e-083	1.31137676e-102	3.84545410e-122	9.49987425e-142	1.58847492e-161	1.93198117e-181	
4.04	9.99999470e-001	5.29847082e-007	3.69488900e-025	6.75507148e-044	3.22653395e-063	5.49983628e-083	2.49822225e-102	7.43230966e-122	1.86460353e-141	3.16393791e-161	3.90334938e-181	
4.05	9.99999071e-001	9.28687915e-007	6.57850758e-025	1.22165826e-043	5.84218001e-063	1.02032555e-082	4.70543048e-102	1.42029293e-121	3.61858072e-141	6.23098240e-161	7.79740261e-181	
4.06	9.99998391e-001	1.60886142e-006	1.15770412e-024	2.18381175e-043	1.04598704e-062	1.87191210e-082	8.76445406e-102	2.68403689e-121	6.94464770e-141	1.21352643e-160	1.54039912e-180	
4.07	9.99997245e-001	2.75521852e-006	2.01390141e-024	3.85893579e-043	1.85205212e-062	3.39651576e-082	1.61454379e-101	5.01660386e-121	1.31821628e-140	2.33763593e-160	3.00993501e-180	
4.08	9.99995334e-001	4.66604704e-006	3.46454339e-024	6.74350551e-043	3.24456577e-062	6.09823470e-082	2.94316347e-101	9.27828085e-121	2.47599094e-140	4.45578559e-160	5.81968757e-180	
4.09	9.99992184e-001	7.81624735e-006	5.89505042e-024	1.16562867e-042	5.62453516e-062	1.08349582e-081	5.30917200e-101	1.69811994e-120	4.60232524e-140	8.40515238e-160	1.11357495e-179	
4.1	9.99987046e-001	1.29544931e-005	9.92529354e-024	1.99367137e-042	9.65224579e-062	1.90590115e-081	9.48209528e-101	3.07700392e-120	8.46936203e-140	1.56970847e-159	2.10956802e-179	
4.11	9.99978754e-001	2.12460238e-005	1.65351575e-023	3.37410877e-042	1.63974767e-061	3.31905851e-081	1.67654620e-100	5.51967538e-120	1.54301559e-139	2.90226008e-159	3.95651236e-179	
4.12	9.99965509e-001	3.44905694e-005	2.72674278e-023	5.65268622e-042	2.75875365e-061	5.72450541e-081	2.93579435e-100	9.80624742e-120	2.78412566e-139	5.31453541e-159	7.34934992e-179	
4.13	9.99944564e-001	5.54360371e-005	4.45197857e-023	9.37613952e-042	4.59749903e-061	9.78066423e-081	5.09303490e-100	1.72580899e-119	4.97652466e-139	9.64069094e-159	1.35239611e-178	
4.14	9.99911762e-001	8.82379023e-005	7.19898036e-023	1.54035013e-041	7.59167140e-061	1.65587092e-080	8.75473681e-100	3.00953483e-119	8.81398397e-139	1.73285309e-158	2.46585237e-178	
4.15	9.99860883e-001	1.39117290e-004	1.15296942e-022	2.50634628e-041	1.24211829e-060	2.77798020e-080	1.49121273e-099	5.19984913e-119	1.54674553e-138	3.08620761e-158	4.45494488e-178	
4.16	9.99782726e-001	2.17273623e-004	1.82921050e-022	4.03995427e-041	2.01413614e-060	4.61904860e-080	2.51760429e-099	8.90430888e-119	2.69020481e-138	5.44763341e-158	7.97708835e-178	
4.17	9.99663719e-001	3.36281018e-004	2.87616334e-022	6.45386142e-041	3.23842713e-060	7.61588619e-080	4.21442432e-099	1.51168418e-118	4.63877556e-138	9.53323241e-158	1.41610701e-177	
4.18	9.99484158e-001	5.15842432e-004	4.48207865e-022	1.02183586e-040	5.16261236e-060	1.24508305e-079	6.99563462e-099	2.54451483e-118	7.93079052e-138	1.65417790e-157	2.49265830e-177	
4.19	9.99215634e-001	7.84365849e-004	6.92291129e-022	1.60356511e-040	8.16105201e-060	2.01856345e-079	1.15149084e-098	4.24653652e-118	1.34435118e-137	2.84578997e-157	4.35016352e-177	
4.2	9.98817624e-001	1.18237562e-003	1.06023639e-021	2.49520225e-040	1.27965652e-059	3.24621137e-079	1.88011778e-098	7.02847770e-118	2.26003335e-137	4.85558781e-157	7.52967746e-177	
4.21	9.98232612e-001	1.76738774e-003	5.37815220e-013	1.28599321e-031	6.64905232e-051	1.72999228e-070	1.01722366e-089	3.85384982e-109	1.25872875e-128	2.74466050e-148	4.31767634e-168	
4.22	9.97380265e-001	2.61973450e-003	1.60032662e-012	3.88777936e-031	2.02741936e-050	5.41063584e-070	3.22965191e-089	1.23974201e-108	4.11300514e-128	9.10238822e-148	1.45261693e-167	
4.23	9.96148811e-001	3.85118890e-003	4.65169455e-012	1.14811298e-030	6.04111013e-050	1.65369416e-069	1.00205669e-088	3.89602135e-108	1.31289683e-127	2.94893833e-147	4.77413966e-167	
4.24	9.94385596e-001	5.61440439e-003	1.32123505e-011	3.31302670e-030	1.75962752e-049	4.94096966e-069	3.03891362e-088	1.19628139e-107	4.09489078e-127	9.33521209e-147	1.53317765e-166	
4.25	9.91882293e-001	8.11770675e-003	3.66848510e-011	9.34503031e-030	5.01208383e-049	1.44369728e-068	9.01184317e-088	3.59037576e-107	1.24839213e-126	2.88852618e-146	4.81268628e-166	
4.26	9.88362752e-001	1.16372477e-002	9.95664329e-011	2.57650432e-029	1.39594968e-048	4.12490301e-068	2.61301344e-087	1.05312487e-106	3.71971204e-126	8.73540943e-146	1.47652369e-165	
4.27	9.83459372e-001	1.65406275e-002	2.64286283e-010	6.94649328e-029	3.80338003e-048	1.15292371e-067	7.41048792e-087	3.01963568e-106	1.08339397e-125	2.58239928e-145	4.42821010e-165	
4.28	9.76701114e-001	2.32988856e-002	6.85867879e-010	1.83088513e-028	1.01349855e-047	3.15181786e-067	2.05517596e-086	8.46169287e-106	3.08393209e-125	7.46100568e-145	1.29792737e-164	
4.29	9.67492775e-001	3.25072229e-002	1.73991406e-009	4.71649243e-028	2.64036972e-047	8.42384418e-067	5.57095706e-086	2.31602106e-105	8.57467998e-125	2.10555937e-144	3.71599903e-164	
4.3	9.55102508e-001	4.48974878e-002	4.31334559e-009	1.18713755e-027	6.72370613e-047	2.20074173e-066	1.47572033e-085	6.18984241e-105	2.32805868e-124	5.80244923e-144	1.03889730e-163	
4.31	9.38678933e-001	6.13210567e-002	1.04416903e-008	2.91708068e-027	1.67215860e-046	5.61522752e-066	3.81650752e-085	1.61381349e-104	6.16594769e-124	1.55985421e-143	2.83336822e-163	
4.32	9.17259638e-001	8.27403378e-002	2.46658386e-008	6.99264009e-027	4.05817427e-046	1.39811695e-065	9.62890464e-085	4.10089636e-104	1.59171571e-123	4.08719112e-143	7.53191030e-163	
4.33	8.89873426e-001	1.10126517e-001	5.67880761e-008	1.63320227e-026	9.59916697e-046	3.39301084e-065	2.36661145e-084	1.01418961e-103	3.99885502e-123	1.04223702e-142	1.94854364e-162	
4.34	8.55631622e-001	1.44368251e-001	1.27257103e-007	3.71130983e-026	2.20990225e-045	8.01415140e-065	5.65851260e-084	2.43722815e-103	9.76258022e-123	2.58269318e-142	4.89879399e-162	
4.35	8.13917946e-001	1.86081777e-001	2.77161953e-007	8.19302827e-026	4.94389830e-045	1.83945318e-064	1.31389513e-083	5.68146297e-103	2.31198135e-122	6.20832801e-142	1.19469038e-161	
4.36	7.64556550e-001	2.35442864e-001	5.85946605e-007	1.75464636e-025	1.07324384e-044	4.09681965e-064	2.95841973e-083	1.28275581e-102	5.30305434e-122	1.44544656e-141	2.82198036e-161	
4.37	7.08079749e-001	2.91919051e-001	1.20039914e-006	3.63922734e-025	2.25702514e-044	8.83929326e-064	6.44827346e-083	2.79982348e-102	1.17595173e-121	3.25351852e-141	6.44439749e-161	
4.38	6.45692593e-001	3.54305026e-001	2.38135025e-006	7.30341118e-025	4.59391822e-044	1.84583663e-063	1.35913161e-082	5.90157015e-102	2.51816443e-121	7.07190639e-141	1.42117449e-160	
4.39	5.79375439e-001	4.20619990e-001	4.57178872e-006	1.41725734e-024	9.04382195e-044	3.72802752e-063	2.76806320e-082	1.20032228e-101	5.20363409e-121	1.48340434e-140	3.02445479e-160	
4.4	5.11503433e-001	4.88488071e-001	8.49640678e-006	2.65969848e-024	1.72204498e-043	7.28229789e-063	5.44674487e-082	2.35514544e-101	1.03728053e-120	3.00156413e-140	6.20901933e-160	
4.41	4.44655280e-001	5.55329422e-001	1.52980766e-005	5.84552795e-015	3.84068854e-034	1.66617003e-053	1.25379640e-072	5.39801264e-092	2.41543433e-111	7.09503681e-131	1.48905239e-150	
4.42	3.81127068e-001	6.18846204e-001	2.67279342e-005	1.99783528e-014	1.33224545e-033	5.92873238e-053	4.48263449e-072	1.91868959e-091	8.72290230e-111	2.60090116e-130	5.53831003e-150	
4.43	3.22720297e-001	6.77234303e-001	4.53995986e-005	6.53153232e-014	4.42096407e-033	2.01806001e-052	1.53103711e-071	6.50508629e-091	3.00479758e-110	9.09469894e-130	1.96484951e-149	
4.44	2.70540461e-001	7.29384395e-001	7.51446382e-005	2.04771676e-013	1.40697867e-032	6.58728720e-052	5.00667873e-071	2.10834157e-090	9.89460095e-110	3.04000275e-129	6.66360393e-149	
4.45	2.25075152e-001	7.74803370e-001	1.21477361e-004	6.17160307e-013	4.30436816e-032	2.06672500e-051	1.57129552e-070	6.54815604e-090	3.12233265e-109	9.73811762e-129	2.16575874e-148	
4.46	1.86255973e-001	8.13551804e-001	1.92223611e-004	1.79253978e-012	1.26887505e-031	6.24753841e-051	4.74268459e-070	1.95300798e-089	9.46224799e-109	2.99580433e-128	6.76009643e-148	
4.47	1.53648122e-001	8.46053517e-001	2.98361673e-004	5.02829070e-012	3.61227780e-031	1.82355384e-050	1.37980769e-069	5.60669519e-089	2.76001535e-108	8.87065422e-128	2.03092042e-147	
4.48	1.26597784e-001	8.72947188e-001	4.55027901e-004	1.36489344e-011	9.94820290e-031	5.14810749e-050	3.87541967e-069	1.55165746e-088	7.76100364e-108	2.53213822e-127	5.88212744e-147	
4.49	1.04369877e-001	8.94947200e-001	6.82922650e-004	3.59143090e-011	2.65500916e-030	1.40811942e-049	1.05256348e-068	4.14721622e-088	2.10775372e-107	6.98093505e-127	1.64539917e-146	
4.5	8.62224107e-002	9.12767751e-001	1.00983778e-003	9.17275999e-011	6.87458592e-030	3.73557894e-049	2.76709551e-068	1.07152088e-087	5.53328621e-107	1.86042842e-126	4.44918910e-146	
4.51	7.14690414e-002	9.27058231e-001	1.47272732e-003	2.27688833e-010	1.72910718e-029	9.62433028e-049	7.05079141e-068	2.68039970e-087	1.40644333e-106	4.80063942e-126	1.16489273e-145	
4.52	5.95081478e-002	9.38372284e-001	2.11956756e-003	5.49736683e-010	4.22776808e-029	2.40939652e-048	1.74227820e-067	6.49522144e-087	3.46319458e-106	1.20003970e-125	2.95459844e-145	
4.53	4.98146214e-002	9.47172925e-001	3.01245210e-003	1.29225093e-009	1.00556449e-028	5.86505975e-048	4.17769054e-067	1.52581831e-086	8.26643360e-106	2.90784916e-125	7.26435625e-145	
4.54	4.19566392e-002	9.53813905e-001	4.22945284e-003	2.95899866e-009	2.32772078e-028	1.38885488e-047	9.72519348e-067	3.47676015e-086	1.91409389e-105	6.83556136e-125	1.73271517e-144	
4.55	3.55730693e-002	9.58559350e-001	5.86757368e-003	6.60396805e-009	5.24624090e-028	3.20009815e-047	2.19877570e-066	7.68856457e-086	4.30129487e-105	1.55940067e-124	4.01090735e-144	
4.56	3.03758063e-002	9.61579443e-001	8.04473607e-003	1.43727283e-008	1.15156865e-027	7.17667112e-047	4.82952296e-066	1.65066750e-085	9.38359102e-105	3.45365882e-124	9.01362048e-144	
4.57	2.61261309e-002	9.62972528e-001	1.09013104e-002	3.05152987e-008	2.46249990e-027	1.56657542e-046	1.03077735e-065	3.44189044e-085	1.98826783e-104	7.42916650e-124	1.96736574e-143	
4.58	2.26371951e-002	9.62762371e-001	1.46003702e-002	6.32257135e-008	5.13070791e-027	3.32903446e-046	2.13797088e-065	6.97111376e-085	4.09222998e-104	1.55238040e-123	4.17149568e-143	
4.59	1.97564708e-002	9.60916133e-001	1.93272684e-002	1.27887517e-007	1.04185350e-026	6.88783220e-046	4.31136217e-065	1.37230231e-084	8.18649592e-104	3.15277514e-123	8.59652389e-143	
4.6	1.73614889e-002	9.57352455e-001	2.52858032e-002	2.52608840e-007	2.45495131e-017	1.65171992e-036	1.00616467e-055	3.12560860e-075	1.89488245e-094	7.40883036e-114	2.04986591e-133	
4.61	1.53695978e-002	9.51936388e-001	3.26935269e-002	4.87434497e-007	9.12442684e-017	6.23977764e-036	3.69479964e-055	1.12000959e-074	6.90000981e-094	2.73896864e-113	7.68962813e-133	
4.62	1.36933687e-002	9.44533452e-001	4.17722604e-002	9.19085086e-007	3.25826817e-016	2.26158684e-035	1.30021090e-054	3.84598131e-074	2.40795224e-093	9.70439785e-113	2.76462818e-132	
4.63	1.22640869e-002	9.34992108e-001	5.27421108e-002	1.69409406e-006	1.11859105e-015	7.86798236e-035	4.38743231e-054	1.26643353e-073	8.05773065e-093	3.29694380e-112	9.53094299e-132	
4.64	1.10332822e-002	9.23156656e-001	6.58070080e-002	3.05392249e-006	3.69445937e-015	2.62876005e-034	1.42056744e-053	4.00182388e-073	2.58766497e-092	1.07496883e-111	3.15341850e-131	
4.65	9.96527050e-003	9.08886522e-001	8.11428210e-002	5.38637056e-006	1.17470822e-014	8.43960212e-034	4.41702105e-053	1.21466864e-072	7.98231348e-092	3.36664423e-111	1.00215641e-130	
4.66	9.02558179e-003	8.92078708e-001	9.88864107e-002	9.29915303e-006	3.59830100e-014	2.60501050e-033	1.31959399e-052	3.54329518e-072	2.36645641e-091	1.01334150e-110	3.06099230e-130	
4.67	8.19171897e-003	8.72679093e-001	1.19113466e-001	1.57218827e-005	1.06261610e-013	7.73486753e-033	3.79085842e-052	9.94271362e-072	6.74860084e-091	2.93404671e-110	8.99379797e-130	
4.68	7.44592268e-003	8.50699216e-001	1.41828818e-001	2.60433545e-005	3.02765429e-013	2.21093493e-032	1.04808482e-051	2.68615721e-071	1.85303339e-090	8.17971835e-110	2.54439416e-129	
4.69	6.77210391e-003	8.26185444e-001	1.67000153e-001	4.22987878e-005	8.33152184e-013	6.08851348e-032	2.79110364e-051	6.99349446e-071	4.90324228e-090	2.19758080e-109	6.93680807e-129	
4.7	6.15928134e-003	7.99286078e-001	1.94487250e-001	6.73902009e-005	2.21614543e-012	1.61679830e-031	7.16729454e-051	1.75656068e-070	1.25173568e-089	5.69618056e-109	1.82464622e-128	
4.71	5.59834907e-003	7.70193434e-001	2.24102814e-001	1.05402854e-004	5.70447775e-012	2.55609505e-022	1.09576673e-041	2.62830522e-061	1.90360340e-080	8.79546922e-100	2.85910646e-119	
4.72	5.08292989e-003	7.39185594e-001	2.55569548e-001	1.61928191e-004	1.42245938e-011	1.22581925e-021	5.08259081e-041	1.19382506e-060	8.78781788e-080	4.12263928e-099	1.35997865e-118	
4.73	4.60830385e-003	7.06574842e-001	2.88572323e-001	2.44531336e-004	3.43946000e-011	5.60239658e-021	2.24716080e-040	5.17206959e-060	3.86957174e-079	1.84326763e-098	6.17055314e-118	
4.74	4.17028114e-003	6.72699113e-001	3.22767362e-001	3.63243613e-004	8.07432679e-011	2.44350576e-020	9.48492259e-040	2.14063116e-059	1.62785639e-078	7.87316886e-098	2.67476435e-117	
4.75	3.76638127e-003	6.37952634e-001	3.57749862e-001	5.31121756e-004	1.84229914e-010	1.01873810e-019	3.82825936e-039	8.47766540e-059	6.55303810e-078	3.21811035e-097	1.10950193e-116	
4.76	3.39386557e-003	6.02675155e-001	3.93165900e-001	7.65078691e-004	4.09086620e-010	4.06652414e-019	1.48008158e-038	3.21840823e-058	2.52860484e-077	1.26089799e-096	4.41166507e-116	
4.77	3.05124818e-003	5.67292848e-001	4.28569642e-001	1.08626079e-003	8.84768658e-010	1.55602976e-018	5.48825396e-038	1.17270384e-057	9.36514803e-077	4.74184711e-096	1.68371520e-115	
4.78	2.73680723e-003	5.32126350e-001	4.63615336e-001	1.52150465e-003	1.86658461e-009	5.71881153e-018	1.95575101e-037	4.10967032e-057	3.33604215e-076	1.71510059e-095	6.18031993e-115	
4.79	2.44888459e-003	4.97480728e-001	4.97966599e-001	2.10378492e-003	3.84496757e-009	2.02150851e-017	6.70728462e-037	1.38709226e-056	1.14446556e-075	5.97476148e-095	2.18503565e-114	
4.8	2.18612108e-003	4.63642099e-001	5.31298317e-001	2.87345533e-003	7.74181877e-009	6.88354972e-017	2.21735270e-036	4.51645320e-056	3.78801745e-075	2.00806692e-094	7.45274244e-114	
4.81	1.94715759e-003	4.30854739e-001	5.63318938e-001	3.87915108e-003	1.52520185e-008	2.26113581e-016	2.48763857e-027	4.99455613e-047	4.25829664e-066	2.29211790e-085	8.63386283e-105	
4.82	1.73004223e-003	3.99289040e-001	5.93801578e-001	5.17931040e-003	2.94296194e-008	7.17636490e-016	1.48064105e-026	2.93260127e-046	2.54146916e-065	1.38916052e-084	5.31044962e-104	
4.83	1.53354673e-003	3.69089402e-001	6.22533927e-001	6.84306901e-003	5.56759520e-008	2.20367932e-015	8.40835582e-026	1.64421593e-045	1.44852077e-064	8.03974452e-084	3.11920253e-103	
4.84	1.35663827e-003	3.40361302e-001	6.49330957e-001	8.95099973e-003	1.03347894e-007	6.55577805e-015	4.56340794e-025	8.81715731e-045	7.89643320e-064	4.45044987e-083	1.75242159e-102	
4.85	1.19777829e-003	3.13172664e-001	6.74031485e-001	1.15978841e-002	1.88398048e-007	1.89174843e-014	2.37056854e-024	4.52934490e-044	4.12358422e-063	2.36011001e-082	9.43176284e-102	
4.86	1.05545688e-003	2.87535965e-001	6.96517511e-001	1.48907295e-002	3.37506327e-007	5.30182420e-014	1.18057843e-023	2.23239246e-043	2.06607354e-062	1.20078667e-081	4.87035760e-101	
4.87	9.28171510e-004	2.63453024e-001	7.16666471e-001	1.89517391e-002	5.94604489e-007	1.44464248e-013	5.64438926e-023	1.05714031e-042	9.94581155e-062	5.86981324e-081	2.41625704e-100	
4.88	8.14739556e-004	2.40902179e-001	7.34364082e-001	2.39179689e-002	1.03088058e-006	3.83145858e-013	2.59460108e-022	4.81703781e-042	4.60740106e-061	2.76140309e-080	1.15370925e-099	
4.89	7.13849186e-004	2.19875998e-001	7.49471231e-001	2.99371626e-002	1.75942611e-006	9.89733529e-013	1.14769605e-021	2.11381536e-041	2.05544084e-060	1.25102912e-079	5.30501704e-099	
4.9	6.24220098e-004	2.00292728e-001	7.61907603e-001	3.71724909e-002	2.95802944e-006	2.49309938e-012	4.89282728e-021	8.94696598e-041	8.84437127e-060	5.46657474e-079	2.35273283e-098	
4.91	5.44699088e-004	1.82068390e-001	7.71579523e-001	4.58024867e-002	4.90136215e-006	6.12872207e-012	2.01241843e-020	3.65634992e-040	3.67457582e-059	2.30641214e-078	1.00751884e-097	
4.92	4.74282758e-004	1.65151563e-001	7.78369843e-001	5.59963058e-002	8.00524205e-006	1.47102814e-011	7.99143507e-020	1.44380037e-039	1.47517740e-058	9.40322156e-078	4.16920349e-097	
4.93	4.12025776e-004	1.49474256e-001	7.82167149e-001	6.79336782e-002	1.28916847e-005	3.44975983e-011	3.06705576e-019	5.51430378e-039	5.72813506e-058	3.70801079e-077	1.66869663e-096	
4.94	3.57008020e-004	1.34949357e-001	7.82874647e-001	8.17985084e-002	2.04788651e-005	7.91038995e-011	1.13873263e-018	2.03898552e-038	2.15341816e-057	1.41569796e-076	6.46644112e-096	
4.95	3.08539038e-004	1.21522375e-001	7.80391759e-001	9.77452331e-002	3.20938057e-005	1.77427007e-010	4.09271060e-018	4.59104318e-029	4.92971457e-048	3.29130362e-067	1.52587094e-086	
4.96	2.65870915e-004	1.09125659e-001	7.74652897e-001	1.15905950e-001	4.96231493e-005	3.89443155e-010	1.42490388e-017	2.97905396e-028	3.25231333e-047	2.20510769e-066	1.03764891e-085	
4.97	2.28393135e-004	9.77042445e-002	7.65616101e-001	1.36375548e-001	7.57128307e-005	8.36819008e-010	4.80841354e-017	1.84894299e-027	2.05232877e-046	1.41325490e-065	6.75035776e-085	
4.98	1.95456598e-004	8.71935706e-002	7.53285706e-001	1.59211261e-001	1.14004131e-004	1.76101321e-009	1.57386556e-016	1.09871473e-026	1.24000037e-045	8.67193767e-065	4.20437199e-084	
4.99	1.66548458e-004	7.75479367e-002	7.37697142e-001	1.84418937e-001	1.69431916e-004	3.63075580e-009	4.99933473e-016	6.25637316e-026	7.17935045e-045	5.09933266e-064	2.50951410e-083	
5	1.41388331e-004	6.87230547e-002	7.18965694e-001	2.11921308e-001	2.48547423e-004	7.33597702e-009	1.54201450e-015	3.41703234e-025	3.98692313e-044	2.87594542e-063	1.43660793e-082	
5.01	1.19567770e-004	6.06714204e-002	6.97258913e-001	2.41590158e-001	3.59927093e-004	1.45308781e-008	4.62045607e-015	1.79104110e-024	4.81364871e-035	3.52648257e-054	1.78809582e-073	
5.02	1.00710971e-004	5.33538576e-002	6.72806533e-001	2.73224244e-001	5.14625977e-004	2.82273759e-008	1.34589780e-014	9.01981351e-024	4.61860673e-034	3.43671905e-053	1.76886049e-072	
5.03	8.44775528e-005	4.67317923e-002	6.45933415e-001	3.06523730e-001	7.26531136e-004	5.37926997e-008	3.81309600e-014	4.36733139e-023	4.20136605e-033	3.17515572e-052	1.65882437e-071	
5.04	7.05695014e-005	4.07654317e-002	6.16968376e-001	3.41182398e-001	1.01312417e-003	1.00611323e-007	1.05133046e-013	2.03491197e-022	3.62752572e-032	2.78440721e-051	1.47666908e-070	
5.05	5.87064167e-005	3.54177751e-002	5.86341451e-001	3.76786334e-001	1.39554858e-003	1.84751052e-007	2.82272443e-013	9.13167334e-022	2.97625166e-031	2.32030222e-050	1.24915328e-069	
5.06	4.86372601e-005	3.06483697e-002	5.54466911e-001	4.12936210e-001	1.89953903e-003	3.33245798e-007	7.38461872e-013	3.95013825e-021	2.32329307e-030	1.83964927e-049	1.00532776e-068	
5.07	4.01380299e-005	2.64199691e-002	5.21807675e-001	4.49175965e-001	2.55566132e-003	5.90699374e-007	1.88380234e-012	1.64880887e-020	1.72769635e-029	1.38949361e-048	7.70827477e-068	
5.08	3.30036612e-005	2.26922984e-002	4.88863546e-001	4.85010557e-001	3.39956586e-003	1.02943676e-006	4.68856266e-012	6.64610693e-020	1.22528123e-028	1.00088321e-047	5.63623839e-067	
5.09	2.70403971e-005	1.94248014e-002	4.56020927e-001	5.20052540e-001	4.47292650e-003	1.76485265e-006	1.13936183e-011	2.58946820e-019	8.29697502e-028	6.88431382e-047	3.93546780e-066	
5.1	2.20820010e-005	1.65737181e-002	4.23595456e-001	5.53981207e-001	5.82455883e-003	2.97841542e-006	2.70575302e-011	9.76403958e-019	5.37249774e-027	4.52764010e-046	2.62746059e-065	
5.11	1.79761779e-005	1.40982001e-002	3.91962129e-001	5.86407841e-001	7.50890219e-003	4.95091855e-006	6.28419109e-011	3.56620784e-018	3.33070166e-026	2.85113992e-045	1.67971010e-064	
5.12	1.45783146e-005	1.19597509e-002	3.61382616e-001	6.17047002e-001	9.58794257e-003	8.11006513e-006	1.42829331e-010	1.26276847e-017	1.97912145e-025	1.72082554e-044	1.02914032e-063	
5.13	1.17823826e-005	1.01195087e-002	3.32061006e-001	6.45662982e-001	1.21316205e-002	1.30999301e-005	3.17935646e-010	4.33942436e-017	1.12862427e-024	9.96841790e-044	6.05210242e-063	
5.14	9.50067295e-006	8.54294382e-003	3.04190434e-001	6.72019647e-001	1.52165979e-002	2.08766418e-005	6.93613125e-010	1.44844994e-016	6.18355498e-024	5.54728176e-043	3.41918254e-062	
5.15	7.64523364e-006	7.19695274e-003	2.77865731e-001	6.95970228e-001	1.89266041e-002	3.28374903e-005	1.48393827e-009	4.70015503e-016	3.25871679e-023	2.96975922e-042	1.85830625e-061	
5.16	6.14064687e-006	6.05207014e-003	2.53167969e-001	7.17369524e-001	2.33532834e-002	5.10091936e-005	3.11552606e-009	1.48396105e-015	1.65358636e-022	1.53067329e-041	9.72411723e-061	
5.17	4.92367615e-006	5.08046806e-003	2.30102883e-001	7.36135725e-001	2.85977004e-002	7.82932186e-005	6.42305292e-009	4.56246862e-015	8.08790633e-022	7.60498950e-041	4.90486263e-060	
5.18	3.94170032e-006	4.25838947e-003	2.08676763e-001	7.52181188e-001	3.47609418e-002	1.18762195e-004	1.30087412e-008	1.36684367e-014	3.81667548e-021	3.64569250e-040	2.38701794e-059	
5.19	3.15140528e-006	3.56443424e-003	1.88850620e-001	7.65450559e-001	4.19530811e-002	1.78128393e-004	2.58971058e-008	3.99303733e-014	1.73932836e-020	1.68768519e-039	1.12190733e-058	
5.2	2.51596871e-006	2.97937765e-003	1.70554275e-001	7.75911122e-001	5.02883854e-002	2.64273394e-004	5.07061991e-008	1.13837171e-013	7.66183484e-020	7.55232611e-039	5.09706831e-058	
5.21	2.00622119e-006	2.48728635e-003	1.53739561e-001	7.83508937e-001	5.98742233e-002	3.87888991e-004	9.76682955e-008	3.16842273e-013	3.26463011e-019	3.26897785e-038	2.23994645e-057	
5.22	1.59765881e-006	2.07379754e-003	1.38312847e-001	7.88224454e-001	7.08236968e-002	5.63421230e-004	1.85147233e-007	8.61466045e-013	1.34656922e-018	1.36974531e-037	9.52932597e-057	
5.23	1.27067745e-006	1.72676873e-003	1.24192664e-001	7.90034449e-001	8.32344901e-002	8.10011671e-004	3.45559346e-007	2.28940804e-012	5.38082497e-018	5.56036929e-037	3.92736918e-056	
5.24	1.00891908e-006	1.43587277e-003	1.11293833e-001	7.88919126e-001	9.71966701e-002	1.15285478e-003	6.35139965e-007	5.94877355e-012	2.08417655e-017	2.18795107e-036	1.56909858e-055	
5.25	7.98758888e-007	1.19227863e-003	9.95305079e-002	7.84868817e-001	1.12781956e-001	1.62449168e-003	1.14992694e-006	1.51207610e-011	7.83073496e-017	8.35135866e-036	6.08079122e-055	
5.26	6.31457372e-007	9.88556664e-004	8.88287053e-002	7.77896879e-001	1.30016930e-001	2.26624699e-003	2.05090152e-006	3.76047421e-011	2.85472266e-016	3.09300799e-035	2.28654394e-054	
5.27	4.98408762e-007	8.18258558e-004	7.90947332e-002	7.68066027e-001	1.48887379e-001	3.12950061e-003	3.60334508e-006	9.15113585e-011	1.01014571e-015	1.11189525e-034	8.34630871e-054	
5.28	3.92715596e-007	6.76082189e-004	7.02610959e-002	7.55366171e-001	1.69410055e-001	4.27996316e-003	6.24012338e-006	2.18095094e-010	3.47302160e-015	3.88376901e-034	2.95996418e-053	
5.29	3.08930493e-007	5.57648792e-004	6.22718131e-002	7.39841518e-001	1.91521652e-001	5.79640670e-003	1.06523713e-005	5.09072816e-010	1.16045998e-014	1.31841986e-033	1.02029087e-052	
5.3	2.42504707e-007	4.58966667e-004	5.50407674e-002	7.21606219e-001	2.15101687e-001	7.77419074e-003	1.79261021e-005	1.16415486e-009	3.77047542e-014	4.38647003e-044	3.44685685e-063	
5.31	1.89953531e-007	3.76886136e-004	4.85111917e-002	7.00764712e-001	2.39992382e-001	1.03248933e-002	2.97425371e-005	2.60867894e-009	1.19155785e-013	6.93655944e-043	5.53419454e-062	
5.32	1.48406420e-007	3.08668267e-004	4.26230643e-002	6.77470486e-001	2.65969115e-001	1.35798537e-002	4.86591276e-005	5.72983277e-009	3.66447869e-013	1.02970410e-041	8.34241354e-061	
5.33	1.15647791e-007	2.52125503e-004	3.73281412e-002	6.51905377e-001	2.92749991e-001	1.76857400e-002	7.84971341e-005	1.23377097e-008	1.09701521e-012	1.43647268e-040	1.18169848e-059	
5.34	8.98622739e-008	2.05321749e-004	3.25767828e-002	6.24289831e-001	3.19995539e-001	2.28075344e-002	1.24875194e-004	2.60483940e-008	3.19805704e-012	1.88540026e-039	1.57497307e-058	
5.35	6.96078657e-008	1.66677425e-004	2.83265973e-002	5.94868705e-001	3.47319412e-001	2.91225670e-002	1.95917697e-004	5.39337390e-008	9.08159369e-012	2.33083116e-038	1.97712373e-057	
5.36	5.37049810e-008	1.34851367e-004	2.45353941e-002	5.63934872e-001	3.74275413e-001	3.68161742e-002	3.03131744e-004	1.09530269e-007	2.51278368e-011	2.71678503e-037	1.68251129e-067	
5.37	4.12623187e-008	1.08716515e-004	2.11654971e-002	5.31788559e-001	4.00394387e-001	4.60799830e-002	4.62598519e-004	2.18214181e-007	6.77759017e-011	2.98942152e-036	9.14502035e-066	
5.38	3.15899338e-008	8.73202389e-005	1.81819234e-002	4.98751336e-001	4.25202833e-001	5.70800510e-002	6.96077761e-004	4.26433892e-007	1.78180897e-010	3.10717625e-035	4.53036729e-064	
5.39	2.40934505e-008	6.98598648e-005	1.55505381e-002	4.65170891e-001	4.48180125e-001	6.99946402e-002	1.03310391e-003	8.17729872e-007	4.56838841e-010	3.05435447e-034	2.04967103e-062	
5.4	1.83040515e-008	5.56638946e-005	1.32394503e-002	4.31380988e-001	4.68841922e-001	8.49678802e-002	1.51253763e-003	1.53910867e-006	1.14277410e-009	2.84286093e-033	8.48613647e-061	
5.41	1.38480825e-008	4.41642673e-005	1.12193504e-002	3.97722300e-001	4.86723195e-001	1.02103443e-001	2.18468691e-003	2.84379856e-006	2.78978637e-009	2.50783824e-032	3.22046459e-059	
5.42	1.04328862e-008	3.48862162e-005	9.46113771e-003	3.64516677e-001	5.01403892e-001	1.21465214e-001	3.11301651e-003	5.15897391e-006	6.64873766e-009	2.09871629e-031	1.12227595e-057	
5.43	7.82565379e-009	2.74338673e-005	7.93909238e-003	3.32077152e-001	5.12535815e-001	1.43034455e-001	4.37683750e-003	9.19076895e-006	1.54732783e-008	1.66786402e-030	3.59733180e-056	
5.44	5.84330513e-009	2.14725838e-005	6.62792102e-003	3.00679949e-001	5.19845298e-001	1.66737243e-001	6.07199342e-003	1.60815925e-005	3.51752348e-008	1.25978948e-029	1.06242574e-054	
5.45	4.34340887e-009	1.67286527e-005	5.50518491e-003	2.70570118e-001	5.23145845e-001	1.92421214e-001	8.31318122e-003	2.76456843e-005	7.81448012e-008	9.05389349e-029	2.89577680e-053	
5.46	3.21360986e-009	1.29704144e-005	4.54888802e-003	2.41975158e-001	5.22352087e-001	2.19830864e-001	1.12331644e-002	4.66948183e-005	1.69675696e-007	6.19578966e-028	7.29561004e-052	
5.47	2.36624703e-009	1.00091514e-005	3.73925456e-003	2.15062715e-001	5.17483459e-001	2.48644623e-001	1.49820613e-002	7.75156350e-005	3.60258957e-007	4.04164904e-027	1.70194235e-050	
5.48	1.73213121e-009	7.68752914e-006	3.05809235e-003	1.89996424e-001	5.08647496e-001	2.78440009e-001	1.97230736e-002	1.26468758e-004	7.47957262e-007	2.51455889e-026	3.68069411e-049	
5.49	1.26198355e-009	5.87552150e-006	2.48763847e-003	1.66797538e-001	4.96097637e-001	3.08768773e-001	2.56381153e-002	2.02902048e-004	1.51970285e-006	1.49418080e-025	7.39453785e-048	
5.5	9.14979095e-010	4.46829473e-006	2.01282367e-003	1.45529712e-001	4.80147184e-001	3.39071256e-001	3.29113764e-002	3.20156186e-004	3.02223509e-006	8.48573343e-025	1.38179303e-046	
5.51	6.60402871e-010	3.38188426e-006	1.62010211e-003	1.26189986e-001	4.61164731e-001	3.68789515e-001	4.17294075e-002	4.96989911e-004	5.88537402e-006	4.61061043e-024	2.40579275e-045	
5.52	4.74339794e-010	2.54661036e-006	1.29697199e-003	1.08748353e-001	4.39597879e-001	3.97311388e-001	5.22723682e-002	7.59263347e-004	1.12281843e-005	2.39899724e-023	3.90867339e-044	
5.53	3.39097352e-010	1.90845554e-006	1.03297564e-003	9.31477428e-002	4.15916578e-001	4.24039154e-001	6.46989401e-002	1.14171081e-003	2.09902364e-005	1.19628102e-022	5.93389587e-043	
5.54	2.41268046e-010	1.42313813e-006	8.18323656e-004	7.93020150e-002	3.90602446e-001	4.48403655e-001	7.91432901e-002	1.69037872e-003	3.84683917e-005	5.72262079e-022	8.43071065e-042	
5.55	1.70874957e-010	1.05613923e-006	6.44922759e-004	6.71134531e-002	3.64157814e-001	4.69855318e-001	9.56934413e-002	2.46485682e-003	6.91379909e-005	2.62820136e-021	1.12254896e-040	
5.56	1.20465786e-010	7.80083210e-007	5.05668108e-004	5.64620219e-002	3.37052612e-001	4.87918288e-001	1.14398003e-001	3.54071991e-003	1.21906365e-004	1.15986943e-020	1.40263850e-039	
5.57	8.45341467e-011	5.73411934e-007	3.94438524e-004	4.72221825e-002	3.09747384e-001	5.02193511e-001	1.35219438e-001	5.01154505e-003	2.10927380e-004	4.92210184e-020	1.64698098e-038	
5.58	5.90564973e-011	4.19537063e-007	3.06122778e-004	3.92654044e-002	2.82639358e-001	5.12366217e-001	1.58073264e-001	6.99097347e-003	3.58240512e-004	2.01026304e-019	1.81965123e-037	
5.59	4.10362151e-011	3.05530938e-007	2.36390800e-004	3.24624528e-002	2.56118809e-001	5.18200055e-001	1.82771165e-001	9.61332663e-003	5.97494203e-004	7.90789197e-019	1.89414606e-036	
5.6	2.83733907e-011	2.21427167e-007	1.81596753e-004	2.66817341e-002	2.30465651e-001	5.19598882e-001	2.09059096e-001	1.30340210e-002	9.78798086e-004	2.99823561e-018	1.85989614e-035	
5.61	1.95309702e-011	1.59717763e-007	1.38794292e-004	2.18036977e-002	2.05944024e-001	5.16540136e-001	2.36571437e-001	1.74264353e-002	1.57531588e-003	1.09629993e-017	1.72458243e-034	
5.62	1.33800785e-011	1.14639885e-007	1.05523782e-004	1.77122756e-002	1.82728550e-001	5.09116100e-001	2.64865655e-001	2.29800618e-002	2.49171919e-003	3.86929411e-017	1.51205590e-033	
5.63	9.12342879e-012	8.18783726e-008	7.98019756e-005	1.43021808e-002	1.60982282e-001	4.97481406e-001	2.93391050e-001	2.98898107e-002	3.87338711e-003	1.31867103e-016	1.25467599e-032	
5.64	6.18977904e-012	5.81766935e-008	6.00243644e-005	1.14799507e-002	1.40803674e-001	4.81877188e-001	3.21515481e-001	3.83452291e-002	5.91839446e-003	4.34160412e-016	9.86252780e-032	
5.65	4.17777841e-012	4.11129050e-008	4.48935163e-005	9.15633531e-003	1.22243467e-001	4.62621164e-001	3.48525961e-001	4.85189513e-002	8.88918662e-003	1.38165686e-015	7.35049069e-031	
5.66	2.80390992e-012	2.88848840e-008	3.33694651e-005	7.25357231e-003	1.05302176e-001	4.40084134e-001	3.73662850e-001	6.05416623e-002	1.31222070e-002	4.25100437e-015	5.19816350e-030	
5.67	1.87086795e-012	2.01722759e-008	2.46460400e-005	5.70629192e-003	8.99836034e-002	4.14695594e-001	3.96074651e-001	7.44790522e-002	1.90361416e-002	1.26472859e-014	3.49006281e-029	
5.68	1.24030037e-012	1.39940150e-008	1.80764185e-005	4.45511368e-003	7.62366709e-002	3.86906893e-001	4.14936075e-001	9.03127848e-002	2.71343726e-002	3.63958917e-014	2.22636640e-028	
5.69	8.16645577e-013	9.63982777e-009	1.31605330e-005	3.45079509e-003	6.40160496e-002	3.57295469e-001	4.29369304e-001	1.07874271e-001	3.79809402e-002	1.01282507e-013	1.34949487e-027	
5.7	5.33500647e-013	6.58782615e-009	9.50240818e-006	2.64956026e-003	5.32346847e-002	3.26332768e-001	4.38688213e-001	1.26890308e-001	5.21949574e-002	2.72595750e-013	7.77699524e-027	
5.71	3.45323540e-013	4.46373449e-009	6.80050478e-006	2.01527154e-003	4.38113503e-002	2.94611108e-001	4.42266723e-001	1.46900172e-001	7.03885694e-002	7.09477214e-013	4.26222205e-026	
5.72	2.21463063e-013	2.99623886e-009	4.81976040e-006	1.51739842e-003	3.56612938e-002	2.62717827e-001	4.39693776e-001	1.67294149e-001	9.31107326e-002	1.78547317e-012	2.22207082e-025	
5.73	1.40654168e-013	1.99128157e-009	3.38103379e-006	1.13026605e-003	2.86892213e-002	2.31274336e-001	4.30836115e-001	1.87317158e-001	1.20749520e-001	4.34362043e-012	1.10210568e-024	
5.74	8.84336282e-014	1.30977873e-009	2.34665641e-006	8.32481507e-004	2.28018406e-002	2.00890188e-001	4.15880269e-001	2.06118992e-001	1.53473881e-001	1.02159548e-011	5.20301065e-024	
5.75	5.49987100e-014	8.52008342e-010	1.61039346e-006	6.05991029e-004	1.78956137e-002	1.72118558e-001	3.95365557e-001	2.22863133e-001	1.91149536e-001	2.32320346e-011	2.33899604e-023	
5.76	3.38336009e-014	5.48094983e-010	1.09273389e-006	4.35957519e-004	1.38694226e-002	1.45455782e-001	3.70172386e-001	2.36766172e-001	2.33299187e-001	5.10973133e-011	1.00195488e-022	
5.77	2.05949321e-014	3.48827620e-010	7.33358723e-007	3.10050328e-004	1.06159522e-002	1.21266399e-001	3.41409424e-001	2.47234316e-001	2.79163125e-001	1.08787251e-010	4.09449407e-022	
5.78	1.24078756e-014	2.19687224e-010	4.86874389e-007	2.18032235e-004	8.02933081e-003	9.97908601e-002	3.10359264e-001	2.53903680e-001	3.27698346e-001	2.24379755e-010	1.59809263e-021	
5.79	7.40558851e-015	1.37026422e-010	3.20034428e-007	1.51734832e-004	6.00554625e-003	8.11195815e-002	2.78300201e-001	2.56682374e-001	3.77740241e-001	4.48953724e-010	5.96706518e-021	
5.8	4.38374435e-015	8.47523907e-011	2.08540169e-007	1.04632544e-004	4.44680110e-003	6.52113212e-002	2.46449953e-001	2.55721937e-001	4.28065146e-001	8.72630257e-010	2.13521651e-020	
5.81	2.57623088e-015	5.20342847e-011	1.34848953e-007	7.15686120e-005	3.26384329e-003	5.19122751e-002	2.15816145e-001	2.51399463e-001	4.77536569e-001	1.65039181e-009	7.33651407e-020	
5.82	1.50499080e-015	3.17504268e-011	8.66339040e-008	4.86161737e-005	2.37716178e-003	4.09661648e-002	1.87125226e-001	2.44240089e-001	5.25242652e-001	3.04245234e-009	2.42529010e-019	
5.83	8.74458864e-016	1.92785385e-011	5.53722701e-008	3.28452234e-005	1.72069239e-003	3.20967406e-002	1.60865045e-001	2.34823808e-001	5.70460808e-001	5.47717770e-009	7.73099464e-019	
5.84	5.06258433e-016	1.16661091e-011	3.52572529e-008	2.20987121e-005	1.23955156e-003	2.50026907e-002	1.37317734e-001	2.23754958e-001	6.12662922e-001	9.64466921e-009	2.38080040e-018	
5.85	2.92579727e-016	7.04564250e-012	2.24014987e-008	1.48304469e-005	8.89966688e-004	1.93932181e-002	1.16542976e-001	2.11589046e-001	6.51569924e-001	1.66392528e-008	7.09661626e-018	
5.86	1.68907505e-016	4.25011070e-012	1.42118853e-008	9.93400851e-006	6.37402866e-004	1.49914055e-002	9.84586497e-002	1.98811131e-001	6.87091435e-001	2.81698019e-008	2.05139513e-017	
5.87	9.75094886e-017	2.56285514e-012	9.01267357e-009	6.64877601e-006	4.55800739e-004	1.15603343e-002	8.28787194e-002	1.85816354e-001	7.19282086e-001	4.68670590e-008	5.76049503e-017	
5.88	5.63534713e-017	1.54696442e-012	5.71907185e-009	4.45112345e-006	3.25803687e-004	8.90246455e-003	6.95894447e-002	1.72933793e-001	7.48243961e-001	7.67173347e-008	1.57365818e-016	
5.89	3.26148644e-017	9.34845586e-013	3.63284281e-009	2.98179757e-006	2.32886149e-004	6.85137094e-003	5.83283814e-002	1.60397633e-001	7.74186619e-001	1.23694062e-007	4.18770131e-016	
5.9	1.89223657e-017	5.66230994e-013	2.31203576e-009	2.00055124e-006	1.66632367e-004	5.27343951e-003	4.88401482e-002	1.48380951e-001	7.97336629e-001	1.96650578e-007	1.08704653e-015	
5.91	1.10085709e-017	3.43831187e-013	1.47486547e-009	1.34484594e-006	1.19394279e-004	4.06129054e-003	4.08743296e-002	1.36986210e-001	8.17957121e-001	3.08534857e-007	2.75545779e-015	
5.92	6.42645279e-018	2.09461256e-013	9.43557545e-010	9.06369229e-007	8.57116504e-005	3.13123814e-003	3.42104375e-002	1.26271262e-001	8.36299966e-001	4.78101991e-007	6.82765152e-015	
5.93	3.76539378e-018	1.28050007e-013	6.05637028e-010	6.12643516e-007	6.16715806e-005	2.41772469e-003	2.86437972e-002	1.16272805e-001	8.52602656e-001	7.32242351e-007	1.65538171e-014	
5.94	2.21530853e-018	7.85844453e-014	3.90124814e-010	4.15441404e-007	4.44942634e-005	1.87027912e-003	2.40040613e-002	1.07000313e-001	8.67079328e-001	1.10908212e-006	3.93015320e-014	
5.95	1.30871218e-018	4.84187894e-014	2.52243652e-010	2.82703767e-007	3.21935482e-005	1.44991633e-003	2.01392102e-002	9.84392467e-002	8.79937488e-001	1.66208128e-006	9.14410233e-014	
5.96	7.76514461e-019	2.99575891e-014	1.63731583e-010	1.93059505e-007	2.33642674e-005	1.12661409e-003	1.69193105e-002	9.05600719e-002	8.91367980e-001	2.46595449e-006	2.08650514e-013	
5.97	4.62540218e-019	1.86180170e-014	1.06720440e-010	1.32346654e-007	1.70110360e-005	8.77534183e-004	1.42350716e-002	8.33168150e-002	9.01549812e-001	3.62346423e-006	4.67202539e-013	
5.98	2.76781387e-019	1.16233181e-014	6.98667856e-011	9.10971485e-008	1.24293567e-005	6.85455747e-004	1.19986935e-002	7.66881977e-002	9.10609857e-001	5.27547348e-006	1.02729969e-012	
5.99	1.66408190e-019	7.28905788e-015	4.59411707e-011	6.29603513e-008	9.11420952e-006	5.36945367e-004	1.01323596e-002	7.06287823e-002	9.18685123e-001	7.61256318e-006	2.21921169e-012	
6	1.00515922e-019	4.59159888e-015	3.03375248e-011	4.36851904e-008	6.70597754e-006	4.21796383e-004	8.57285383e-003	6.50866162e-002	9.25901093e-001	1.08910324e-005	4.71267741e-012	
6.01	6.10129501e-020	2.90600830e-015	2.01219523e-011	3.04359162e-008	4.95176705e-006	3.32286081e-004	7.26746809e-003	6.00291319e-002	9.32350678e-001	1.54536349e-005	9.84237590e-012	
6.02	3.72153400e-020	1.84778689e-015	1.34061666e-011	2.12933206e-008	3.66995029e-006	2.62563137e-004	6.17466962e-003	5.54175988e-002	9.38119724e-001	2.17530813e-005	2.02255748e-011	
6.03	2.28126628e-020	1.18055081e-015	8.97172617e-012	1.49593377e-008	2.72973446e-006	2.08096036e-004	5.25717681e-003	5.12086841e-002	9.43292915e-001	3.03837218e-005	4.09128320e-011	
6.04	1.40501339e-020	7.57671748e-016	6.03029372e-012	1.05523197e-008	2.03779089e-006	1.65434209e-004	4.48622991e-003	4.73741943e-002	9.47929970e-001	4.21232506e-005	8.15055608e-011	
6.05	8.69737794e-021	4.88667315e-016	4.07206780e-012	7.47581980e-009	1.52715328e-006	1.31930793e-004	3.83722170e-003	4.38769412e-002	9.52094398e-001	5.79730758e-005	1.59961832e-010	
6.06	5.41015076e-021	3.16641847e-016	2.76184807e-012	5.31872381e-009	1.14872602e-006	1.05542888e-004	3.28976821e-003	4.06918079e-002	9.55832502e-001	7.92248234e-005	3.09404744e-010	
6.07	3.38190585e-021	2.06146558e-016	1.88167727e-012	3.80009520e-009	8.67327845e-007	8.46980522e-005	2.82722894e-003	3.77853960e-002	9.59194278e-001	1.07527812e-004	5.90024843e-010	
6.08	2.12437267e-021	1.34843208e-016	1.28778792e-012	2.72650939e-009	6.57365951e-007	6.81896689e-005	2.43561917e-003	3.51352608e-002	9.62215306e-001	1.44963513e-004	1.10971472e-009	
6.09	1.34102317e-021	8.86243770e-017	8.85318265e-013	1.96456400e-009	5.00101549e-007	5.50737585e-005	2.10331327e-003	3.27194550e-002	9.64927499e-001	1.94154366e-004	2.05906533e-009	
6.1	8.50717641e-022	5.85228110e-017	6.11414072e-013	1.42162289e-009	3.81932620e-007	4.46254373e-005	1.82111210e-003	3.05146216e-002	9.67360860e-001	2.58393427e-004	3.77069495e-009	
6.11	5.42248618e-022	3.88240746e-017	4.24160079e-013	1.03311533e-009	2.92810101e-007	3.62824831e-005	1.58082077e-003	2.85048059e-002	9.69536043e-001	3.41747125e-004	6.81642808e-009	
6.12	3.47346312e-022	2.58814227e-017	2.95656938e-013	7.54140218e-010	2.25381455e-007	2.95990005e-005	1.37587689e-003	2.66700370e-002	9.71475017e-001	4.49231502e-004	1.21676363e-008	
6.13	2.23490451e-022	1.73307416e-017	2.06950828e-013	5.52688148e-010	1.74112767e-007	2.42243850e-005	1.20054824e-003	2.49946943e-002	9.73193267e-001	5.87069787e-004	2.14551539e-008	
6.14	1.44531955e-022	1.16619917e-017	1.45547050e-013	4.06870345e-010	1.35052834e-007	1.98948041e-005	1.05044498e-003	2.34666429e-002	9.74700195e-001	7.62648982e-004	3.73766832e-008	
6.15	9.39126224e-023	7.88366969e-018	1.02811636e-013	3.00759176e-010	1.05152001e-007	1.63913413e-005	9.21496051e-004	2.20699149e-002	9.76006849e-001	9.85179159e-004	6.43558260e-008	
6.16	6.13202659e-023	5.35457504e-018	7.29457571e-014	2.23241648e-010	8.21756677e-008	1.35497605e-005	8.10604406e-004	2.07958723e-002	9.77114300e-001	1.26548116e-003	1.09528264e-007	
6.17	4.02376286e-023	3.65424328e-018	5.19958644e-014	1.66429232e-010	6.44709163e-008	1.12387499e-005	7.14944973e-004	1.96293274e-002	9.78027679e-001	1.61656141e-003	1.84313595e-007	
