4	9.98817109e-001	1.18289063e-003	5.94059176e-022	5.55766840e-041	5.54270311e-060	2.71861051e-079	1.24850081e-098	3.53442647e-118	6.79122757e-138	
4.01	9.98243857e-001	1.75614258e-003	8.95077768e-022	8.37930882e-041	8.48340014e-060	4.12035560e-079	1.92225594e-098	5.52293043e-118	1.07653167e-137	
4.02	9.97414511e-001	2.58548929e-003	1.33741428e-021	1.25319929e-040	1.28796137e-059	6.18350073e-079	2.93043018e-098	8.54502298e-118	1.68967472e-137	
4.03	9.96224930e-001	3.77507000e-003	1.98176807e-021	1.85941835e-040	1.93992524e-059	9.18960324e-079	4.42424690e-098	1.30937492e-117	2.62657703e-137	
4.04	9.94533620e-001	5.46638044e-003	2.91229645e-021	2.73712073e-040	2.89887812e-059	1.35253027e-078	6.61481033e-098	1.98690686e-117	4.04335951e-137	
4.05	9.92149723e-001	7.85027727e-003	4.24476980e-021	3.99733478e-040	4.29770111e-059	1.97160341e-078	9.79581362e-098	2.98643749e-117	6.16548473e-137	
4.06	9.88821221e-001	1.11787792e-002	6.13443404e-021	5.79047956e-040	6.31989736e-059	2.84590326e-078	1.43645430e-097	4.44474998e-117	9.30896178e-137	
4.07	9.84215872e-001	1.57841282e-002	8.79044786e-021	8.32034819e-040	9.21881378e-059	4.06849984e-078	2.08630318e-097	6.55204818e-117	1.39212752e-136	
4.08	9.77912380e-001	2.20876198e-002	1.24838183e-020	1.18521013e-039	1.33310478e-058	5.75755713e-078	2.99950880e-097	9.56110161e-117	2.06093758e-136	
4.09	9.69376583e-001	3.06234172e-002	1.75653420e-020	1.67352725e-039	1.91092096e-058	8.06499939e-078	4.26855054e-097	1.38100571e-116	3.01997793e-136	
4.1	9.57963190e-001	4.20368102e-002	2.44698820e-020	2.34027180e-039	2.71279246e-058	1.11743315e-077	6.00867426e-097	1.97309765e-116	4.37736583e-136	
4.11	9.42914180e-001	5.70858201e-002	3.37227198e-020	3.23883210e-039	3.81137718e-058	1.53048917e-077	8.36104435e-097	2.78673611e-116	6.27219471e-136	
4.12	9.23378030e-001	7.66219699e-002	4.59336790e-020	4.43204159e-039	5.29477168e-058	2.07061581e-077	1.14925671e-096	3.88787790e-116	8.87764968e-136	
4.13	8.98480869e-001	1.01519131e-001	6.17588097e-020	5.98902343e-039	7.26347228e-058	2.76377317e-077	1.55846012e-096	5.35130350e-116	1.23967464e-135	
4.14	8.67410202e-001	1.32589798e-001	8.18506067e-020	7.97997531e-039	9.82525678e-058	3.63467623e-077	2.08243167e-096	7.25788257e-116	1.70577042e-135	
4.15	8.29560509e-001	1.70439491e-001	1.06764903e-019	1.04692001e-038	1.30860094e-057	4.70364453e-077	2.73801998e-096	9.68627723e-116	2.30961092e-135	
4.16	7.84678227e-001	2.15321773e-001	3.09125588e-010	3.04977889e-029	3.86998311e-048	1.35087375e-067	7.98955374e-087	2.86898655e-106	6.94048080e-126	
4.17	7.33052108e-001	2.66947891e-001	7.47994637e-010	7.42795071e-029	9.56889536e-048	3.24237441e-067	1.94842522e-086	7.10171024e-106	1.74300762e-125	
4.18	6.75583008e-001	3.24416990e-001	1.74834970e-009	1.74800010e-028	2.28604324e-047	7.51765344e-067	4.59009247e-086	1.69821024e-105	4.22861117e-125	
4.19	6.13834652e-001	3.86165344e-001	3.94545758e-009	3.97331048e-028	5.27523962e-047	1.68339012e-066	1.04435146e-085	3.92200489e-105	9.90830631e-125	
4.2	5.49808901e-001	4.50191090e-001	8.59808319e-009	8.72432416e-028	1.17586416e-046	3.64100995e-066	2.29513991e-085	8.74905618e-105	2.24254272e-124	
4.21	4.85764363e-001	5.14235619e-001	1.81070462e-008	1.85179597e-027	2.53368721e-046	7.61324281e-066	4.87653268e-085	1.88691096e-104	4.90693025e-124	
4.22	4.23827798e-001	5.76172165e-001	3.69008512e-008	3.80483907e-027	5.28471890e-046	1.54118370e-065	1.00304829e-084	3.93970263e-104	1.03947195e-123	
4.23	3.65820310e-001	6.34179617e-001	7.28988603e-008	7.58052329e-027	1.06877822e-045	3.02590023e-065	2.00112442e-084	7.97864686e-104	2.13589797e-123	
4.24	3.13012636e-001	6.86987224e-001	1.39901171e-007	1.46756150e-026	2.10026691e-045	5.77472343e-065	3.88060173e-084	1.57058513e-103	4.26580783e-123	
4.25	2.66095120e-001	7.33904619e-001	2.61367399e-007	2.76649518e-026	4.01855698e-045	1.07347589e-064	7.33048269e-084	3.01157828e-103	8.29910240e-123	
4.26	2.25264760e-001	7.74734763e-001	4.76414502e-007	5.08935479e-026	7.50299242e-045	1.94822196e-064	1.35189922e-083	5.63808165e-103	1.57642434e-122	
4.27	1.90306980e-001	8.09692171e-001	8.49038132e-007	9.15543189e-026	1.36973293e-044	3.45900889e-064	2.43901346e-083	1.03256148e-102	2.92933552e-122	
4.28	1.60775918e-001	8.39222600e-001	1.48214166e-006	1.61351397e-025	2.44939425e-044	6.01949879e-064	4.31319776e-083	1.85362403e-102	5.33555174e-122	
4.29	1.36059939e-001	8.63937523e-001	2.53815306e-006	2.78982299e-025	4.29659638e-044	1.02823826e-063	7.48680833e-083	3.26621077e-102	9.53916697e-122	
4.3	1.15518985e-001	8.84476744e-001	4.27040510e-006	4.73941789e-025	7.40372089e-044	1.72657375e-063	1.27761858e-082	5.65818680e-102	1.67669851e-121	
4.31	9.85122795e-002	9.01480655e-001	7.06597503e-006	7.91794602e-025	1.25432808e-043	2.85249604e-063	2.14489513e-082	9.64301188e-102	2.89936916e-121	
4.32	8.44719022e-002	9.15516589e-001	1.15090506e-005	1.30206137e-024	2.09106020e-043	4.64092195e-063	3.54647864e-082	1.61858365e-101	4.93801834e-121	
4.33	7.28831819e-002	9.27098352e-001	1.84663729e-005	2.10892419e-024	3.43232620e-043	7.44038976e-063	5.77804594e-082	2.67700424e-101	8.28691257e-121	
4.34	6.33111896e-002	9.36659610e-001	2.92007223e-005	3.36557314e-024	5.54853214e-043	1.17573575e-062	9.27894995e-082	4.36430551e-101	1.37082813e-120	
4.35	5.53844986e-002	9.44569969e-001	4.55328369e-005	5.29463905e-024	8.83750738e-043	1.83213935e-062	1.46947333e-081	7.01653695e-101	2.23620389e-120	
4.36	4.88014021e-002	9.51128571e-001	7.00265129e-005	2.75803045e-014	4.65804838e-033	9.45566234e-053	7.70758261e-072	3.73610403e-091	1.20823492e-110	
4.37	4.33090437e-002	9.56584713e-001	1.06243481e-004	8.03525817e-014	1.37214108e-032	2.72981415e-052	2.26146479e-071	1.11287082e-090	3.65175002e-110	
4.38	3.87061189e-002	9.61134815e-001	1.59065637e-004	2.27555888e-013	3.92567863e-032	7.66090712e-052	6.45020385e-071	3.22236292e-090	1.07294074e-109	
4.39	3.48248450e-002	9.64940167e-001	2.34987848e-004	6.26538507e-013	1.09088433e-031	2.09009701e-051	1.78854784e-070	9.07109521e-090	3.06476627e-109	
4.4	3.15343712e-002	9.68122957e-001	3.42671750e-004	1.67798344e-012	2.94532909e-031	5.54529708e-051	4.82283622e-070	2.48330993e-089	8.51352439e-109	
4.41	2.87334877e-002	9.70773314e-001	4.93198756e-004	4.37177875e-012	7.72617481e-031	1.43072012e-050	1.26466907e-069	6.61092040e-089	2.29985055e-108	
4.42	2.63295770e-002	9.72969586e-001	7.00837372e-004	1.10866977e-011	1.96988286e-030	3.59100710e-050	3.22613162e-069	1.71220232e-088	6.04420476e-108	
4.43	2.42463309e-002	9.74770359e-001	9.83310523e-004	2.73684123e-011	4.88094099e-030	8.76716000e-050	8.00580769e-069	4.31370639e-088	1.54518981e-107	
4.44	2.24289314e-002	9.76208559e-001	1.36250951e-003	6.58031862e-011	1.17581278e-029	2.08285406e-049	1.93304322e-068	1.05746347e-087	3.84378418e-107	
4.45	2.08309765e-002	9.77304026e-001	1.86499710e-003	1.54146884e-010	2.75424597e-029	4.81587308e-049	4.54284792e-068	2.52296341e-087	9.30605072e-107	
4.46	1.94143607e-002	9.78062959e-001	2.52267953e-003	3.52001082e-010	6.27531210e-029	1.08404369e-048	1.03945123e-067	5.86101624e-087	2.19374040e-106	
4.47	1.81502168e-002	9.78476813e-001	3.37296951e-003	7.83913764e-010	1.39110194e-028	2.37624601e-048	2.31580353e-067	1.32574052e-086	5.03547750e-106	
4.48	1.70123077e-002	9.78528354e-001	4.45933608e-003	1.70347852e-009	3.00151270e-028	5.07423705e-048	5.02648544e-067	2.92152598e-086	1.12608926e-105	
4.49	1.59813086e-002	9.78186105e-001	5.83258259e-003	3.61431973e-009	6.30639260e-028	1.05604645e-047	1.06338380e-066	6.27550192e-086	2.45462799e-105	
4.5	1.50403530e-002	9.77409717e-001	7.54992282e-003	7.49212411e-009	1.47232193e-018	2.44421523e-038	2.50175561e-057	1.49895483e-076	5.94965003e-096	
4.51	1.41761024e-002	9.76147830e-001	9.67605273e-003	1.51813170e-008	5.66633513e-018	9.33359984e-038	9.71096806e-057	5.90763357e-076	2.37961555e-095	
4.52	1.33769944e-002	9.74339515e-001	1.22834600e-002	3.00947817e-008	2.09598237e-017	3.42844912e-037	3.62595488e-056	2.23962624e-075	9.15478351e-095	
4.53	1.26330422e-002	9.71913391e-001	1.54535080e-002	5.83967634e-008	7.45850790e-017	1.21248950e-036	1.30352789e-055	8.17515137e-075	3.39119400e-094	
4.54	1.19384890e-002	9.68787692e-001	1.92737083e-002	1.10998107e-007	2.55576126e-016	4.13246009e-036	4.51620175e-055	2.87582893e-074	1.21062047e-093	
4.55	1.12836019e-002	9.64874631e-001	2.38415603e-002	2.06808994e-007	8.44265385e-016	1.35886912e-035	1.50963652e-054	9.76037059e-074	4.16967302e-093	
4.56	1.06650128e-002	9.60075710e-001	2.92588995e-002	3.77909843e-007	2.69104195e-015	4.31484912e-035	4.87300287e-054	3.19897779e-073	1.38694030e-092	
4.57	1.00778256e-002	9.54283868e-001	3.56376291e-002	6.77769260e-007	8.28572970e-015	1.32448763e-034	1.52061678e-053	1.01360937e-072	4.45973853e-092	
4.58	9.51817132e-003	9.47390655e-001	4.30899799e-002	1.19370742e-006	2.46704782e-014	3.93449727e-034	4.59208364e-053	3.10800923e-072	1.38781390e-091	
4.59	8.98269665e-003	9.39280261e-001	5.17349772e-002	2.06560259e-006	7.10954445e-014	1.13205701e-033	1.34319362e-052	9.23093683e-072	4.18314081e-091	
4.6	8.46812580e-003	9.29835328e-001	6.16930318e-002	3.51433240e-006	1.98556245e-013	3.15885654e-033	3.81030426e-052	2.65878463e-071	1.22276703e-090	
4.61	7.97314940e-003	9.18943625e-001	7.30773447e-002	5.88084958e-006	5.37834112e-013	8.55497410e-033	1.04909795e-051	7.43355732e-071	3.46957168e-090	
4.62	7.49478511e-003	9.06497262e-001	8.59982687e-002	9.68396975e-006	1.41436076e-012	2.25084069e-032	2.80618463e-051	2.01898311e-070	9.56365455e-090	
4.63	7.03218972e-003	8.92397241e-001	1.00554869e-001	1.56996655e-005	3.61490049e-012	5.75951260e-032	7.30013257e-051	5.33323537e-070	2.56393220e-089	
4.64	6.58486502e-003	8.76556514e-001	1.16833552e-001	2.50683821e-005	8.98648546e-012	1.43437223e-031	1.84839400e-050	1.37121217e-069	6.69047167e-089	
4.65	6.15235895e-003	8.58916534e-001	1.34891667e-001	3.94401867e-005	2.17502232e-011	3.48009139e-031	4.55944998e-050	3.43461392e-069	1.70080911e-088	
4.66	5.73400641e-003	8.39440379e-001	1.54764463e-001	6.11515555e-005	5.12862784e-011	1.59433663e-022	2.12371509e-041	1.62450478e-060	8.16457142e-080	
4.67	5.32997866e-003	8.18118729e-001	1.76457801e-001	9.34904432e-005	1.17924347e-010	7.18547769e-022	9.73140888e-041	7.55896294e-060	3.85563016e-079	
4.68	4.94023419e-003	7.94973594e-001	1.99945192e-001	1.40979634e-004	2.64650628e-010	3.11555128e-021	4.29009292e-040	3.38415470e-059	1.75199560e-078	
4.69	4.56493085e-003	7.70087568e-001	2.25137799e-001	2.09700881e-004	5.79936699e-010	1.30059264e-020	1.82089525e-039	1.45858318e-058	7.66424877e-078	
4.7	4.20476792e-003	7.43551153e-001	2.51936222e-001	3.07856442e-004	1.24200451e-009	5.23344438e-020	7.44995499e-039	6.05982999e-058	3.23173697e-077	
4.71	3.86013524e-003	7.15506298e-001	2.80187438e-001	4.46126402e-004	2.60125110e-009	2.03189212e-019	2.94102032e-038	2.42939065e-057	1.31503229e-076	
4.72	3.53158651e-003	6.86145664e-001	3.09684363e-001	6.38380944e-004	5.33156408e-009	7.61917786e-019	1.12134132e-037	9.40643669e-057	5.16780392e-076	
4.73	3.21969053e-003	6.55673253e-001	3.40204706e-001	9.02339826e-004	1.07009220e-008	2.76186736e-018	4.13304705e-037	3.52078290e-056	1.96329834e-075	
4.74	2.92494289e-003	6.24332870e-001	3.71482033e-001	1.26013361e-003	2.10442482e-008	9.68707409e-018	1.47403666e-036	1.27522853e-055	7.21772995e-075	
4.75	2.64771899e-003	5.92371149e-001	4.03241714e-001	1.73937799e-003	4.05777411e-008	3.29045225e-017	6.41248450e-028	5.63388200e-047	3.23656115e-066	
4.76	2.38826375e-003	5.60059197e-001	4.35178839e-001	2.37362311e-003	7.67575723e-008	1.08335783e-016	4.15169556e-027	3.70422516e-046	2.15989805e-065	
4.77	2.14673991e-003	5.27670478e-001	4.66978932e-001	3.20370736e-003	1.42550759e-007	3.46076421e-016	2.56981247e-026	2.32857237e-045	1.37817967e-064	
4.78	1.92243121e-003	4.95452875e-001	4.98346594e-001	4.27784013e-003	2.60016735e-007	1.07344415e-015	1.52236437e-025	1.40090584e-044	8.41587071e-064	
4.79	1.71516541e-003	4.63678104e-001	5.28953177e-001	5.65308821e-003	4.66171866e-007	3.23580230e-015	8.64158310e-025	8.07624589e-044	4.92484047e-063	
4.8	1.52516876e-003	4.32515171e-001	5.58562007e-001	7.39683144e-003	8.21978918e-007	9.48775701e-015	4.70636676e-024	4.46693884e-043	2.76487920e-062	
4.81	1.35207904e-003	4.02209730e-001	5.86852202e-001	9.58456318e-003	1.42598457e-006	2.70769126e-014	2.46128061e-023	2.37254734e-042	1.49066809e-061	
4.82	1.19502863e-003	3.72900666e-001	6.13598702e-001	1.23031687e-002	2.43536155e-006	7.52763283e-014	1.23750019e-022	1.21145393e-041	7.72610927e-061	
4.83	1.05317315e-003	3.44746321e-001	6.38545047e-001	1.56513613e-002	4.09713593e-006	2.04031920e-013	5.98864281e-022	5.95410898e-041	3.85454067e-060	
4.84	9.25608226e-004	3.17833500e-001	6.61498514e-001	1.97355858e-002	6.79177667e-006	5.39446679e-013	2.79163729e-021	2.81898141e-040	1.85252114e-059	
4.85	8.11329942e-004	2.92234330e-001	6.82267149e-001	2.46760910e-002	1.10998002e-005	1.39230727e-012	1.25483980e-020	1.28696238e-039	8.58490012e-059	
4.86	7.09207404e-004	2.67967454e-001	7.00706177e-001	3.05992688e-002	1.78933479e-005	3.51051536e-012	5.44440893e-020	5.67120023e-039	3.84019517e-058	
4.87	6.18347838e-004	2.45092888e-001	7.16619400e-001	3.76409063e-002	2.84584057e-005	8.65076094e-012	2.28169572e-019	2.41395639e-038	1.65930464e-057	
4.88	5.37727002e-004	2.23582587e-001	7.29894001e-001	4.59410106e-002	4.46745099e-005	2.08464391e-011	9.24470524e-019	9.93392065e-038	6.93177074e-057	
4.89	4.66390078e-004	2.03424830e-001	7.40399672e-001	5.56398711e-002	6.92368837e-005	4.91497148e-011	3.62367512e-018	3.95489782e-037	2.80151436e-056	
4.9	4.03512273e-004	1.84613599e-001	7.47997382e-001	6.68795355e-002	1.05970711e-004	1.13434764e-010	1.37531801e-017	1.52459068e-036	1.09635458e-055	
4.91	3.48149412e-004	1.67088074e-001	7.52616174e-001	7.97873901e-002	1.60212639e-004	2.56369067e-010	5.05707068e-017	5.69400171e-036	4.15650903e-055	
4.92	2.99391659e-004	1.50817833e-001	7.54163835e-001	9.44796544e-002	2.39285569e-004	5.67567046e-010	1.80255739e-016	2.06150275e-035	1.52771806e-054	
4.93	2.56637402e-004	1.35755350e-001	7.52583093e-001	1.11051767e-001	3.53150921e-004	1.23148876e-009	6.23279577e-016	7.24028085e-035	5.44709664e-054	
4.94	2.19342552e-004	1.21837784e-001	7.47854327e-001	1.29573455e-001	5.15088679e-004	2.61917482e-009	2.09157728e-015	2.46790867e-034	1.88490695e-053	
4.95	1.86903032e-004	1.09007957e-001	7.39981944e-001	1.50080634e-001	7.42556640e-004	5.46265636e-009	6.81594462e-015	8.16906925e-034	6.33408487e-053	
4.96	1.58782743e-004	9.72359233e-002	7.28992052e-001	1.72555124e-001	1.05810722e-003	1.11748169e-008	2.15788039e-014	2.62704422e-033	2.06788745e-052	
4.97	1.34460853e-004	8.64520259e-002	7.14980309e-001	1.96942548e-001	1.49063333e-003	2.24291166e-008	6.64068887e-014	8.21196655e-033	6.56274798e-052	
4.98	1.13483692e-004	7.66029481e-002	6.98076956e-001	2.23130334e-001	2.07623381e-003	4.41822447e-008	1.98752556e-013	2.49660913e-032	2.02548201e-051	
4.99	9.54655174e-005	6.76475395e-002	6.78460380e-001	2.50937109e-001	2.85942117e-003	8.54352033e-008	5.78736052e-013	7.38466317e-032	6.08291859e-051	
5	8.00223863e-005	5.95252735e-002	6.56334558e-001	2.80165357e-001	3.89462656e-003	1.62229333e-007	1.64056438e-012	2.12643307e-031	1.77825144e-050	
5.01	6.68467616e-005	5.21939800e-002	6.31987514e-001	3.10505175e-001	5.24618151e-003	3.02563895e-007	4.52893835e-012	5.96313098e-031	5.06294021e-050	
5.02	5.56494703e-005	4.56047122e-002	6.05774370e-001	3.41575756e-001	6.98895817e-003	5.54308398e-007	1.21795615e-011	1.62904588e-030	1.40422884e-049	
5.03	4.61697690e-005	3.97100167e-002	5.77951164e-001	3.73080095e-001	9.21155640e-003	9.98091597e-007	3.19316869e-011	4.33866231e-030	3.79718389e-049	
5.04	3.81674368e-005	3.44564021e-002	5.48857265e-001	4.04631528e-001	1.20148700e-002	1.76706259e-006	8.16639757e-011	1.12719259e-029	1.00159284e-048	
5.05	3.14047437e-005	2.97917468e-002	5.18849615e-001	4.35814394e-001	1.55097623e-002	3.07671142e-006	2.03810761e-010	2.85781456e-029	2.57832422e-048	
5.06	2.57516313e-005	2.56675716e-002	4.88279638e-001	4.66201784e-001	1.98199838e-002	5.27040986e-006	4.96639815e-010	7.07443969e-029	6.48020490e-048	
5.07	2.10449485e-005	2.20369325e-002	4.57476538e-001	4.95379469e-001	2.50771294e-002	8.88575402e-006	1.18233811e-009	1.71095466e-028	1.59128968e-047	
5.08	1.71417330e-005	1.88554056e-002	4.26739439e-001	5.22949435e-001	3.14238263e-002	1.47494743e-005	2.75119211e-009	4.04456221e-028	3.81958845e-047	
5.09	1.39163677e-005	1.60779923e-002	3.96364687e-001	5.48515296e-001	3.90039905e-002	2.41118842e-005	6.26019822e-009	9.34971954e-028	8.96511606e-047	
5.1	1.12618338e-005	1.36646797e-002	3.66602856e-001	5.71717896e-001	4.79644585e-002	3.88334098e-005	1.39376017e-008	2.11480186e-027	2.05900288e-046	
5.11	9.08476542e-006	1.15752590e-002	3.37674679e-001	5.92229866e-001	5.84494442e-002	6.16361682e-005	3.03731782e-008	4.68208880e-027	4.62885694e-046	
5.12	7.30560393e-006	9.77327509e-003	3.09751773e-001	6.09776141e-001	7.05949930e-002	9.64472388e-005	6.48263866e-008	1.01526008e-026	1.01915325e-045	
5.13	5.85714891e-006	8.22609883e-003	2.83003045e-001	6.24096878e-001	8.45191722e-002	1.48813278e-004	1.35552123e-007	2.15682478e-026	2.19846368e-045	
5.14	4.68108993e-006	6.90115522e-003	2.57522942e-001	6.35023016e-001	1.00321439e-001	2.26488692e-004	2.77825403e-007	4.49126890e-026	4.64857674e-045	
5.15	3.73011091e-006	5.77176852e-003	2.33418187e-001	6.42392105e-001	1.18073543e-001	3.40107807e-004	5.58362978e-007	9.17078062e-026	1.00078001e-056	
5.16	2.96126240e-006	4.81157350e-003	2.10719086e-001	6.46138834e-001	1.37822407e-001	5.04036456e-004	1.10085941e-006	1.83706201e-025	1.05028469e-055	
5.17	2.34216197e-006	3.99852354e-003	1.89488696e-001	6.46197371e-001	1.59573510e-001	7.37427568e-004	2.13006871e-006	3.61151019e-025	1.04238319e-054	
5.18	1.84679960e-006	3.31205728e-003	1.69719995e-001	6.42622070e-001	1.83274721e-001	1.06526486e-003	4.04592652e-006	6.96984707e-025	9.79452784e-054	
5.19	1.45184151e-006	2.73475521e-003	1.51404807e-001	6.35508921e-001	2.08822795e-001	1.51972207e-003	7.54728859e-006	1.32104962e-024	8.72402402e-053	
5.2	1.13829027e-006	2.25150848e-003	1.34552609e-001	6.25002635e-001	2.36036887e-001	2.14139351e-003	1.38284637e-005	2.45935543e-024	7.37259560e-052	
5.21	8.89648748e-007	1.84768842e-003	1.19103175e-001	6.11319866e-001	2.64722621e-001	2.98086238e-003	2.48978726e-005	4.49923608e-024	5.91877838e-051	
5.22	6.93213790e-007	1.51140880e-003	1.05017723e-001	5.94691793e-001	2.94633546e-001	4.10076802e-003	4.40682721e-005	8.09171188e-024	4.51958827e-050	
5.23	5.38582994e-007	1.23258647e-003	9.22540669e-002	5.75428177e-001	3.25432557e-001	5.57537990e-003	7.66943127e-005	1.43091744e-023	3.28551434e-049	
5.24	4.17245340e-007	1.00205695e-003	8.07324824e-002	5.53857129e-001	3.56782468e-001	7.49415653e-003	1.31289877e-004	2.48904918e-023	2.27632278e-048	
5.25	3.22239273e-007	8.12050200e-004	7.03812575e-002	5.30328916e-001	3.88295880e-001	9.96041775e-003	2.21155592e-004	4.26044793e-023	1.50481507e-047	
5.26	2.48142529e-007	6.56045776e-004	6.11302414e-002	5.05200770e-001	4.19552842e-001	1.30931734e-002	3.66679714e-004	7.17797577e-023	9.50086660e-047	
5.27	1.90503249e-007	5.28374371e-004	5.28946735e-002	4.78825539e-001	4.50126693e-001	1.70259282e-002	5.98602011e-004	1.19075016e-022	5.73452411e-046	
5.28	1.45639386e-007	4.24215811e-004	4.56003851e-002	4.51561378e-001	4.79544843e-001	2.19065216e-002	9.62510854e-004	1.94560622e-022	3.31263771e-045	
5.29	1.11019345e-007	3.39555007e-004	3.91670762e-002	4.23724440e-001	5.07353031e-001	2.78913493e-002	1.52443789e-003	3.13142001e-022	1.83256013e-044	
5.3	8.43785089e-008	2.70905289e-004	3.35132119e-002	3.95618714e-001	5.33072815e-001	3.51447970e-002	2.37947331e-003	4.96696303e-022	9.72034560e-044	
5.31	6.39291038e-008	2.15431133e-004	2.85647778e-002	3.67500749e-001	5.56228250e-001	4.38307700e-002	3.65995802e-003	7.76385316e-022	4.94616069e-043	
5.32	4.82825500e-008	1.70728290e-004	2.42502837e-002	3.39618383e-001	5.76310975e-001	5.41012300e-002	5.54835247e-003	1.19610073e-021	2.41632714e-042	
5.33	3.63427175e-008	1.34822859e-004	2.04991659e-002	3.12154618e-001	5.92842708e-001	6.60793488e-002	8.28929952e-003	1.81603670e-021	1.13386973e-041	
5.34	2.72540820e-008	1.06054314e-004	1.72492025e-002	2.85274534e-001	6.05315121e-001	7.98510160e-002	1.22040447e-002	2.71720281e-021	5.11362154e-041	
5.35	2.03512379e-008	8.30513865e-005	1.44413451e-002	2.59115160e-001	6.13211504e-001	9.54457925e-002	1.77031265e-002	4.00577600e-021	2.21724755e-040	
5.36	1.51211918e-008	6.47037293e-005	1.20223014e-002	2.33782976e-001	6.16041888e-001	1.12795576e-001	2.52925401e-002	5.81638268e-021	9.24502995e-040	
5.37	1.11726185e-008	5.01161846e-005	9.94485356e-003	2.09362512e-001	6.13343385e-001	1.31724305e-001	3.55748177e-002	8.31439870e-021	3.70712168e-039	
5.38	8.19758293e-009	3.85397351e-005	8.16358476e-003	1.85875521e-001	6.04771500e-001	1.51916310e-001	4.92345366e-002	1.16949421e-020	1.42966652e-038	
5.39	5.96345621e-009	2.94103740e-005	6.64627999e-003	1.63510829e-001	5.89961519e-001	1.72861622e-001	6.69903333e-002	1.61730362e-020	5.30094135e-038	
5.4	4.29966579e-009	2.22474171e-005	5.36158596e-003	1.42381216e-001	5.68822325e-001	1.93879326e-001	8.95332958e-002	2.19692045e-020	1.88891138e-037	
5.41	3.07082869e-009	1.66658739e-005	4.28092013e-003	1.22598250e-001	5.41521570e-001	2.14141479e-001	1.17441113e-001	2.92892518e-020	6.46664367e-037	
5.42	2.17020067e-009	1.23510189e-005	3.37990293e-003	1.04286032e-001	5.08526886e-001	2.32720675e-001	1.51074151e-001	3.82950954e-020	2.12629506e-036	
5.43	1.51610112e-009	9.04651069e-006	2.63603110e-003	8.75606125e-002	4.70701414e-001	2.48655133e-001	1.90437762e-001	4.90654579e-020	6.71303009e-036	
5.44	1.04660928e-009	6.54570265e-006	2.03012257e-003	7.25269129e-002	4.29199325e-001	2.61067976e-001	2.35169116e-001	6.15867791e-020	2.03539110e-035	
5.45	7.13511258e-010	4.67665536e-006	1.54311287e-003	5.92447244e-002	3.85425149e-001	2.69337618e-001	2.84444718e-001	7.57166445e-020	5.92795560e-035	
5.46	4.80701762e-010	3.30108234e-006	1.15794750e-003	4.77346148e-002	3.40943210e-001	2.73066382e-001	3.37094544e-001	9.12101694e-020	1.65979194e-034	
5.47	3.20092487e-010	2.30251364e-006	8.58263477e-004	3.79584716e-002	2.97264030e-001	2.72248639e-001	3.91668293e-001	1.07722515e-019	4.47242130e-034	
5.48	2.10832415e-010	1.58829035e-006	6.28844719e-004	2.98162085e-002	2.55689613e-001	2.67191222e-001	4.46672523e-001	1.24880486e-019	1.16161467e-033	
5.49	1.37550220e-010	1.08496192e-006	4.56066513e-004	2.31644844e-002	2.17247811e-001	2.58459380e-001	5.00671173e-001	1.42288679e-019	2.91311053e-033	
5.5	8.89987048e-011	7.34883950e-007	3.27857544e-004	1.78250760e-002	1.82603606e-001	2.46809883e-001	5.52432842e-001	1.14230740e-011	5.05918042e-025	
5.51	5.71322056e-011	4.94375056e-007	2.33971490e-004	1.36060993e-002	1.52064534e-001	2.33025946e-001	6.01068954e-001	2.36932379e-011	2.23172059e-024	
5.52	3.64826415e-011	3.30741980e-007	1.65986209e-004	1.03176362e-002	1.25658146e-001	2.17889716e-001	6.45968185e-001	4.78647093e-011	9.43158895e-024	
5.53	2.32115498e-011	2.20413433e-007	1.17251581e-004	7.78559530e-003	1.03204098e-001	2.02093404e-001	6.86799430e-001	9.43588376e-011	3.82677907e-023	
5.54	1.47237445e-011	1.46411574e-007	8.25250520e-005	5.84994276e-003	8.43660443e-002	1.86182989e-001	7.23518352e-001	1.81848446e-010	1.49417794e-022	
5.55	9.33057073e-012	9.71335924e-008	5.79837402e-005	4.38497922e-003	6.87345339e-002	1.70609576e-001	7.56212830e-001	3.43200453e-010	5.62548813e-022	
5.56	5.91093041e-012	6.44098051e-008	4.07107199e-005	3.28254027e-003	5.58655468e-002	1.55670587e-001	7.85140550e-001	6.35183388e-010	2.04578282e-021	
5.57	3.74862957e-012	4.27449691e-008	2.85913373e-005	2.45614959e-003	4.53386109e-002	1.41585524e-001	8.10591080e-001	1.15442803e-009	7.19894424e-021	
5.58	2.38077909e-012	2.84030771e-008	2.00984672e-005	1.83853297e-003	3.67699790e-002	1.28456844e-001	8.32914515e-001	2.06286159e-009	2.45504319e-020	
5.59	1.51557582e-012	1.89125678e-008	1.41512902e-005	1.37756967e-003	2.98209008e-002	1.16347473e-001	8.52439882e-001	3.62796906e-009	8.12457361e-020	
5.6	9.67398596e-013	1.26242397e-008	9.98517143e-006	1.03377252e-003	2.41983891e-002	1.05258578e-001	8.69499256e-001	6.28481931e-009	2.61220445e-019	
5.61	6.19328765e-013	8.45036403e-009	7.06306235e-006	7.77280911e-004	1.96546973e-002	9.51652164e-002	8.84395723e-001	1.07338383e-008	8.16936015e-019	
5.62	3.97898054e-013	5.67497718e-009	5.01046729e-006	5.85753833e-004	1.59852273e-002	8.60169934e-002	8.97406991e-001	1.80850158e-008	2.48741934e-018	
5.63	2.56325185e-013	3.82338703e-009	3.56482134e-006	4.42482959e-004	1.30197831e-002	7.77440025e-002	9.08790133e-001	3.00818648e-008	7.38152149e-018	
5.64	1.65690086e-013	2.58577671e-009	2.54490274e-006	3.35209377e-004	1.06253243e-002	7.02944650e-002	9.18742404e-001	4.94184978e-008	2.13653759e-017	
5.65	1.07531188e-013	1.75530648e-009	1.82302476e-006	2.54694092e-004	8.68900413e-003	6.35927444e-002	9.27461652e-001	8.02346200e-008	6.03677922e-017	
5.66	7.00750272e-014	1.19620765e-009	1.31053673e-006	1.94105824e-004	7.12115739e-003	5.75716789e-002	9.35111617e-001	1.28781186e-007	1.66610283e-016	
5.67	4.58527839e-014	8.18340159e-010	9.45446740e-007	1.48376370e-004	5.84861616e-003	5.21644263e-002	9.41837431e-001	2.04435588e-007	4.49500408e-016	
5.68	3.01088557e-014	5.61678709e-010	6.84084035e-007	1.13705735e-004	4.81506958e-003	4.73094039e-002	9.47760815e-001	3.21119193e-007	1.18626359e-015	
5.69	1.98577449e-014	3.87121256e-010	4.96875183e-007	8.74291696e-005	3.97402331e-003	4.29547052e-002	9.52982846e-001	4.99221013e-007	3.06398185e-015	
5.7	1.31541370e-014	2.67920955e-010	3.62256800e-007	6.74423812e-005	3.28786469e-003	3.90440725e-002	9.57599489e-001	7.68446414e-007	7.75032220e-015	
5.71	8.75215689e-015	1.86203205e-010	2.65167093e-007	5.22111460e-005	2.72780059e-003	3.55311854e-002	9.61687366e-001	1.17146354e-006	1.92092413e-014	
5.72	5.84809048e-015	1.29936169e-010	1.94806235e-007	4.05480289e-005	2.26882684e-003	3.23766338e-002	9.65312027e-001	1.76922308e-006	4.66772388e-014	
5.73	3.92446855e-015	9.10400972e-011	1.43662468e-007	3.15971468e-005	1.89188365e-003	2.95385786e-002	9.68535149e-001	2.64767921e-006	1.11249069e-013	
5.74	2.64482402e-015	6.40475377e-011	1.06342754e-007	2.47036646e-005	1.58166652e-003	2.69862106e-002	9.71403385e-001	3.92733589e-006	2.60185087e-013	
5.75	1.78974273e-015	4.52335995e-011	7.90019541e-008	1.93747786e-005	1.32547706e-003	2.46869016e-002	9.73962392e-001	5.77549640e-006	5.97447870e-013	
5.76	1.21629883e-015	3.20761136e-011	5.89134458e-008	1.52473369e-005	1.11373692e-003	2.26147618e-002	9.76247773e-001	8.42157590e-006	1.34736397e-012	
5.77	8.29153718e-016	2.28353607e-011	4.40907620e-008	1.20382022e-005	9.38298840e-004	2.07460599e-002	9.78291379e-001	1.21797409e-005	2.98578312e-012	
5.78	5.67393403e-016	1.63192983e-011	3.31141364e-008	9.53475298e-006	7.92420920e-004	1.90590252e-002	9.80121510e-001	1.74756707e-005	6.50505134e-012	
5.79	3.89933303e-016	1.17091743e-011	2.49638718e-008	7.57698130e-006	6.71010790e-004	1.75356244e-002	9.81760886e-001	2.48772737e-005	1.39351902e-011	
5.8	2.68890085e-016	8.42867560e-012	1.88763931e-008	6.03720738e-006	5.69594009e-004	1.61558124e-002	9.83233392e-001	3.51454533e-005	2.93721557e-011	
5.81	1.86153876e-016	6.08974485e-012	1.43226208e-008	4.82520025e-006	4.84798786e-004	1.49084198e-002	9.84552662e-001	4.92799523e-005	6.09218841e-011	
5.82	1.29400997e-016	4.41673305e-012	1.09061342e-008	3.86867910e-006	4.13663955e-004	1.37779868e-002	9.85735869e-001	6.86002858e-005	1.24411289e-010	
5.83	9.03107650e-017	3.21565930e-012	8.33449971e-009	3.11190160e-006	3.53906581e-004	1.27534783e-002	9.86794685e-001	9.48096854e-005	2.50212335e-010	
5.84	6.32919276e-017	2.35035721e-012	6.39237231e-009	2.51121294e-006	3.03581389e-004	1.18241752e-002	9.87739607e-001	1.30118057e-004	4.95738470e-010	
5.85	4.45396048e-017	1.72472750e-012	4.92118235e-009	2.03344161e-006	2.61154213e-004	1.09808797e-002	9.88578574e-001	1.77352595e-004	9.67975432e-010	
5.86	3.14758460e-017	1.27063128e-012	3.80228493e-009	1.65203785e-006	2.25262800e-004	1.02150965e-002	9.89317872e-001	2.40111380e-004	1.86308645e-009	
5.87	2.23329295e-017	9.39700499e-013	2.94842288e-009	1.34651229e-006	1.94827001e-004	9.51941288e-003	9.89961479e-001	3.22928273e-004	3.53607153e-009	
5.88	1.59110534e-017	6.97667824e-013	2.29449707e-009	1.10109215e-006	1.68964716e-004	8.88704906e-003	9.90511380e-001	4.31496426e-004	6.62005634e-009	
5.89	1.13801420e-017	5.19902764e-013	1.79189463e-009	9.03337107e-007	1.46938059e-004	8.31186161e-003	9.90967432e-001	5.72850525e-004	1.22262367e-008	
5.9	8.17406152e-018	3.89016762e-013	1.40478275e-009	7.43711591e-007	1.28155640e-004	7.78935919e-003	9.91325940e-001	7.55778049e-004	2.22859649e-008	
5.91	5.89604545e-018	2.92234178e-013	1.10533464e-009	6.14363755e-007	1.12091873e-004	7.31408385e-003	9.91582200e-001	9.90968252e-004	4.01006221e-008	
5.92	4.26673039e-018	2.20246404e-013	8.72551377e-010	5.08965509e-007	9.83266898e-005	6.88176399e-003	9.91727960e-001	1.29136845e-003	7.12362422e-008	
5.93	3.09793437e-018	1.66629645e-013	6.91268986e-010	4.23078413e-007	8.64985595e-005	6.48781309e-003	9.91752475e-001	1.67266486e-003	1.24979603e-007	
5.94	2.25899397e-018	1.26576664e-013	5.49733017e-010	3.52895472e-007	7.63232457e-005	6.12981710e-003	9.91639579e-001	2.15371086e-003	2.16594603e-007	
5.95	1.65409129e-018	9.65354705e-014	4.38837763e-010	2.95388161e-007	6.75459317e-005	5.80401790e-003	9.91371029e-001	2.75674015e-003	3.70879035e-007	
5.96	1.21646858e-018	7.39277492e-014	3.51653093e-010	2.48133397e-007	5.99601111e-005	5.50781427e-003	9.90923451e-001	3.50789873e-003	6.27517969e-007	
5.97	8.98424889e-019	5.68489411e-014	2.82892659e-010	2.09195002e-007	5.33984954e-005	5.23841546e-003	9.90269030e-001	4.43789678e-003	1.04940331e-006	
5.98	6.66298930e-019	4.38892336e-014	2.28433920e-010	1.76985462e-007	4.76993744e-005	4.99336098e-003	9.89374677e-001	5.58235006e-003	1.73490314e-006	
5.99	4.96402897e-019	3.40287102e-014	1.85191732e-010	1.50275647e-007	4.27402473e-005	4.77063874e-003	9.88202085e-001	6.98155021e-003	2.83577004e-006	
6	3.71215270e-019	2.64812549e-014	1.50666563e-010	1.28033026e-007	3.84109892e-005	4.56809364e-003	9.86706897e-001	8.68188725e-003	4.58332591e-006	
6.01	2.78779783e-019	2.06902223e-014	1.23036438e-010	1.09451267e-007	3.46234559e-005	4.38394846e-003	9.84838416e-001	1.07355757e-002	7.32692948e-006	
6.02	2.10179844e-019	1.62259581e-014	1.00824687e-010	9.38759877e-008	3.12986435e-005	4.21605623e-003	9.82542146e-001	1.31988203e-002	1.15848021e-005	
6.03	1.59026897e-019	1.27683372e-014	8.28882312e-011	8.07525517e-008	2.83736483e-005	4.06319233e-003	9.79753085e-001	1.61371464e-002	1.81220224e-005	
6.04	1.20737711e-019	1.00804209e-014	6.83545768e-011	6.96622013e-008	2.57898748e-005	3.92346437e-003	9.76406076e-001	1.96165550e-002	2.80449706e-005	
6.05	9.19864786e-020	7.98465929e-015	5.65488692e-011	6.02716106e-008	2.35006076e-005	3.79537294e-003	9.72423980e-001	2.37141359e-002	4.29504438e-005	
6.06	7.03123048e-020	6.34436638e-015	4.69188735e-011	5.22860819e-008	2.14631200e-005	3.67731260e-003	9.67731854e-001	2.85042274e-002	6.50908138e-005	
6.07	5.39193490e-020	5.05664961e-015	3.90403325e-011	4.54772953e-008	1.96458577e-005	3.56842821e-003	9.62247443e-001	3.40668150e-002	9.76223520e-005	
6.08	4.14728241e-020	4.04167481e-015	3.25699516e-011	3.96508547e-008	1.80191822e-005	3.46744817e-003	9.55883261e-001	4.04863015e-002	1.44930053e-004	
6.09	3.19950715e-020	3.23965009e-015	2.72438211e-011	3.46508778e-008	1.65594611e-005	3.37324336e-003	9.48557747e-001	4.78394414e-002	2.12973987e-004	
6.1	2.47444392e-020	2.60276105e-015	2.28359783e-011	3.03409586e-008	1.52419957e-005	3.28472987e-003	9.40182151e-001	5.62080121e-002	3.09834475e-004	
6.11	1.91784126e-020	2.09573879e-015	1.91800337e-011	2.66128043e-008	1.40480540e-005	3.20069866e-003	9.30681764e-001	6.56572275e-002	4.46234715e-004	
6.12	1.48881275e-020	1.69034316e-015	1.61332382e-011	2.33749241e-008	1.29612169e-005	3.12025815e-003	9.19964551e-001	7.62658370e-002	6.36369532e-004	
6.13	1.15788887e-020	1.36566538e-015	1.35906821e-011	2.05558712e-008	1.19685430e-005	3.04247736e-003	9.07980775e-001	8.80661943e-002	8.98564517e-004	
6.14	9.01612343e-021	1.10453876e-015	1.14587857e-011	1.80893621e-008	1.10571018e-005	2.96641851e-003	8.94648947e-001	1.01117004e-001	1.25655505e-003	
6.15	7.02867111e-021	8.94212597e-016	9.66896728e-012	1.59271367e-008	1.02188108e-005	2.89140010e-003	8.79919043e-001	1.15439025e-001	1.74029729e-003	
6.16	5.48335692e-021	7.24363513e-016	8.16162635e-012	1.40259942e-008	9.44303507e-006	2.81660221e-003	8.63763473e-001	1.31023128e-001	2.38734045e-003	
6.17	4.27938436e-021	5.86908785e-016	6.88961663e-012	1.23504002e-008	8.72195883e-006	2.74066646e-003	8.46157084e-001	1.47849882e-001	3.24363374e-003	
6.18	3.34036276e-021	4.75556634e-016	5.81581362e-012	1.08715285e-008	8.05079810e-006	2.66387398e-003	8.27101827e-001	1.65860567e-001	4.36567081e-003	
6.19	2.60720383e-021	3.85236850e-016	4.90809706e-012	9.56574032e-009	7.42592834e-006	2.58589645e-003	8.06612900e-001	1.84973553e-001	5.82021581e-003	
6.2	2.03472583e-021	3.11997198e-016	4.13999045e-012	8.41074720e-009	6.84247629e-006	2.50591387e-003	7.84704865e-001	2.05094222e-001	7.68814894e-003	
6.21	1.58732549e-021	2.52544588e-016	3.48949112e-012	7.38876703e-009	6.29715733e-006	2.42417669e-003	7.61449202e-001	2.26059131e-001	1.00611857e-002	
6.22	1.23743642e-021	2.04249221e-016	2.93825892e-012	6.48251013e-009	5.78616236e-006	2.34020396e-003	7.36890213e-001	2.47714158e-001	1.30496319e-002	
6.23	9.63564684e-022	1.64976866e-016	2.47056775e-012	5.67865005e-009	5.30682100e-006	2.25388978e-003	7.11121984e-001	2.69846028e-001	1.67727857e-002	
6.24	7.49431658e-022	1.33081409e-016	2.07402481e-012	4.96557057e-009	4.85714548e-006	2.16531851e-003	6.84246883e-001	2.92221374e-001	2.13615624e-002	
6.25	5.82034923e-022	1.07183163e-016	1.73815987e-012	4.33378026e-009	4.43566457e-006	2.07459892e-003	6.56365064e-001	3.14591744e-001	2.69641527e-002	
6.26	4.51223600e-022	8.61578115e-017	1.45356951e-012	3.77387550e-009	4.04062984e-006	1.98175057e-003	6.27607241e-001	3.36676384e-001	3.37305807e-002	
6.27	3.49164608e-022	6.91208574e-017	1.21296798e-012	3.27840906e-009	3.67088215e-006	1.88706027e-003	5.98119789e-001	3.58167608e-001	4.18218677e-002	
6.28	2.69499637e-022	5.53041099e-017	1.00934165e-012	2.83964163e-009	3.32434241e-006	1.79057241e-003	5.68053555e-001	3.78759102e-001	5.13934434e-002	
6.29	2.07552526e-022	4.41464033e-017	8.37762134e-013	2.45274445e-009	3.00120519e-006	1.69282609e-003	5.37556685e-001	3.98140407e-001	6.26070782e-002	
6.3	1.59401049e-022	3.51368631e-017	6.93237229e-013	2.11179566e-009	2.70020278e-006	1.59440127e-003	5.06810482e-001	4.15995596e-001	7.55968183e-002	
6.31	1.22093382e-022	2.78880532e-017	5.71892362e-013	1.81237701e-009	2.42084821e-006	1.49576835e-003	4.75980106e-001	4.32034901e-001	9.04868024e-002	
6.32	9.32497432e-023	2.20687669e-017	4.70335422e-013	1.55036917e-009	2.16272133e-006	1.39751786e-003	4.45281324e-001	4.45954580e-001	1.07364413e-001	
6.33	7.09979269e-023	1.74067802e-017	3.85479660e-013	1.32136395e-009	1.92463928e-006	1.30024604e-003	4.14858662e-001	4.57542157e-001	1.26297009e-001	
6.34	5.38561866e-023	1.36775919e-017	3.14787476e-013	1.12201882e-009	1.70592121e-006	1.20438440e-003	3.84921440e-001	4.66580136e-001	1.47292333e-001	
6.35	4.07116493e-023	1.07105340e-017	2.56118039e-013	9.49033029e-010	1.50578801e-006	1.11064668e-003	3.55643840e-001	4.72922450e-001	1.70321556e-001	
6.36	3.06587821e-023	8.35535326e-018	2.07582869e-013	7.99530412e-010	1.32353218e-006	1.01952972e-003	3.27172333e-001	4.76503028e-001	1.95303785e-001	
6.37	2.30116851e-023	6.49575815e-018	1.67620806e-013	6.70913389e-010	1.15842771e-006	9.31563254e-004	2.99694676e-001	4.77259684e-001	2.22112917e-001	
6.38	1.72124054e-023	5.03194271e-018	1.34855576e-013	5.60781245e-010	1.00971435e-006	8.47341299e-004	2.73376066e-001	4.75243898e-001	2.50531684e-001	
6.39	1.28291194e-023	3.88382430e-018	1.08078261e-013	4.66821518e-010	8.76274647e-007	7.67195571e-004	2.48322535e-001	4.70529842e-001	2.80379551e-001	
6.4	9.52788455e-024	2.98655717e-018	8.62857560e-014	3.87069982e-010	7.57272893e-007	6.91447687e-004	2.24670195e-001	4.63301470e-001	3.11336130e-001	
6.41	7.05285010e-024	2.28883762e-018	6.86406884e-014	3.19750358e-010	6.51865853e-007	6.20529932e-004	2.02479903e-001	4.53750817e-001	3.43148098e-001	
6.42	5.20397496e-024	1.74820496e-018	5.44116147e-014	2.63175690e-010	5.58927613e-007	5.54545968e-004	1.81798569e-001	4.42151830e-001	3.75494495e-001	
6.43	3.82838657e-024	1.33120302e-018	4.29971256e-014	2.15886076e-010	4.77553765e-007	4.93637397e-004	1.62656617e-001	4.28750080e-001	4.08099187e-001	
6.44	2.80875886e-024	1.01077405e-018	3.38722097e-014	1.76528977e-010	4.06615647e-007	4.37772635e-004	1.45043077e-001	4.13841187e-001	4.40677557e-001	
6.45	2.05540771e-024	7.65442930e-019	2.66097754e-014	1.43919138e-010	3.45122562e-007	3.86912683e-004	1.28950412e-001	3.97782678e-001	4.72879653e-001	
6.46	1.50065743e-024	5.78270091e-019	2.08511923e-014	1.17017265e-010	2.92083092e-007	3.40852491e-004	1.14327375e-001	3.80847610e-001	5.04483870e-001	
6.47	1.09337487e-024	4.35916278e-019	1.63004989e-014	9.49118895e-011	2.46533633e-007	2.99395320e-004	1.01106876e-001	3.63314390e-001	5.35279092e-001	
6.48	7.95336010e-025	3.28027209e-019	1.27190056e-014	7.68203843e-011	2.07604524e-007	2.62306362e-004	8.92247223e-002	3.45468719e-001	5.65044045e-001	
6.49	5.77619929e-025	2.46437116e-019	9.90648237e-015	6.20611501e-011	1.74453510e-007	2.29263345e-004	7.85893194e-002	3.27533244e-001	5.93647998e-001	
6.5	4.18959762e-025	1.84872245e-019	7.70361274e-015	5.00494522e-011	1.46313057e-007	1.99958434e-004	6.91011174e-002	3.09687665e-001	6.21011113e-001	
6.51	3.03558767e-025	1.38532094e-019	5.98300387e-015	4.03088297e-011	1.22524327e-007	1.74071550e-004	6.06806596e-002	2.92163592e-001	6.46981554e-001	
6.52	2.19744139e-025	1.03699255e-019	4.64133197e-015	3.24185686e-011	1.02434157e-007	1.51263466e-004	5.32243711e-002	2.75059159e-001	6.71565104e-001	
6.53	1.59027321e-025	7.75992025e-020	3.59952681e-015	2.60569700e-011	8.55512797e-008	1.31273693e-004	4.66433478e-002	2.58507731e-001	6.94717562e-001	
6.54	1.15075035e-025	5.80528723e-020	2.79029078e-015	2.09281952e-011	7.13860602e-008	1.13809070e-004	4.08507858e-002	2.42582652e-001	7.16452682e-001	
6.55	8.32669789e-026	4.34253402e-020	2.16248085e-015	1.68022274e-011	5.95311146e-008	9.85702785e-005	3.57586328e-002	2.27359063e-001	7.36783675e-001	
6.56	6.02597058e-026	3.24849184e-020	1.67578485e-015	1.34879611e-011	4.96268065e-008	8.53209644e-005	3.12954648e-002	2.12867084e-001	7.55752081e-001	
6.57	4.36295458e-026	2.43098359e-020	1.29886709e-015	1.08275842e-011	4.13660567e-008	7.38234809e-005	2.73900428e-002	1.99130952e-001	7.73405141e-001	
6.58	3.15910358e-026	1.81924375e-020	1.00664078e-015	8.69029255e-012	3.44673971e-008	6.38436744e-005	2.39708684e-002	1.86159680e-001	7.89805573e-001	
6.59	2.28919610e-026	1.36230216e-020	7.80549979e-016	6.97712667e-012	2.87218571e-008	5.52059513e-005	2.09838731e-002	1.73942983e-001	8.05017910e-001	
6.6	1.65987854e-026	1.02065480e-020	6.05443827e-016	5.60337197e-012	2.39373385e-008	4.77343017e-005	1.83757438e-002	1.62470947e-001	8.19105551e-001	
6.61	1.20441911e-026	7.65171533e-021	4.69861170e-016	4.50186480e-012	1.99541535e-008	4.12745063e-005	1.60989059e-002	1.51725693e-001	8.32134107e-001	
6.62	8.74676336e-027	5.74095723e-021	3.64874166e-016	3.61842854e-012	1.66386077e-008	3.56951412e-005	1.41115700e-002	1.41676592e-001	8.44176126e-001	
6.63	6.35843317e-027	4.31127907e-021	2.83571761e-016	2.91051019e-012	1.38810086e-008	3.08779524e-005	1.23781870e-002	1.32297627e-001	8.55293294e-001	
6.64	4.62623213e-027	3.23983125e-021	2.20500118e-016	2.34210730e-012	1.15839124e-008	2.67148203e-005	1.08657661e-002	1.23552237e-001	8.65555270e-001	
