4	8.11055781e-001	1.88943709e-001	5.10407235e-007	1.97832262e-025	2.45415963e-044	2.09685546e-063	1.14332359e-082	3.84310449e-102	9.31661695e-122	1.64633627e-141	2.25032295e-161	2.15961895e-181	1.47919106e-201	1.13609145e-221	6.71091882e-242	3.16911542e-262	
4.01	7.59900004e-001	2.40098878e-001	1.11708714e-006	4.39382923e-025	5.52134260e-044	4.79491325e-063	2.65867105e-082	9.08078098e-102	2.23697615e-121	4.01741343e-141	5.58082604e-161	5.44683393e-181	3.80338938e-201	2.96491221e-221	1.77667318e-241	8.50815622e-262	
4.02	7.01350593e-001	2.98647045e-001	2.36197378e-006	9.41963623e-025	1.19819834e-043	1.05763822e-062	5.96356480e-082	2.06967613e-101	5.18092553e-121	9.45614180e-141	1.33504755e-160	1.32524077e-180	9.43433309e-201	7.46446166e-221	4.53794252e-241	2.20384757e-261	
4.03	6.36804084e-001	3.63191097e-001	4.81935422e-006	1.94658463e-024	2.50441889e-043	2.24712328e-062	1.28848812e-081	4.54396995e-101	1.15587351e-120	2.14407997e-140	3.07641973e-160	3.10576925e-180	2.25415100e-200	1.81012688e-220	1.11639748e-240	5.49814077e-261	
4.04	5.68415793e-001	4.31574725e-001	9.48195360e-006	3.87382179e-024	5.03590790e-043	4.59271126e-062	2.67796575e-081	9.59603594e-101	2.48042907e-120	4.67608459e-140	6.81893487e-160	7.00110358e-180	5.18063015e-200	4.22253660e-220	2.64205769e-240	1.31957731e-260	
4.05	4.98804535e-001	5.01177473e-001	1.79919250e-005	7.42271753e-024	9.73867084e-043	9.02815504e-062	5.35319006e-081	1.94916620e-100	5.11981877e-120	9.80920943e-140	1.45377619e-159	1.51801874e-179	1.14515596e-199	9.47427780e-220	6.01426890e-240	3.04627914e-260	
4.06	4.30685887e-001	5.69281170e-001	3.29434847e-005	1.36973451e-023	1.81124314e-042	1.70678773e-061	1.02917736e-080	3.80781914e-100	1.01633992e-119	1.97897057e-139	2.98078139e-159	3.16548759e-179	2.43461590e-199	2.04452125e-219	1.31675227e-239	6.76367510e-260	
4.07	3.66417348e-001	6.33524355e-001	5.82975324e-005	2.43698405e-023	3.24269696e-042	3.10603157e-061	1.90460607e-080	7.16044237e-100	1.94207821e-119	3.84318804e-139	5.88309102e-159	6.35398484e-179	4.98234520e-199	4.24679953e-219	2.77477917e-239	1.44542333e-259	
4.08	3.07790516e-001	6.92109607e-001	9.98770939e-005	4.18578827e-023	5.59440300e-042	5.44732522e-061	3.39672334e-080	1.29759840e-099	3.57632611e-119	7.19249867e-139	1.11898481e-158	1.22912687e-178	9.82515483e-199	8.50073960e-219	5.63522678e-239	2.97703354e-259	
4.09	2.55847763e-001	7.43986245e-001	1.65992194e-004	6.95080584e-023	9.31169230e-042	9.21675968e-061	5.84448933e-080	2.26864736e-099	6.35368667e-119	1.29865849e-138	2.05334486e-158	2.29383000e-178	1.86946210e-198	1.64175121e-218	1.10414366e-238	5.91558350e-259	
4.1	2.10933732e-001	7.88798079e-001	2.68188905e-004	1.11777979e-022	1.49742091e-041	1.50659608e-060	9.71496057e-080	3.83187811e-099	1.09052254e-118	2.26531479e-138	3.64017097e-158	4.13571197e-178	3.43611829e-198	3.06304002e-218	2.09009895e-238	1.13567646e-258	
4.11	1.72872009e-001	8.26705956e-001	4.22034647e-004	1.74300850e-022	2.32888646e-041	2.38190773e-060	1.56190671e-079	6.25989623e-099	1.81031731e-118	3.82181496e-138	6.24153214e-158	7.21189224e-178	6.10866698e-198	5.52770517e-218	3.82699056e-238	2.10888332e-258	
4.12	1.41123968e-001	8.58227999e-001	6.48032820e-004	2.63889245e-022	3.50650764e-041	3.64570048e-060	2.43111529e-079	9.90069349e-099	2.90948705e-118	6.24246278e-138	1.03611060e-157	1.21756420e-177	1.05143713e-197	9.65773060e-218	6.78354330e-238	3.79117158e-258	
4.13	1.14963013e-001	8.84064491e-001	9.72496407e-004	3.88315128e-022	5.11533260e-041	5.40647106e-060	3.66614977e-079	1.51706934e-098	4.53032323e-118	9.87837865e-138	1.66633694e-157	1.99146323e-177	1.75320295e-197	1.63468806e-217	1.16497154e-237	6.60302407e-258	
4.14	9.35959109e-002	9.04975904e-001	1.42818474e-003	5.55843677e-022	7.23434517e-041	7.77276458e-060	5.36015763e-079	2.25387168e-098	6.83944795e-118	1.51566714e-137	2.59843500e-157	3.15826993e-177	2.83456285e-197	2.68297478e-217	1.93996730e-237	1.11518010e-257	
4.15	7.62545655e-002	9.21690375e-001	2.05505908e-003	7.74646265e-022	9.92500019e-041	1.08404786e-059	7.60201866e-079	3.24803190e-098	1.00155162e-117	2.25569608e-137	3.93019494e-157	4.85821027e-177	4.44484013e-197	4.27101003e-217	3.13330645e-237	1.82668131e-257	
4.16	6.22387233e-002	9.34860525e-001	2.90075186e-003	1.05194990e-021	1.32177758e-040	1.46764702e-059	1.04659988e-078	4.54371748e-098	1.42373801e-117	3.25880200e-137	5.77054876e-157	7.25435442e-177	6.76649046e-197	6.60016627e-217	4.91303131e-237	2.90488459e-257	
4.17	5.09351216e-002	9.45044374e-001	4.02050448e-003	1.39325103e-021	1.71011897e-040	1.93037473e-059	1.39983664e-078	6.17538662e-098	1.96630791e-117	4.57408558e-137	8.23165832e-157	1.05241294e-176	1.00067790e-196	9.90868301e-217	7.48389955e-237	4.48782655e-257	
4.18	4.18321889e-002	9.52690258e-001	5.47755272e-003	1.80153025e-021	2.15141484e-040	2.46886099e-059	1.82069395e-078	8.16125306e-098	2.64058403e-117	6.24266302e-137	1.14177650e-156	1.48456183e-176	1.43880774e-196	1.44629957e-216	1.10836047e-236	6.74103191e-257	
4.19	3.44993701e-002	9.58158919e-001	7.34171094e-003	2.27657011e-021	2.63452271e-040	3.07351250e-059	2.30484627e-078	1.04980472e-097	3.45160191e-117	8.29313290e-137	1.54156048e-156	2.03837317e-176	2.01380475e-196	2.05502863e-216	1.59787624e-236	9.85613272e-257	
4.2	2.85869582e-002	9.61721852e-001	9.69118987e-003	2.81532402e-021	3.14452427e-040	3.72949566e-059	2.84412084e-078	1.31629603e-097	4.39776832e-117	1.07388365e-136	2.02872190e-156	2.72806010e-176	2.74723581e-196	2.84605069e-216	2.24540488e-236	1.40478283e-256	
4.21	2.38124257e-002	9.63577016e-001	1.26105336e-002	2.42463020e-008	2.60371363e-027	3.13946298e-046	2.43463589e-065	1.14495668e-084	3.88713863e-104	9.64646276e-124	1.85209714e-143	2.53274778e-163	2.59963643e-183	2.73409944e-203	2.18868030e-223	1.38875654e-243	
4.22	1.99481762e-002	9.63861305e-001	1.61904710e-002	4.76190325e-008	4.89817035e-027	6.00442575e-046	4.73535153e-065	2.26279521e-084	7.80651076e-104	1.96890483e-123	3.84191545e-143	5.34267202e-163	5.58897830e-183	5.96749660e-203	4.84728828e-223	3.11943386e-243	
4.23	1.68131359e-002	9.62658280e-001	2.05284932e-002	9.08972608e-008	8.92462060e-027	1.11225471e-045	8.92015971e-065	4.33122589e-084	1.51839645e-103	3.89202690e-123	7.71829393e-143	1.09146488e-162	1.16359621e-182	1.26132356e-202	1.03958095e-222	6.78533352e-243	
4.24	1.42617710e-002	9.60010572e-001	2.57274884e-002	1.68936435e-007	1.57810775e-026	1.99955368e-045	1.63069131e-064	8.04564490e-084	2.86617680e-103	7.46652982e-123	1.50486331e-142	2.16393212e-162	2.35084805e-182	2.58713069e-202	2.16369549e-222	1.43243660e-242	
4.25	1.21783983e-002	9.55927442e-001	3.18938532e-002	3.06206751e-007	2.71363657e-026	3.49569302e-045	2.89906536e-064	1.45345702e-083	5.26138286e-103	1.39293203e-122	2.85319957e-142	4.17177134e-162	4.61790737e-182	5.15961539e-202	4.37849235e-222	2.93996666e-242	
4.26	1.04702874e-002	9.50389446e-001	3.91397242e-002	5.42215249e-007	4.54611595e-026	5.95407639e-045	5.02157071e-064	2.55811040e-083	9.41000698e-103	2.53188586e-122	5.27069937e-142	7.83560695e-162	8.83671883e-182	1.00240699e-201	8.63176605e-222	5.87834789e-242	
4.27	9.06430706e-003	9.43356760e-001	4.75779931e-002	9.39429279e-007	7.43572328e-026	9.90122808e-045	8.49161928e-064	4.39570312e-083	1.64306923e-102	4.49306580e-122	9.50591503e-142	1.43678527e-161	1.65062355e-181	1.90100491e-201	1.66113676e-221	1.14743162e-241	
4.28	7.90121508e-003	9.34777386e-001	5.73198038e-002	1.59464207e-006	1.18923266e-025	1.61003014e-044	1.40417769e-063	7.38574420e-083	2.80538770e-102	7.79642526e-122	1.67639823e-141	2.57590386e-161	3.01405738e-181	3.52434768e-201	3.12497578e-221	2.18943164e-241	
4.29	6.93394243e-003	9.24588342e-001	6.84750599e-002	2.65537710e-006	1.86289960e-025	2.56424673e-044	2.27427648e-063	1.21554061e-082	4.69175779e-102	1.32513071e-121	2.89582760e-141	4.52317578e-161	5.38960938e-181	6.39852952e-201	5.75666173e-221	4.09086252e-241	
4.3	6.12553064e-003	9.12722388e-001	8.11477388e-002	4.34301739e-006	5.90891978e-017	8.26965947e-036	7.45820659e-055	4.05029140e-074	1.58859876e-093	4.55995971e-113	1.01273924e-132	1.60782886e-152	1.95056213e-172	2.35115129e-192	2.14658202e-212	1.54719765e-232	
4.31	5.44387036e-003	8.99121315e-001	9.54278310e-002	6.98317434e-006	1.78096438e-016	2.53424267e-035	2.32435355e-054	1.28268503e-073	5.11233572e-093	1.49138998e-112	3.36634084e-132	5.43142167e-152	6.70711493e-172	8.20853876e-192	7.60472370e-212	5.55941494e-232	
4.32	4.86626439e-003	8.83727238e-001	1.11395448e-001	1.10491640e-005	5.19744878e-016	7.51967473e-035	7.01331350e-054	3.93255214e-073	1.59270671e-092	4.72206918e-112	1.08324215e-131	1.77592326e-151	2.23170421e-171	2.77316459e-191	2.60709278e-211	1.93318462e-231	
4.33	4.37263736e-003	8.66504623e-001	1.29105524e-001	1.72152428e-005	1.47075955e-015	2.16358167e-034	2.05195530e-053	1.16913868e-072	4.81166632e-092	1.44982112e-111	3.38008793e-131	5.62982050e-151	7.19723415e-171	9.08076680e-191	8.66320054e-211	6.51564421e-231	
4.34	3.94721232e-003	8.47432605e-001	1.48593751e-001	2.64318216e-005	4.04052980e-015	6.04363079e-034	5.82911920e-053	3.37469994e-072	1.41129974e-091	4.32171650e-111	1.02400637e-130	1.73240348e-150	2.25236102e-170	2.88545975e-190	2.79355189e-210	2.13118087e-230	
4.35	3.57694862e-003	8.26531102e-001	1.69851937e-001	4.00122983e-005	1.07881308e-014	1.64073045e-033	1.60919032e-052	9.46638224e-072	4.02294090e-091	1.25200451e-110	3.01491683e-130	5.17955751e-150	6.84601431e-170	8.90515279e-190	8.74855368e-210	6.76975445e-230	
4.36	3.25233857e-003	8.03826915e-001	1.92860989e-001	5.97566603e-005	2.80290515e-014	4.33443410e-033	4.32319379e-052	2.58425118e-071	1.11596976e-090	3.52976266e-110	8.63867513e-130	1.50664931e-149	2.02365189e-169	2.67282847e-189	2.66483397e-209	2.09170641e-229	
4.37	2.96468123e-003	7.79403999e-001	2.17543239e-001	8.80802506e-005	7.09224837e-014	1.11518599e-032	1.13107764e-051	6.87042238e-071	3.01479765e-090	9.69107864e-110	2.41041628e-129	4.26637452e-149	5.82050849e-169	7.80616190e-189	7.89785600e-209	6.28810191e-229	
4.38	2.70762212e-003	7.53365041e-001	2.43799144e-001	1.28192884e-004	1.74955738e-013	2.79727778e-032	2.88512998e-051	1.78072459e-070	7.94044676e-090	2.59406951e-109	6.55746988e-129	1.17747390e-148	1.63087286e-168	2.22092938e-188	2.28030861e-208	1.84148317e-228	
4.39	2.47601384e-003	7.25857481e-001	2.71482232e-001	1.84273371e-004	4.21016849e-013	6.84468947e-032	7.17909155e-051	4.50240925e-070	2.04015100e-089	6.77363460e-109	1.74022058e-128	3.16876176e-148	4.45338528e-168	6.15822954e-188	6.41662712e-208	5.25608381e-228	
4.4	2.26589814e-003	6.97074383e-001	3.00397980e-001	2.61739106e-004	9.89297849e-013	1.63544635e-031	1.74436446e-050	1.11162660e-069	5.11845751e-089	1.72710808e-108	4.50942058e-128	8.32272817e-148	1.18616521e-167	1.66556469e-187	1.76119773e-207	1.46339653e-227	
4.41	2.07386146e-003	6.67193251e-001	3.30365366e-001	3.67521120e-004	2.27160441e-012	3.81852849e-031	4.14175072e-050	2.68195993e-069	1.25483551e-088	4.30312920e-108	1.14186791e-127	2.13501095e-147	3.08376079e-167	4.39695553e-187	4.71842160e-207	3.97675651e-227	
4.42	1.89759038e-003	6.36469560e-001	3.61122644e-001	5.10205458e-004	5.09982876e-012	8.71720896e-031	9.61495755e-050	6.32646240e-069	3.00787448e-088	1.04829557e-107	2.82704234e-127	5.35181422e-147	7.82863903e-167	1.13350115e-186	1.23442798e-206	1.05533725e-226	
4.43	1.73514036e-003	6.05151968e-001	3.92412273e-001	7.00619443e-004	1.12038482e-011	1.94741155e-030	2.18429875e-049	1.46038561e-068	7.05568465e-088	2.49909136e-107	6.84945284e-127	1.31197978e-146	1.94223506e-166	2.85568208e-186	3.15618219e-206	2.73712791e-226	
4.44	1.58493764e-003	5.73484557e-001	4.23978566e-001	9.51939122e-004	2.41003318e-011	4.25974014e-030	4.85872358e-049	3.30076330e-068	1.62048373e-087	5.83327476e-107	1.62482236e-126	3.14680707e-146	4.71085954e-166	7.03365316e-186	7.88932988e-206	6.93994536e-226	
4.45	1.44593214e-003	5.41762990e-001	4.55510922e-001	1.28015569e-003	5.07957567e-011	1.65031202e-020	1.91422642e-039	1.32143201e-058	6.59232733e-078	2.41168002e-097	6.82711966e-117	1.33584825e-136	2.02064476e-156	3.06371829e-176	3.48756166e-196	3.11222707e-216	
4.46	1.31716333e-003	5.10195735e-001	4.86782416e-001	1.70468551e-003	1.04970630e-010	6.44669931e-020	7.60412285e-039	5.33360654e-058	2.70384596e-077	1.00525931e-096	2.89208351e-116	5.71241904e-136	8.72338135e-156	1.34315386e-175	1.55172063e-195	1.40465341e-215	
4.47	1.19787358e-003	4.79037980e-001	5.17515898e-001	2.24824905e-003	2.12807039e-010	2.43639180e-019	2.92241936e-038	2.08283042e-057	1.07290497e-076	4.05389923e-096	1.18528134e-115	2.36121228e-135	3.63699867e-155	5.68689788e-175	6.66779758e-195	6.12230060e-215	
4.48	1.08749980e-003	4.48525627e-001	5.47448839e-001	2.93803347e-003	4.23546681e-010	8.91812053e-019	1.08781446e-037	7.87814646e-057	4.12382038e-076	1.58352676e-095	4.70531514e-115	9.44444139e-135	1.46598184e-154	2.32784209e-174	2.77002046e-194	2.58012338e-214	
4.49	9.85543504e-004	4.18816056e-001	5.76392819e-001	3.80558081e-003	8.28048363e-010	3.16411053e-018	3.92481894e-037	2.88823235e-056	1.53621209e-075	5.99497401e-095	1.81029533e-114	3.65723616e-134	5.71523521e-154	9.21633750e-174	1.11304391e-193	1.05162879e-213	
4.5	8.91581720e-004	3.90095366e-001	6.04125493e-001	4.88755784e-003	1.59112742e-009	1.08920959e-017	1.37392887e-036	1.02739017e-055	5.55286006e-075	2.20220506e-094	6.75813251e-114	1.37271135e-133	2.15760484e-153	3.53346572e-173	4.33097065e-193	4.15122271e-213	
4.51	8.06126182e-004	3.62472544e-001	6.30495280e-001	6.22604679e-003	3.00667256e-009	3.64092711e-017	4.67031017e-036	3.54859826e-055	1.94881556e-074	7.85432679e-094	2.44942518e-113	4.99637970e-133	7.89080639e-153	1.31237840e-172	1.63259573e-192	1.58735608e-212	
4.52	7.27643187e-004	3.36069404e-001	6.55334075e-001	7.86887163e-003	5.59073297e-009	1.18286153e-016	1.54295678e-035	1.19119647e-054	6.64730171e-074	2.72251872e-093	8.62757866e-113	1.76523348e-132	2.79840438e-152	4.72671506e-172	5.96784851e-192	5.88603266e-212	
4.53	6.55663657e-004	3.10952825e-001	6.78521059e-001	9.87044160e-003	1.02341830e-008	3.73751135e-016	4.95776639e-035	3.88935937e-054	2.20535233e-073	9.17864208e-093	2.95570364e-112	6.05825949e-132	9.63065445e-152	1.65205497e-171	2.11701497e-191	2.11820116e-211	
4.54	5.89791461e-004	2.87159110e-001	6.99959437e-001	1.22916430e-002	1.84535104e-008	1.14967426e-015	1.55082657e-034	1.23621090e-053	7.12185102e-073	3.01199028e-092	9.85534416e-112	2.02102866e-131	3.21845475e-151	5.60716171e-171	7.29263567e-191	7.40211292e-211	
4.55	5.29644073e-004	2.64709831e-001	7.19559743e-001	1.52007488e-002	3.27908835e-008	3.44489043e-015	4.72556610e-034	3.82729902e-053	2.24028273e-072	9.62692937e-092	3.20044194e-111	6.55774515e-131	1.04510895e-150	1.84922669e-170	2.44106222e-190	2.51350133e-210	
4.56	4.74883298e-004	2.43609671e-001	7.37244516e-001	1.86708718e-002	5.74410206e-008	1.00617122e-014	1.40356162e-033	1.15509968e-052	6.86945986e-072	2.99937120e-091	1.01306151e-110	2.07127685e-130	3.30026107e-150	5.93070797e-170	7.94606961e-190	8.30006749e-210	
4.57	4.25116710e-004	2.23843156e-001	7.52946667e-001	2.27849610e-002	9.92472900e-008	2.86675590e-014	4.06666652e-033	3.40050717e-052	2.05456297e-071	9.11397315e-091	3.12711379e-110	6.37133268e-130	1.01399444e-149	1.85069254e-169	2.51671636e-189	2.66686061e-209	
4.58	3.79982591e-004	2.05375362e-001	7.66614864e-001	2.76296224e-002	1.69192886e-007	7.97297066e-014	1.15013569e-032	9.77175611e-052	5.99788614e-071	2.70284626e-090	9.41955205e-110	1.90992357e-129	3.03321354e-149	5.62278902e-169	7.76081631e-189	8.34272110e-209	
4.59	3.39114231e-004	1.88161263e-001	7.78200628e-001	3.32987100e-002	2.84685327e-007	2.16556169e-013	3.17675438e-032	2.74236393e-051	1.70980980e-070	7.82664925e-090	2.77020113e-109	5.58226928e-129	8.83871824e-149	1.66413463e-168	2.33134115e-188	2.54241221e-208	
4.6	3.02166238e-004	1.72141477e-001	7.87663667e-001	3.98922169e-002	4.72955220e-007	5.74805327e-013	8.57470467e-032	7.52101102e-051	4.76284657e-070	2.21414466e-089	7.95739320e-109	1.59157413e-128	2.51029011e-148	4.80043239e-168	6.82597103e-188	7.55177182e-208	
4.61	2.68814979e-004	1.57262235e-001	7.94957534e-001	4.75106404e-002	7.75960828e-007	1.49163123e-012	2.26279009e-031	2.01656723e-050	1.29699462e-069	6.12251991e-089	2.23376260e-108	4.42881733e-128	6.95272663e-148	1.35041111e-167	1.94903892e-187	2.18752264e-207	
4.62	2.38761165e-004	1.43466544e-001	8.00035912e-001	5.62575258e-002	1.25770124e-006	3.78658854e-012	5.84142749e-031	5.28875282e-050	3.45421777e-069	1.65542882e-088	6.12985565e-108	1.20327732e-127	1.87874111e-147	3.70633480e-167	5.42965207e-187	6.18228323e-207	
4.63	2.11718392e-004	1.30694283e-001	8.02857846e-001	6.62341385e-002	2.01413952e-006	9.40663901e-012	1.47566696e-030	1.35730956e-049	9.00012972e-069	4.37770792e-088	1.64464194e-107	3.19261161e-127	4.95416353e-147	9.92718872e-167	1.47616189e-186	1.70514594e-206	
4.64	1.87405772e-004	1.18873216e-001	8.03396500e-001	7.75396905e-002	3.18786078e-006	2.28797990e-011	3.65002217e-030	3.41059818e-049	2.29561700e-068	1.13296664e-087	4.31705013e-107	8.27814023e-127	1.27583691e-146	2.59670062e-166	3.91931146e-186	4.59296106e-206	
4.65	1.65580877e-004	1.07954757e-001	8.01608261e-001	9.02664141e-002	4.98716188e-006	5.45017565e-011	8.84165933e-030	8.39185586e-049	5.73253355e-068	2.86956678e-087	1.10845441e-106	2.09739902e-126	3.20865119e-146	6.63341917e-166	1.01627331e-185	1.20823820e-205	
4.66	1.46016022e-004	9.78761435e-002	7.97474450e-001	1.04495677e-001	7.71357193e-006	1.27208250e-010	2.09859195e-029	2.02312923e-048	1.40212712e-067	7.11559059e-087	2.78496696e-106	5.19496159e-126	7.88441408e-146	1.65565908e-165	2.57473730e-185	3.10549796e-205	
4.67	1.28597407e-004	8.85857159e-002	7.90992696e-001	1.20281195e-001	1.17950979e-005	2.90975246e-010	4.88147977e-029	4.77967274e-048	3.35957879e-067	1.72764516e-086	6.84731150e-106	1.25804944e-125	1.89328413e-145	4.03840308e-165	6.37474836e-185	7.80052906e-205	
4.68	1.13052459e-004	8.00297680e-002	7.82154673e-001	1.37684669e-001	1.78372919e-005	6.52598834e-010	1.11334590e-028	1.10692573e-047	7.88858134e-067	4.10799424e-086	1.64754722e-105	2.97907425e-125	4.44379279e-145	9.62818561e-165	1.54273123e-184	1.91522294e-204	
4.69	9.91686559e-005	7.21615438e-002	7.70998245e-001	1.56714366e-001	2.66754152e-005	1.43538968e-009	2.49022341e-028	2.51392977e-047	1.81550500e-066	9.56737458e-086	3.87971394e-105	6.89923167e-125	1.01970642e-144	2.24422040e-164	3.65014784e-184	4.59733723e-204	
4.7	8.67903696e-005	6.49332953e-002	7.57571322e-001	1.77369129e-001	3.94602395e-005	3.09741083e-009	5.46444407e-028	5.60007795e-047	4.09631918e-066	2.18260826e-085	8.94108500e-105	1.56271695e-124	2.28785147e-144	5.11480319e-164	8.44444972e-184	1.07903880e-203	
4.71	7.57721270e-005	5.83066517e-002	7.41948067e-001	1.99611762e-001	5.77408637e-005	6.55865886e-009	1.17665211e-027	1.22388170e-046	9.06243394e-066	4.87804605e-085	2.01655479e-104	3.46225327e-124	5.01964982e-144	1.13994864e-163	1.91045373e-183	2.47670214e-203	
4.72	6.59896401e-005	5.22412307e-002	7.24230944e-001	2.23378231e-001	8.35908182e-005	1.36327620e-008	2.48714028e-027	2.62497787e-046	1.96642285e-065	1.06806955e-084	4.45066069e-104	7.50305251e-124	1.07706533e-143	2.48469441e-163	4.22703664e-183	5.55969570e-203	
4.73	5.73237147e-005	4.67004557e-002	7.04556244e-001	2.48566212e-001	1.19736399e-004	2.78248433e-008	5.16221281e-027	5.52681692e-046	4.18508021e-065	2.29106050e-084	9.61055622e-104	1.59028283e-123	2.26001596e-143	5.29625037e-163	9.14628945e-183	1.22049793e-202	
4.74	4.96634244e-005	4.16503146e-002	6.83098266e-001	2.75031976e-001	1.69723765e-004	5.57793299e-008	1.05236076e-026	1.14252916e-045	8.73827277e-065	4.81474063e-084	2.03016555e-103	3.29652603e-123	4.63763826e-143	1.10404187e-162	1.93542154e-182	2.62032106e-202	
4.75	4.29166397e-005	3.70592786e-002	6.60062146e-001	3.02597456e-001	2.38092881e-004	1.09860046e-007	2.10770764e-026	2.31955236e-045	1.79005430e-064	9.91280485e-084	4.19500840e-103	6.68303579e-123	9.30681232e-143	2.25074059e-162	4.00530410e-182	5.50171577e-202	
4.76	3.70030823e-005	3.29119420e-002	6.35862480e-001	3.30857965e-001	3.30397069e-004	2.12512775e-007	4.14610534e-026	4.62306718e-045	3.59631830e-064	1.99817663e-083	8.47223503e-103	1.32409706e-122	1.82538402e-142	4.48453228e-162	8.10125782e-182	1.12901649e-201	
4.77	3.18218014e-005	2.91599016e-002	6.10545946e-001	3.59807919e-001	4.54007926e-004	4.04251327e-007	8.02022314e-026	9.05625919e-045	7.09349040e-064	3.94740701e-083	1.67376484e-102	2.56617939e-122	3.50226470e-142	8.74080238e-162	1.60293460e-181	2.26649690e-201	
4.78	2.72982879e-005	2.57784389e-002	5.84361837e-001	3.89213930e-001	6.17739733e-004	7.56233778e-007	1.52574151e-025	1.74364480e-044	1.37338122e-063	7.63923251e-083	3.23285337e-102	4.86267673e-122	6.57082959e-142	1.66598960e-161	3.10147740e-181	4.44943319e-201	
4.79	2.33625443e-005	2.27416473e-002	5.57547565e-001	4.18853377e-001	8.32655947e-004	1.39211579e-006	2.85614942e-025	3.30129620e-044	2.61137178e-063	1.44891071e-082	6.10684782e-102	9.01286630e-122	1.20600890e-141	3.10642892e-161	5.87071270e-181	8.54518456e-201	
4.8	1.99472064e-005	2.00204230e-002	5.30345217e-001	4.48499993e-001	1.11189729e-003	2.52238538e-006	5.26253443e-025	6.14753333e-044	4.87628566e-063	2.69274154e-082	1.12780262e-101	1.63347859e-121	2.16483810e-141	5.66503926e-161	1.08685979e-180	1.60512137e-200	
4.81	1.70002164e-005	1.75896433e-002	5.03009048e-001	4.77908008e-001	1.47179874e-003	4.50171201e-006	9.55067786e-025	1.12661789e-043	8.94709254e-063	4.90547318e-082	2.03698745e-101	2.89608089e-121	3.80222782e-141	1.01082755e-160	1.96873549e-180	2.94999099e-200	
4.82	1.44596806e-005	1.54255956e-002	4.75774865e-001	5.06846178e-001	1.93098831e-003	7.91355629e-006	1.70727397e-024	2.03179174e-043	1.61291716e-062	8.75871386e-082	3.59745096e-101	5.02226855e-121	6.53362720e-141	1.76470052e-160	3.48920539e-180	5.30475924e-200	
4.83	1.22733137e-005	1.35038622e-002	4.48795036e-001	5.35162628e-001	2.51248787e-003	1.37127671e-005	3.00837329e-024	3.60824383e-043	2.85824131e-062	1.53347353e-081	6.21493688e-101	8.52271864e-121	1.09893992e-140	3.01550344e-160	6.05291844e-180	9.33717712e-200	
4.84	1.03990168e-005	1.18029149e-002	4.22333083e-001	5.62587876e-001	3.24230073e-003	2.34264019e-005	5.22607457e-024	6.31023626e-043	4.97888296e-062	2.63224053e-081	1.05004010e-100	1.41501489e-120	1.80897304e-140	5.04313644e-160	1.02768049e-179	1.60849022e-199	
4.85	8.79590935e-006	1.03016115e-002	3.96508707e-001	5.88989817e-001	4.15158643e-003	3.94817678e-005	8.95643751e-024	1.08738178e-042	8.53049173e-062	4.43257559e-081	1.73629033e-100	2.30033166e-120	2.91657473e-140	8.26108123e-160	1.70902421e-179	2.71407234e-199	
4.86	7.42863876e-006	8.97873273e-003	3.71440602e-001	6.14232283e-001	5.27529872e-003	6.56550910e-005	1.51446510e-023	1.84634575e-042	1.43729235e-061	7.32117128e-081	2.80924419e-100	3.66087310e-120	4.60492975e-140	1.32519777e-159	2.78326880e-179	4.48487536e-199	
4.87	6.26496923e-006	7.81698497e-003	3.47282178e-001	6.38131964e-001	6.65481320e-003	1.07795139e-004	2.52832506e-023	3.09093751e-042	2.38314380e-061	1.18694282e-080	4.45097995e-100	5.70828731e-120	7.12618418e-140	2.08355774e-159	4.44264854e-179	7.26362105e-199	
4.88	5.27628515e-006	6.79748593e-003	3.24057129e-001	6.60630058e-001	8.33528616e-003	1.74764908e-004	4.16801592e-023	5.10198536e-042	3.88841198e-061	1.88886232e-080	6.90676585e-100	8.72209561e-120	1.08104603e-139	3.21147298e-159	6.95199259e-179	1.15330258e-198	
4.89	4.43866892e-006	5.90585413e-003	3.01880176e-001	6.81561347e-001	1.03682725e-002	2.79911878e-004	6.78755251e-023	8.30606783e-042	6.24610304e-061	2.95226310e-080	1.05040315e-099	1.30692673e-119	1.60882222e-139	4.85594223e-159	1.06721660e-178	1.79644923e-198	
4.9	3.73001009e-006	5.12644318e-003	2.80746095e-001	7.00868240e-001	1.28124337e-002	4.43057916e-004	1.09235186e-022	1.33415392e-041	9.87969432e-061	4.53342556e-080	1.56632884e-099	1.92128652e-119	2.34993887e-139	7.20685397e-159	1.60806256e-178	2.74661820e-198	
4.91	3.13146577e-006	4.44661204e-003	2.60697373e-001	7.18427553e-001	1.57320145e-002	6.93316063e-004	1.73785202e-022	2.11484414e-041	1.53941195e-060	6.84274325e-080	2.29153185e-099	2.77284171e-119	3.37111317e-139	1.05045281e-158	2.37965886e-178	4.12419214e-198	
4.92	2.62641183e-006	3.85373503e-003	2.41700189e-001	7.34175406e-001	1.91952804e-002	1.07276317e-003	2.73364211e-022	3.30885314e-041	2.36329772e-060	1.01564215e-079	3.29112816e-099	3.93111343e-119	4.75248550e-139	1.50471299e-158	3.46078104e-178	6.08606682e-198	
4.93	2.20075814e-006	3.33739981e-003	2.23763081e-001	7.47980035e-001	2.32756650e-002	1.64161862e-003	4.25245732e-022	5.11057376e-041	3.57557809e-060	1.48296549e-079	4.64297272e-099	5.47811070e-119	6.58830617e-139	2.11951685e-158	4.94925125e-178	8.83164035e-198	
4.94	1.84232939e-006	2.88777256e-003	2.06826507e-001	7.59746651e-001	2.80521841e-002	2.48504310e-003	6.54320309e-022	7.79351703e-041	5.33291161e-060	2.13120394e-079	6.43809908e-099	7.50833751e-119	8.98685487e-139	2.93774472e-158	6.96478122e-178	1.26111888e-197	
4.95	1.54066482e-006	2.49662029e-003	1.90879095e-001	7.69295212e-001	3.36057129e-002	3.72181962e-003	2.69047081e-013	3.17033231e-032	2.11849803e-051	8.14618948e-071	2.37173246e-090	2.73590935e-110	3.26037294e-130	1.08296451e-149	2.60678920e-169	4.78960277e-189	
4.96	1.28678196e-006	2.15601585e-003	1.75841381e-001	7.76473355e-001	4.00126243e-002	5.51533698e-003	7.87935281e-013	9.16907489e-032	5.97528503e-051	2.20816151e-070	6.19000787e-090	7.06775198e-110	8.38942144e-130	2.83158547e-149	6.92014632e-169	1.29018146e-188	
4.97	1.07170599e-006	1.85703188e-003	1.61460252e-001	7.81245106e-001	4.73496880e-002	8.08685056e-003	2.24914065e-012	2.58017741e-031	1.63779193e-050	5.81086369e-070	1.56715761e-089	1.77238168e-109	2.09642629e-129	7.18988371e-149	1.78409025e-168	3.37525115e-188	
4.98	8.90928567e-007	1.59677025e-003	1.47903594e-001	7.83093295e-001	5.56747151e-002	1.17307350e-002	6.25889478e-012	7.06636874e-031	4.36411113e-050	1.48540202e-069	3.85188398e-089	4.31796513e-109	5.09169984e-129	1.77448241e-148	4.47062989e-168	8.58251082e-188	
4.99	7.38922056e-007	1.36994106e-003	1.35096670e-001	7.81672363e-001	6.50285836e-002	1.68317039e-002	1.69824026e-011	1.88385666e-030	1.13090206e-049	3.69045184e-069	9.19761700e-089	1.02269606e-108	1.20273319e-128	4.25942270e-148	1.08958935e-167	2.12259045e-187	
5	6.11022214e-007	1.17207452e-003	1.22977702e-001	7.76570572e-001	7.54023284e-002	2.38767120e-002	4.49161762e-011	4.88798426e-030	2.84997042e-049	8.91284218e-069	2.13435240e-088	2.35564135e-108	2.76412352e-128	9.94718411e-148	2.58361708e-167	5.10737571e-187	
5.01	5.03461347e-007	9.99318482e-004	1.11490688e-001	7.67328708e-001	8.67217211e-002	3.34590611e-002	1.15743035e-010	1.23385535e-029	6.98237425e-049	2.09215984e-068	4.81332499e-088	5.27672717e-108	6.18050197e-128	2.26019454e-147	5.96058583e-167	1.19570428e-186	
5.02	4.12893681e-007	8.48145118e-004	1.00552838e-001	7.53433426e-001	9.88719774e-002	4.62932002e-002	2.90534025e-010	3.02983622e-029	1.66328295e-048	4.77460945e-068	1.05537222e-087	1.15000623e-107	1.34509946e-127	4.99869730e-147	1.33851849e-166	2.72471957e-186	
5.03	3.36754362e-007	7.15985125e-004	9.01491325e-002	7.34343514e-001	1.11615564e-001	6.31754665e-002	7.09767952e-010	7.23182997e-029	3.84958478e-048	1.05874169e-067	2.24876636e-087	2.43737005e-107	2.84806036e-127	1.07559211e-146	2.92439400e-166	6.04101303e-186	
5.04	2.72746105e-007	6.00273200e-004	8.02214149e-002	7.09632833e-001	1.24614645e-001	8.49305592e-002	1.68596805e-009	1.67641250e-028	8.65066568e-048	2.27997092e-067	4.65471178e-087	5.02164325e-107	5.86448738e-127	2.25072435e-146	6.21352277e-166	1.30251609e-185	
5.05	2.19090184e-007	4.99156308e-004	7.07630424e-002	6.78941996e-001	1.37426055e-001	1.12369527e-001	3.89120697e-009	3.38284144e-019	1.69192830e-038	4.27459715e-058	8.39160005e-078	9.01711749e-098	1.05290956e-117	4.10651155e-137	1.15112170e-156	2.44877829e-176	
5.06	1.74306834e-007	4.11122363e-004	6.17914710e-002	6.42222486e-001	1.49486773e-001	1.46087964e-001	8.71489952e-009	1.38924831e-018	6.73444333e-038	1.63176161e-057	3.08181916e-077	3.30061706e-097	3.85509544e-117	1.52804132e-136	4.34930497e-156	9.38908312e-176	
5.07	1.37113305e-007	3.34833348e-004	5.33268814e-002	5.99772268e-001	1.60166985e-001	1.86398876e-001	1.89189207e-008	5.44838483e-018	2.55997032e-037	5.95203515e-057	1.08210951e-076	1.15586527e-096	1.35094118e-116	5.44185772e-136	1.57283671e-155	3.44565186e-175	
5.08	1.06529301e-007	2.69364860e-004	4.54327874e-002	5.52285765e-001	1.68839507e-001	2.33172430e-001	3.97809036e-008	2.03994510e-017	9.29232954e-037	2.07450484e-056	3.63304468e-076	3.87293423e-096	4.53149663e-116	1.85511796e-135	5.44437975e-155	1.21040012e-174	
5.09	8.16298094e-008	2.13750075e-004	3.81620560e-002	5.00869698e-001	1.74900493e-001	2.85853841e-001	8.09981460e-008	7.29419924e-017	3.22196176e-036	6.91170792e-056	1.16682838e-075	1.24217896e-095	1.45556475e-115	6.05602143e-135	1.80475069e-154	4.07181529e-174	
5.1	6.16608362e-008	1.67219501e-004	3.15869573e-002	4.47132769e-001	1.77971412e-001	3.43141422e-001	1.59599608e-007	2.48980782e-016	1.06684713e-035	2.20081924e-055	3.58439615e-075	3.81302514e-095	4.47643243e-115	1.89286330e-134	5.72796497e-154	1.31149742e-173	
5.11	4.59258074e-008	1.29000215e-004	2.57660055e-002	3.92952658e-001	1.77904873e-001	4.03247113e-001	3.04319950e-007	8.11761410e-016	9.40405070e-027	1.86721680e-046	2.93638334e-066	3.12328044e-086	3.67509612e-106	1.57939582e-125	4.85325820e-145	1.12772056e-164	
5.12	3.37442674e-008	9.81842146e-005	2.07268664e-002	3.40166662e-001	1.74816287e-001	4.64191405e-001	5.61932336e-007	2.53048853e-015	5.43809311e-026	1.04022593e-045	1.58098658e-065	1.68240176e-085	1.98494744e-105	8.66978574e-125	2.70525017e-144	6.37925382e-164	
5.13	2.44533723e-008	7.37066853e-005	1.64379140e-002	2.90378722e-001	1.69054175e-001	5.24054452e-001	1.00624846e-006	7.55641666e-015	2.97093179e-025	5.48010955e-045	8.05697040e-065	8.58274964e-085	1.01572204e-104	4.50890947e-124	1.42867854e-143	3.41903638e-163	
5.14	1.75190495e-008	5.47065822e-005	1.28820029e-002	2.44795406e-001	1.61133995e-001	5.81132121e-001	1.75039223e-006	2.16581548e-014	1.53700637e-024	2.73663978e-044	3.89596085e-064	4.15688876e-084	4.93645350e-104	2.22723944e-123	7.16638064e-143	1.74051116e-162	
5.15	1.24339744e-008	4.02272168e-005	9.99718119e-003	2.04173984e-001	1.51664861e-001	6.34120771e-001	2.96357951e-006	5.97247900e-014	7.55072524e-024	1.29907185e-043	1.79256500e-063	1.91675132e-083	2.28497504e-103	1.04786529e-122	3.42383691e-142	8.43933180e-162	
5.16	8.76061780e-009	2.93660301e-005	7.69820512e-003	1.68807462e-001	1.41239499e-001	6.82220564e-001	4.89445666e-006	1.58878380e-013	3.53315500e-023	5.87986986e-043	7.87226019e-063	8.44029183e-083	1.01042616e-102	4.70973322e-122	1.56272255e-141	3.90924965e-161	
5.17	6.13913347e-009	2.13218642e-005	5.89349447e-003	1.38626076e-001	1.30406495e-001	7.25044706e-001	7.90067204e-006	4.08600247e-013	1.57857170e-022	2.54390876e-042	3.30811682e-062	3.55818615e-082	4.27928916e-102	2.02733047e-121	6.83108859e-141	1.73430705e-160	
5.18	4.28652582e-009	1.54266677e-005	4.49392431e-003	1.13280133e-001	1.19595711e-001	7.62602310e-001	1.24909500e-005	1.01836616e-012	6.75289763e-022	1.05495893e-041	1.33388832e-061	1.44003316e-081	1.74051581e-101	8.38116153e-121	2.86790362e-140	7.38959963e-160	
5.19	2.98714256e-009	1.11397168e-005	3.41860414e-003	9.22726051e-002	1.09141210e-001	7.95137060e-001	1.93773846e-005	2.46517474e-012	2.77317719e-021	4.20452293e-041	5.17447903e-061	5.60961702e-081	6.81647369e-101	3.33633874e-120	1.15937684e-139	3.03184321e-159	
5.2	2.07897968e-009	8.03440882e-006	2.59632477e-003	7.49724479e-002	9.92616688e-002	8.23131978e-001	2.95441615e-005	5.80732603e-012	1.09565277e-020	1.61395983e-040	1.93543569e-060	2.10790444e-080	2.57611297e-100	1.28164824e-119	4.52287907e-139	1.20040317e-158	
5.21	1.44795451e-009	5.79903466e-006	1.97261984e-003	6.08849473e-002	9.00911038e-002	8.47001191e-001	4.43375969e-005	1.33362491e-011	4.17314917e-020	5.16810859e-031	6.04534921e-051	6.61749810e-071	8.13670166e-091	4.11484862e-110	1.47469757e-129	3.97235634e-149	
5.22	1.01049223e-009	4.19424382e-006	1.50120014e-003	4.94859565e-002	8.16992072e-002	8.67243876e-001	6.55645212e-005	2.98960244e-011	1.53484513e-019	3.43258630e-030	3.92089450e-050	4.31550421e-070	5.34057398e-090	2.74537294e-109	9.99189452e-129	2.73174249e-148	
5.23	7.07203066e-010	3.04238686e-006	1.14530572e-003	4.02884046e-002	7.40976426e-002	8.84369958e-001	9.56460722e-005	6.55229265e-011	5.46124667e-019	2.17784287e-029	2.43179525e-049	2.69230243e-069	3.35460138e-089	1.75294005e-108	6.47917225e-128	1.79782243e-147	
5.24	4.96843342e-010	2.21533955e-006	8.76794566e-004	3.28838721e-002	6.72696857e-002	8.98829658e-001	1.37773590e-004	1.40538277e-010	1.88219176e-018	1.32194931e-028	1.44451653e-048	1.60929193e-068	2.01964300e-088	1.07279454e-107	4.02700653e-127	1.13411246e-146	
5.25	3.50578462e-010	1.62020050e-006	6.73929012e-004	2.69284881e-002	6.11783430e-002	9.11021507e-001	1.96111945e-004	2.95350113e-010	6.29241161e-018	7.69042603e-028	1.53986340e-039	1.72686568e-059	2.18358414e-079	1.17904111e-098	4.49483860e-118	1.28479022e-137	
5.26	2.48599378e-010	1.19082769e-006	5.20339204e-004	2.21349374e-002	5.57648318e-002	9.21302658e-001	2.76041784e-004	6.08678672e-010	2.04282448e-017	4.29382168e-027	1.60223282e-038	1.80930813e-058	2.30596739e-078	1.26569372e-097	4.90047128e-117	1.42174518e-136	
5.27	1.77047469e-010	8.79032208e-007	4.03351641e-004	1.82746131e-002	5.09815728e-002	9.29955131e-001	3.84451414e-004	1.23110241e-009	6.44746617e-017	2.30399391e-026	1.58097721e-037	1.79830200e-057	2.31093720e-077	1.28944158e-096	5.07035343e-116	1.49303694e-135	
5.28	1.26763086e-010	6.52575632e-007	3.14330681e-004	1.51582391e-002	4.67573156e-002	9.37239352e-001	5.30107745e-004	2.44606779e-009	1.98047229e-016	1.18982227e-025	1.48200562e-036	1.69849591e-056	2.20152157e-076	1.24880684e-095	4.98724775e-115	1.49059948e-134	
5.29	9.13302668e-011	4.87432122e-007	2.46379737e-004	1.26368784e-002	4.30418581e-002	9.43350412e-001	7.23979396e-004	4.77658591e-009	5.92500583e-016	5.91934037e-025	1.32152990e-035	1.52645671e-055	1.99633380e-075	1.15115546e-094	4.66905479e-114	1.41641026e-133	
5.3	6.60444190e-011	3.65473969e-007	1.93779677e-004	1.05637694e-002	3.96748318e-002	9.48587380e-001	9.79864159e-004	9.17550309e-009	1.72843244e-015	2.84100858e-024	1.12277261e-034	1.17400919e-046	1.54974482e-066	9.08514961e-086	3.74259510e-105	1.15241874e-124	
5.31	4.80124137e-011	2.75450105e-007	1.53148236e-004	8.86743705e-003	3.66747118e-002	9.52989701e-001	1.31470886e-003	1.73464526e-008	4.91961410e-015	1.31662767e-023	9.10101848e-034	1.83135984e-045	2.44093438e-065	1.45475558e-084	6.08658874e-104	1.90229677e-123	
5.32	3.51297741e-011	2.08958682e-007	1.21793167e-004	7.48498413e-003	3.40450889e-002	9.56598730e-001	1.74916245e-003	3.22895286e-008	1.36718739e-014	5.89734499e-023	7.04608340e-033	2.68993590e-044	3.62129736e-064	2.19406081e-083	9.32333663e-103	2.95772369e-122	
5.33	2.58661711e-011	1.59531183e-007	9.74525553e-005	6.35259583e-003	3.17368671e-002	9.59504360e-001	2.30850614e-003	5.92118206e-008	3.71255828e-014	2.55548531e-022	5.21744918e-032	3.72665147e-043	5.06903272e-063	3.12247919e-082	1.34763884e-101	4.33952291e-121	
5.34	1.91716244e-011	1.22590178e-007	7.84611318e-005	5.42146637e-003	2.97107398e-002	9.61765973e-001	3.02313025e-003	1.07021247e-007	9.85721287e-014	1.07232626e-021	3.69907589e-031	4.87657945e-042	6.70440003e-062	4.19864732e-081	1.84054327e-100	6.01583028e-120	
5.35	1.42992561e-011	9.48043569e-008	6.35522742e-005	4.65181227e-003	2.79315619e-002	9.63423457e-001	3.92933111e-003	1.90732114e-007	2.56062212e-013	4.36105082e-021	2.51398914e-030	6.03577543e-041	8.38989649e-061	5.34184164e-080	2.37838007e-099	7.89084660e-119	
5.36	1.07228301e-011	7.37121860e-008	5.17407310e-005	4.00942867e-003	2.63664042e-002	9.64501632e-001	5.07038561e-003	3.35309485e-007	6.51171512e-013	1.72013534e-020	1.63936896e-029	7.07565850e-040	3.30351254e-052	2.13847264e-071	9.67065817e-091	3.25677180e-110	
5.37	8.08567211e-012	5.76265165e-008	4.23393633e-005	3.47116346e-003	2.49842034e-002	9.65004119e-001	6.49753534e-003	5.81810662e-007	1.62235665e-012	6.58782578e-020	1.02728554e-028	7.86979693e-039	7.17453060e-051	4.72194985e-070	2.16901693e-089	7.41468200e-109	
5.38	6.13205820e-012	4.53093792e-008	3.48347535e-005	3.01969830e-003	2.37625335e-002	9.64912291e-001	8.26960071e-003	9.96591002e-007	3.96108419e-012	2.45072587e-019	6.18871058e-028	8.31106735e-038	1.45836116e-049	9.75884077e-069	4.55318470e-088	1.57997942e-107	
5.39	4.67249052e-012	3.57981708e-008	2.87912201e-005	2.63887612e-003	2.26779482e-002	9.64197132e-001	1.04555308e-002	1.68581922e-006	9.48398495e-012	8.86373146e-019	3.58869556e-027	8.34516069e-037	2.77908495e-048	1.89091988e-067	8.96128089e-087	3.15649204e-106	
5.4	3.57626250e-012	2.84164316e-008	2.38998579e-005	2.31586994e-003	2.17105148e-002	9.62811938e-001	1.31349323e-002	2.81709126e-006	2.22775932e-011	3.11881672e-018	2.00479941e-026	7.97762858e-036	4.97316810e-047	3.44044836e-066	1.65613187e-085	5.92173588e-105	
5.41	2.74979625e-012	2.26607095e-008	1.99259867e-005	2.04014750e-003	2.08412862e-002	9.60696626e-001	1.63973401e-002	4.65192381e-006	5.13625242e-011	1.06827602e-017	1.07997178e-025	7.26855943e-035	8.36881553e-046	1.95780598e-057	9.57268717e-077	3.47453347e-096	
5.42	2.12366365e-012	1.81490308e-008	1.66796894e-005	1.80345763e-003	2.00549807e-002	9.57773107e-001	2.03441649e-002	7.59228075e-006	1.16271319e-010	3.56407713e-017	5.61371916e-025	6.31770633e-034	1.32603765e-044	5.97869317e-056	2.96930378e-075	1.09406919e-094	
5.43	1.64636668e-012	1.45920622e-008	1.40127165e-005	1.59916501e-003	1.93387775e-002	9.53947372e-001	2.50884063e-002	1.22516301e-005	2.58575068e-010	1.15902220e-016	2.81859819e-024	5.24537581e-033	1.98129813e-043	1.69714396e-054	8.56192088e-074	3.20239410e-093	
5.44	1.28051257e-012	1.17692035e-008	1.18091825e-005	1.42170442e-003	1.86778618e-002	9.49115650e-001	3.07534155e-002	1.95470049e-005	5.65002853e-010	3.67493064e-016	1.36764461e-023	4.16311448e-032	2.79490790e-042	4.48512138e-053	2.29841210e-072	8.72693208e-092	
5.45	9.98953753e-013	9.52081025e-009	9.97938528e-006	1.26674271e-003	1.80615868e-002	9.43158716e-001	3.74721218e-002	3.08430577e-005	1.21344476e-009	1.13675181e-015	6.41759516e-023	3.16154425e-031	3.72643400e-041	1.10526402e-051	5.75358680e-071	2.21769457e-090	
5.46	7.79801017e-013	7.70688151e-009	8.43635488e-006	1.12854078e-003	1.74469400e-002	9.35981091e-001	4.53868460e-002	4.81357793e-005	2.56239581e-009	3.43205742e-015	2.91473623e-022	2.29968313e-030	4.70238062e-040	2.54323355e-050	1.34484350e-069	5.26233959e-089	
5.47	6.08429416e-013	6.23521233e-009	7.12623487e-006	1.00410921e-003	1.68154522e-002	9.27449318e-001	5.46496645e-002	7.43179008e-005	5.32144671e-009	1.01183344e-014	1.28196132e-021	1.60347704e-029	5.62220229e-039	5.47313371e-049	2.94001596e-068	1.16787795e-087	
5.48	4.75536039e-013	5.05347720e-009	6.02862460e-006	8.94300068e-004	1.62081219e-002	9.17369999e-001	6.54080245e-002	1.13509814e-004	1.08703004e-008	2.91364025e-014	5.46253573e-021	1.07245242e-028	6.37461311e-038	1.10279244e-047	6.01763856e-067	2.42676072e-086	
5.49	3.72111588e-013	4.09969369e-009	5.10395807e-006	7.96726719e-004	1.56133403e-002	9.05605325e-001	7.78079687e-002	1.71509668e-004	2.18452430e-008	8.19804017e-014	2.25641092e-020	6.88629760e-028	6.86214853e-037	2.08364097e-046	1.15501162e-065	4.72861550e-085	
5.5	2.91063252e-013	3.32485832e-009	4.31851725e-006	7.09062046e-004	1.50267884e-002	8.92016766e-001	9.19866402e-002	2.56378550e-004	4.31938275e-008	2.25445321e-013	9.03989599e-020	4.24780170e-027	7.01952380e-036	3.69556776e-045	2.08107206e-064	8.64950980e-084	
5.51	2.27522054e-013	2.69463313e-009	3.65062854e-006	6.30591517e-004	1.44428982e-002	8.76472728e-001	1.08070881e-001	3.79164089e-004	8.40492211e-008	6.06150581e-013	3.51406817e-019	2.51900779e-026	6.82995772e-035	6.16087745e-044	3.52432781e-063	1.48705815e-082	
