4	6.67333919e-001	3.32666081e-001	1.81003363e-019	2.49055208e-038	4.36663174e-057	3.63431689e-076	1.98553152e-095	7.35382043e-115	1.83845511e-134	3.34264565e-154	4.51708872e-174	4.90961221e-194	3.50686587e-214	1.75343293e-234	1.13733731e-254	5.75604692e-275	2.35961586e-295	
4.01	5.97584055e-001	4.02415945e-001	2.21606886e-019	3.01280520e-038	5.37348433e-057	4.54302023e-076	2.52151870e-095	9.49796104e-115	2.41285465e-134	4.45941310e-154	6.12640899e-174	6.76906392e-194	4.91973539e-214	2.50597768e-234	1.64964629e-254	8.46927966e-275	3.52079803e-295	
4.02	5.25213906e-001	4.74786094e-001	2.64490053e-019	3.55444830e-038	6.44844670e-057	5.53752400e-076	3.12237045e-095	1.19612720e-114	3.08773608e-134	5.80096206e-154	8.10190232e-174	9.09998912e-194	6.72976566e-214	3.49199131e-234	2.33297121e-254	1.21508917e-274	5.12241969e-295	
4.03	4.53273617e-001	5.46726383e-001	3.07893441e-019	4.09209661e-038	7.55041166e-057	6.58446992e-076	3.77182215e-095	1.46952201e-114	3.85478729e-134	7.36152183e-154	1.04522531e-173	1.19341117e-193	8.98044376e-214	4.74728750e-234	3.21893647e-254	1.70080126e-274	7.27086722e-295	
4.04	3.84655133e-001	6.15344867e-001	3.50085263e-019	4.60378027e-038	8.63813470e-057	7.64842811e-076	4.45115993e-095	1.76374368e-114	4.70131059e-134	9.12627750e-154	1.31732235e-173	1.52896115e-193	1.17072064e-213	6.30436530e-234	4.33826404e-254	2.32539882e-274	1.00810631e-294	
4.05	3.21607066e-001	6.78392934e-001	3.89634676e-019	5.07250955e-038	9.67629916e-057	8.69623363e-076	5.14144119e-095	2.07190860e-114	5.61188678e-134	1.10738339e-153	1.62501597e-173	1.91726462e-193	1.49389483e-213	8.19560471e-234	5.72398708e-254	3.11255415e-274	1.36833611e-294	
4.06	2.65565438e-001	7.34434562e-001	4.25512492e-019	5.48694381e-038	1.06385602e-056	9.70140452e-076	5.82736937e-095	2.38826613e-114	6.57326985e-134	1.31850400e-153	1.96697697e-173	2.35907959e-193	1.87035565e-213	1.04530020e-233	7.40979800e-254	4.08771335e-274	1.82243128e-294	
4.07	2.17142891e-001	7.82857109e-001	4.57142838e-019	5.84208099e-038	1.15089951e-056	1.06446495e-075	6.49618549e-095	2.70775936e-114	7.57309289e-134	1.54411110e-153	2.34179762e-173	2.85498034e-193	2.30314645e-213	1.31121346e-233	9.43319039e-254	5.27937676e-274	2.38691417e-294	
4.08	1.76247241e-001	8.23752759e-001	4.84361003e-019	6.13791141e-038	1.22802437e-056	1.15145276e-075	7.13902141e-095	3.02629140e-114	8.60059510e-134	1.78258065e-153	2.74835129e-173	3.40589299e-193	2.79584058e-213	1.62152916e-233	1.18403005e-253	6.72247802e-274	3.08215030e-294	
4.09	1.42319497e-001	8.57680503e-001	5.07323142e-019	6.37853477e-038	1.29537068e-056	1.23040528e-075	7.75058445e-095	3.34148931e-114	9.64995324e-134	2.03306715e-153	3.18662563e-173	4.01409018e-193	3.35289858e-213	1.98103314e-233	1.46819324e-253	8.45684717e-274	3.93213706e-294	
4.1	1.14567070e-001	8.85432930e-001	5.26322850e-019	6.56926384e-038	1.35323181e-056	1.30130956e-075	8.32838120e-095	3.65167764e-114	1.07159599e-133	2.29493294e-153	3.65679744e-173	4.68207913e-193	3.97932953e-213	2.39502229e-233	1.80171691e-253	1.05289675e-273	4.96485474e-294	
4.11	9.20936644e-002	9.07903656e-001	2.67945073e-006	3.32194886e-025	6.93531987e-044	6.74510782e-063	4.38592095e-082	1.95581759e-101	5.83216815e-121	1.26962908e-140	2.05661237e-160	2.67652152e-180	2.31472933e-200	1.41920866e-220	1.08361355e-240	6.42445928e-261	3.07214006e-281	
4.12	7.40211483e-002	9.25974310e-001	4.54201063e-006	5.59650389e-025	1.18289311e-043	1.16232005e-062	7.67866848e-082	3.48238933e-101	1.05520554e-120	2.33504214e-140	3.84520986e-160	5.08625643e-180	4.47576243e-200	2.79542966e-220	2.16649590e-240	1.30315543e-260	6.31986144e-281	
4.13	5.95611136e-002	9.40431311e-001	7.57585319e-006	9.28254122e-025	1.98378809e-043	1.96687298e-062	1.32022619e-081	6.08932333e-101	1.87496485e-120	4.21757433e-140	7.06035612e-160	9.49176721e-180	8.49907522e-200	5.40722434e-220	4.25363778e-240	2.59573917e-260	1.27661396e-280	
4.14	4.80206139e-002	9.51966941e-001	1.24451123e-005	1.51719705e-024	3.27348980e-043	3.27021958e-062	2.23025273e-081	1.04618291e-100	3.27331095e-120	7.48459081e-140	1.27371274e-159	1.74030625e-179	1.58555599e-199	1.02758003e-219	8.20488685e-240	5.08011074e-260	2.53384744e-280	
4.15	3.88211565e-002	9.61158688e-001	2.01552204e-005	2.44602189e-024	5.31824819e-043	5.34389891e-062	3.70306902e-081	1.76664712e-100	5.61678415e-120	1.30550022e-139	2.25845553e-159	3.13595980e-179	2.90716585e-199	1.91917471e-219	1.55549904e-239	9.77133636e-260	4.94275703e-280	
4.16	3.14918735e-002	9.68475923e-001	3.22035014e-005	3.89241441e-024	8.50986973e-043	8.58394921e-062	6.04375780e-081	2.93243950e-100	9.47384582e-120	2.23830407e-139	3.93624098e-159	5.55424937e-179	5.23936361e-199	3.52297177e-219	2.89837250e-239	1.84715601e-259	9.47599657e-280	
4.17	2.56422886e-002	9.74306917e-001	5.07944545e-005	6.11752893e-024	1.34144569e-042	1.35531052e-061	9.69533241e-081	4.78427457e-100	1.57062295e-119	3.77209028e-139	6.74310025e-159	9.66849755e-179	9.27967900e-199	6.35550921e-219	5.30731458e-239	3.43182320e-259	1.78545508e-279	
4.18	2.09721337e-002	9.78948734e-001	7.91324132e-005	9.50048782e-024	2.08334894e-042	2.10301210e-061	1.52868511e-080	7.67181123e-100	2.55931786e-119	6.24802955e-139	1.13536544e-158	1.65408718e-178	1.61547727e-198	1.12686752e-218	9.55215323e-239	6.26699464e-259	3.30677218e-279	
4.19	1.72329298e-002	9.82645245e-001	1.21824687e-004	1.45854160e-023	3.18786003e-042	3.20613500e-061	2.36789882e-080	1.20854326e-099	4.09675682e-119	1.01664065e-138	1.87783418e-158	2.77950590e-178	2.76210464e-198	1.96227951e-218	1.68856339e-238	1.12398548e-258	6.01479895e-279	
4.2	1.42342445e-002	9.85580364e-001	1.85391313e-004	2.21410348e-023	4.80512062e-042	4.80032030e-061	3.60249178e-080	1.86996719e-099	6.44127720e-119	1.62482083e-138	3.05056198e-158	4.58710431e-178	4.63798298e-198	3.35550787e-218	2.93108654e-238	1.97966131e-258	1.07438474e-278	
4.21	1.18219461e-002	9.87899081e-001	2.78973082e-004	3.32435332e-023	7.13380541e-042	7.05479174e-061	5.37958803e-080	2.84003169e-099	9.94095590e-119	2.54902841e-138	4.86427954e-158	7.42989742e-178	7.64353421e-198	5.63142578e-218	4.99328407e-238	3.42169812e-258	1.88336533e-278	
4.22	9.87647391e-003	9.89708323e-001	4.15203519e-004	4.93749131e-023	1.04287492e-041	1.01743895e-060	7.88345689e-080	4.23272853e-099	1.50550543e-118	3.92406150e-138	7.61081770e-158	1.18074059e-177	1.23589875e-197	9.27155853e-218	8.34523720e-238	5.80255681e-258	3.23929928e-278	
4.23	8.30288263e-003	9.91085704e-001	6.11413005e-004	7.25618026e-023	1.50107163e-041	1.43918661e-060	1.13312858e-079	6.18722604e-099	2.23623899e-118	5.92491056e-138	1.16793033e-157	1.84010072e-177	1.95965955e-197	1.49683742e-217	1.36772425e-237	9.64884833e-258	5.46274604e-278	
4.24	7.02638536e-003	9.92082758e-001	8.90856556e-004	1.05507971e-022	2.12649088e-041	1.99576807e-060	1.59674219e-079	8.86734156e-099	3.25669956e-118	8.77107342e-138	1.75709632e-157	2.81099431e-177	3.04576161e-197	2.36839939e-217	2.19682718e-237	1.57253199e-257	9.02975587e-278	
4.25	5.98715254e-003	9.92728236e-001	1.28461165e-003	1.79052911e-010	3.49678568e-029	3.19925496e-048	2.60080885e-067	1.46888560e-086	5.48193918e-106	1.50079097e-125	3.05529401e-145	4.96239018e-165	5.47030831e-185	4.32983086e-205	4.07705354e-225	2.96125330e-245	1.72456659e-265	
4.26	5.13898301e-003	9.93027469e-001	1.83354708e-003	4.32263171e-010	8.13442174e-029	7.22610086e-048	5.96951744e-067	3.42898354e-086	1.30038437e-105	3.61881329e-125	7.48616734e-145	1.23422098e-164	1.38415236e-184	1.11508287e-204	1.06594290e-224	7.85572185e-245	4.64011923e-265	
4.27	4.44388274e-003	9.92965414e-001	2.59070203e-003	1.02044950e-009	1.84000704e-028	1.58062627e-047	1.32691930e-066	7.75160240e-086	2.98713002e-105	8.45015565e-125	1.77617565e-144	2.97193282e-164	3.39060468e-184	2.77963985e-204	2.69763184e-224	2.01722264e-244	1.20849667e-264	
4.28	3.87269995e-003	9.92503359e-001	3.62393917e-003	2.35608873e-009	4.04833198e-028	3.34905028e-047	2.85682017e-066	1.69725533e-085	6.64599941e-105	1.91108794e-124	4.08116671e-144	6.92909338e-164	8.04156324e-184	6.70745120e-204	6.60832630e-224	5.01428508e-244	3.04671593e-264	
4.29	3.40111174e-003	9.91580001e-001	5.01888217e-003	5.32115117e-009	8.66636999e-028	6.87807142e-047	5.96226718e-066	3.60257836e-085	1.43346266e-104	4.18994113e-124	9.08999247e-144	1.56564744e-163	1.84824394e-183	1.56816896e-203	1.56852972e-223	1.20767610e-243	7.44238679e-264	
4.3	3.01059416e-003	9.90107953e-001	6.88144069e-003	1.17560970e-008	1.80574112e-027	1.36974977e-046	1.20661537e-065	7.41483051e-085	2.99807153e-104	8.90798529e-124	1.96306256e-143	3.42928964e-163	4.11753574e-183	3.55296897e-203	3.60791755e-223	2.81868559e-243	1.76178860e-263	
4.31	2.68570470e-003	9.87972513e-001	9.34175731e-003	2.54081000e-008	3.66369627e-027	2.64717938e-046	2.36968882e-065	1.48096295e-084	6.08473213e-104	1.83773245e-123	4.11328271e-143	7.28607841e-163	8.89717971e-183	7.80522828e-203	8.04671004e-223	6.37868414e-243	4.04379621e-263	
4.32	2.41374955e-003	9.85031930e-001	1.25542665e-002	5.37147151e-008	7.24044847e-027	4.96771765e-046	4.51898267e-065	2.87229560e-084	1.19918821e-103	3.68165360e-123	8.36853571e-143	1.50269989e-162	1.86601253e-182	1.66400262e-202	1.74166339e-222	1.40095189e-242	9.00817829e-263	
4.33	2.18506185e-003	9.81113267e-001	1.67015599e-002	1.11078146e-007	1.39450807e-026	9.05877663e-046	8.37457394e-065	5.41377849e-084	2.29679627e-103	7.16785653e-123	1.65436253e-142	3.01061406e-162	3.80128037e-182	3.44443673e-202	3.66020586e-222	2.98767926e-242	1.94852883e-262	
4.34	1.99129027e-003	9.76017278e-001	2.19912066e-002	2.24643313e-007	2.61834249e-026	1.60644364e-045	1.50924807e-064	9.92208315e-084	4.27749748e-103	1.35694492e-122	3.17956961e-142	5.86225452e-162	7.52506903e-182	6.92597241e-202	7.47235070e-222	6.18930729e-242	4.09399874e-262	
4.35	1.82576662e-003	9.69515922e-001	2.86578676e-002	4.44284535e-007	4.79493762e-026	2.77260184e-045	2.64712798e-064	1.76994382e-083	7.75338978e-103	2.50020631e-122	5.94664234e-142	1.11046336e-161	1.44895335e-181	1.35416201e-201	1.48331418e-221	1.24669203e-241	8.36425381e-262	
4.36	1.68307563e-003	9.61360935e-001	3.69551300e-002	8.59151624e-007	2.54087153e-014	1.38218546e-033	1.34114638e-052	9.11972243e-072	4.05952479e-091	1.33068633e-110	3.21212333e-130	6.07332966e-150	8.05374574e-170	7.63895072e-190	8.49555781e-210	7.24567830e-230	4.93070997e-250	
4.37	1.55869246e-003	9.51295363e-001	4.71443201e-002	1.62410599e-006	7.71088057e-014	3.94055630e-033	3.88576698e-052	2.68725241e-071	1.21551131e-090	4.05008434e-110	9.91986955e-130	1.89843063e-149	2.55801472e-169	2.46152302e-189	2.77949754e-209	2.40565825e-229	1.66044882e-249	
4.38	1.44888646e-003	9.39059155e-001	5.94889581e-002	3.00083067e-006	2.25637133e-013	1.08208869e-032	1.08439846e-051	7.62694089e-071	3.50567241e-090	1.18735729e-109	2.95024920e-129	5.71277656e-149	7.81961559e-169	7.63038212e-189	8.74803049e-209	7.68314640e-229	5.37922453e-249	
4.39	1.35067680e-003	9.24402656e-001	7.42412482e-002	5.41909450e-006	6.37070322e-013	2.86478245e-032	2.91767999e-051	2.08703862e-070	9.74796180e-090	3.35615831e-109	8.45784710e-129	1.65651751e-148	2.30276566e-168	2.27748558e-188	2.65113679e-208	2.36286702e-228	1.67793426e-248	
4.4	1.26153489e-003	9.07121132e-001	9.16077699e-002	9.56296186e-006	1.73637831e-012	7.31815363e-032	7.57486583e-051	5.51059641e-070	2.61537561e-089	9.15331121e-109	2.33902620e-128	4.63182676e-148	6.53723450e-168	6.54915396e-188	7.74067625e-208	7.00133525e-228	5.04309966e-248	
4.41	1.17948515e-003	8.87045346e-001	1.11758677e-001	1.64922624e-005	4.57196225e-012	1.80560098e-031	1.89943297e-050	1.40532182e-069	6.77753470e-089	2.41116180e-108	6.24604772e-128	1.25010962e-147	1.79075710e-167	1.81623893e-187	2.17965237e-207	2.00059878e-227	1.46167807e-247	
4.42	1.10295395e-003	8.64090213e-001	1.34779038e-001	2.77944383e-005	1.16351764e-011	4.30613485e-031	4.60391615e-050	3.46445643e-069	1.69784682e-088	6.13982865e-108	1.61192666e-127	3.25951239e-147	4.73725022e-167	4.86116122e-187	5.92347771e-207	5.51739728e-227	4.08877818e-247	
4.43	1.03076819e-003	8.38251031e-001	1.60672409e-001	4.57924954e-005	2.86450391e-011	9.93722302e-031	1.07980430e-049	8.26359762e-069	4.11513252e-088	1.51269391e-107	4.02376420e-127	8.21729777e-147	1.21118694e-166	1.25669174e-186	1.55488820e-206	1.46978751e-226	1.10485417e-246	
4.44	9.61985644e-004	8.09622283e-001	1.89341970e-001	7.37612007e-005	6.82651783e-011	2.22094473e-030	2.45280874e-049	1.90909772e-068	9.66044791e-088	3.60976306e-107	9.72562523e-127	2.00507684e-146	2.99596098e-166	3.14098003e-186	3.94615311e-206	3.78527876e-226	2.88622094e-246	
4.45	8.96041782e-004	7.78390705e-001	2.20597027e-001	1.16226324e-004	1.57627857e-010	6.22994110e-022	6.99294088e-041	5.53545546e-060	2.84643156e-079	1.08114234e-098	2.94950851e-118	6.13649954e-138	9.29040687e-158	9.83507322e-178	1.25466567e-197	1.22144243e-217	9.44657720e-238	
4.46	8.32631884e-004	7.44876443e-001	2.54111722e-001	1.79202015e-004	3.52920677e-010	2.61434343e-021	2.98257174e-040	2.40103988e-059	1.25459289e-078	4.84398800e-098	1.33771175e-117	2.80742879e-137	4.30428798e-157	4.59771409e-177	5.95574250e-197	5.88395821e-217	4.61595529e-237	
4.47	7.71399559e-004	7.09435992e-001	2.89522019e-001	2.70587992e-004	7.67108333e-010	1.04969454e-020	1.21716416e-039	9.96531977e-059	5.29113293e-078	2.07658278e-097	5.80310414e-117	1.22806622e-136	1.90569229e-156	2.05248609e-176	2.69975152e-196	2.70681631e-216	2.15407951e-236	
4.48	7.12537677e-004	6.72530555e-001	3.26356512e-001	4.00393665e-004	1.62029428e-009	4.03836234e-020	4.75946958e-039	3.96325221e-058	2.13836852e-077	8.53095235e-097	2.41164481e-116	5.14429354e-136	8.07479993e-156	8.76228913e-176	1.17036506e-195	1.19087187e-215	9.61310844e-236	
4.49	6.56040709e-004	6.34627493e-001	3.64135372e-001	5.81091086e-004	3.32971918e-009	1.49106278e-019	1.78615314e-038	1.51266357e-057	8.29311167e-077	3.36311759e-096	9.61412651e-116	2.06639868e-135	3.27874886e-155	3.58196194e-175	4.85828092e-195	5.01691580e-215	4.10784885e-235	
4.5	6.01721399e-004	5.96241841e-001	4.02328573e-001	8.27858538e-004	6.66512119e-009	5.29220513e-019	6.44369308e-038	5.54964523e-057	3.09172436e-076	1.27446488e-095	3.68299874e-115	7.97323940e-135	1.27796753e-154	1.40451426e-174	1.93445942e-194	2.02733147e-214	1.68383013e-234	
4.51	5.49923374e-004	5.57839202e-001	4.40451868e-001	1.15899296e-003	1.30122626e-008	1.80867705e-018	2.23837859e-037	1.96056634e-056	1.10985924e-075	4.65057295e-095	1.35810909e-114	2.96032672e-134	4.78963017e-154	5.29135660e-174	7.40070576e-194	7.87150019e-214	6.63198263e-234	
4.52	5.00920519e-004	5.19890987e-001	4.78012169e-001	1.59589816e-003	2.48059120e-008	5.96115715e-018	7.49878250e-037	6.68042984e-056	3.84286116e-075	1.63679238e-094	4.82858099e-114	1.05938722e-133	1.72887789e-153	1.91848141e-173	2.72480600e-193	2.94131629e-213	2.51373070e-233	
4.53	4.54883599e-004	4.82782795e-001	5.14598703e-001	2.16357251e-003	4.62321102e-008	1.89768409e-017	2.42645777e-036	2.19827665e-055	1.28501587e-074	5.56356181e-094	1.65740044e-113	3.65880139e-133	6.01806239e-153	6.70267346e-173	9.66736397e-193	1.05910056e-212	9.18162598e-233	
4.54	4.11877307e-004	4.46861247e-001	5.49835985e-001	2.89080688e-003	8.43512204e-008	5.84502308e-017	7.59675996e-036	6.99968669e-055	4.15781805e-074	1.82986447e-093	5.50268982e-113	1.22192388e-132	2.02395753e-152	2.26079882e-172	3.31140981e-192	3.68192157e-212	3.23799277e-232	
4.55	3.71919448e-004	4.12387184e-001	5.83430213e-001	3.81053207e-003	1.50818893e-007	1.74423839e-016	3.28624625e-027	3.07960477e-046	1.85876676e-065	8.31514163e-085	2.52325716e-104	5.63440849e-124	9.39036781e-144	1.05122334e-163	1.56364565e-183	1.76453834e-203	1.57407524e-223	
4.56	3.35008980e-004	3.79576228e-001	6.15128686e-001	4.95981265e-003	2.64596783e-007	5.05081026e-016	1.88331159e-026	1.79482664e-045	1.10078297e-064	5.00537911e-084	1.53219637e-103	3.43950518e-123	5.76266659e-143	6.46067827e-163	9.75933274e-183	1.11775389e-202	1.01154198e-222	
4.57	3.01041242e-004	3.48536126e-001	6.44782410e-001	6.37996667e-003	4.55946035e-007	1.42110093e-015	1.03317700e-025	1.00143162e-044	6.24100474e-064	2.88454647e-083	8.90429532e-103	2.00895592e-122	3.38071473e-142	3.79322831e-162	5.81908432e-182	6.76425346e-202	6.20972501e-222	
4.58	2.69941378e-004	3.19376527e-001	6.72235604e-001	8.11715619e-003	7.72388374e-007	3.88977776e-015	5.43422452e-025	5.35708253e-044	3.39249100e-063	1.59376632e-082	4.95944213e-102	1.12433510e-121	1.89866947e-141	2.13060739e-161	3.31937525e-181	3.91620488e-201	3.64705241e-221	
4.59	2.41598638e-004	2.92118303e-001	6.97416211e-001	1.02226001e-002	1.28767606e-006	1.03709908e-014	2.74452223e-024	2.75151107e-043	1.77059914e-062	8.45477577e-082	2.65131417e-101	6.03833965e-121	1.02233842e-140	1.14664635e-160	1.81422773e-180	2.17244163e-200	2.05218367e-220	
4.6	2.15838226e-004	2.66734512e-001	7.20294871e-001	1.27526650e-002	2.11433697e-006	2.69633648e-014	1.33305113e-023	1.35918832e-042	8.88765002e-062	4.31355563e-081	1.36272055e-100	3.11721235e-120	5.28663650e-140	5.92293770e-160	9.51735847e-180	1.15670375e-199	1.10848467e-219	
4.61	1.92507212e-004	2.43217424e-001	7.40818419e-001	1.57682274e-002	3.42210998e-006	6.84314674e-014	6.23468970e-023	6.46517313e-042	4.29579610e-061	2.11907858e-080	6.74221629e-100	1.54879544e-119	2.62873050e-139	2.94024999e-159	4.79837128e-179	5.91909220e-199	5.75451312e-219	
4.62	1.71444883e-004	2.21485335e-001	7.59002441e-001	1.93353158e-002	5.46305314e-006	1.69684859e-013	2.81127685e-022	2.96479387e-041	2.00161617e-060	1.00346727e-079	3.21459275e-099	7.41458368e-119	1.25833000e-138	1.40438616e-158	2.32768614e-178	2.91434349e-198	2.87410600e-218	
4.63	1.52461227e-004	2.01456336e-001	7.74859131e-001	2.35234637e-002	8.60760452e-006	4.11474742e-013	1.22371371e-021	1.31250465e-040	9.00394216e-060	4.58729476e-079	1.47915221e-098	3.42515275e-118	5.80721376e-138	6.46409511e-158	1.08812159e-177	1.38279526e-197	1.38345932e-217	
4.64	1.35667031e-004	1.83408535e-001	7.88042544e-001	2.83998641e-002	1.33900454e-005	9.76257931e-013	5.14582396e-021	5.61311586e-040	3.91266964e-059	2.02571558e-078	6.57294389e-098	1.52788096e-117	2.58572824e-137	2.86933312e-157	4.90551379e-177	6.32740918e-197	6.42200532e-217	
4.65	1.21179898e-004	1.67666344e-001	7.98177230e-001	3.40146858e-002	2.05605273e-005	2.26635600e-012	2.09111174e-020	2.31979736e-039	1.64291598e-058	8.64328693e-078	2.82156071e-097	6.58335638e-117	1.11120877e-136	1.22880546e-156	2.13371324e-176	2.79351310e-196	2.87629281e-216	
4.66	1.08123880e-004	1.53155918e-001	8.06226777e-001	4.04779656e-002	3.12158149e-005	5.15778356e-012	8.22979360e-020	9.28514294e-039	6.68140098e-058	3.57141382e-077	1.17264704e-096	2.74611737e-116	4.61936040e-136	5.08869031e-156	8.97444589e-176	1.19258570e-195	1.24570245e-215	
4.67	9.63471575e-005	1.39776148e-001	8.12201255e-001	4.78793644e-002	4.68850953e-005	1.15152066e-011	3.13998875e-019	3.60288777e-038	2.63407499e-057	1.43039641e-076	4.72311841e-096	1.11006825e-115	1.85953540e-135	2.04003796e-155	3.65421384e-175	4.92893501e-195	5.22304466e-215	
4.68	8.57461422e-005	1.27446925e-001	8.16098761e-001	5.62988889e-002	6.96785294e-005	2.52316278e-011	1.16230163e-018	1.35630791e-037	1.00743364e-056	5.55733475e-076	1.84500340e-095	4.35183367e-115	7.25462795e-135	7.92396530e-155	1.44163837e-174	1.97376557e-194	2.12184944e-214	
4.69	7.62053656e-005	1.16088593e-001	8.17911975e-001	6.58207301e-002	1.02496824e-004	5.42881959e-011	4.17683452e-018	4.95684340e-037	3.74044929e-056	2.09548980e-075	6.99359143e-095	1.65548383e-114	2.74454787e-134	2.98398263e-154	5.51415066e-174	7.66301268e-194	8.35734053e-214	
4.7	6.76400800e-005	1.05644311e-001	8.17615564e-001	7.65232174e-002	1.49267510e-004	1.14750648e-010	1.45838164e-017	1.76011880e-036	1.34916358e-055	7.67529627e-075	2.57465240e-094	6.11629030e-114	1.00779211e-133	1.09049527e-153	2.04680219e-173	2.88725252e-193	3.19453483e-213	
4.71	5.99393589e-005	9.60167301e-002	8.15227950e-001	8.84801107e-002	2.15269557e-004	2.38364914e-010	4.95019576e-017	6.07579811e-036	4.73045633e-055	2.73199904e-074	9.21012385e-094	2.19581438e-113	3.59398069e-133	3.86990491e-153	7.37771173e-173	1.05637339e-192	1.18576395e-212	
4.72	5.30334806e-005	8.71644667e-002	8.10721183e-001	1.01753844e-001	3.07471535e-004	4.86776516e-010	1.63458298e-016	2.04027034e-035	1.61337208e-054	9.45649191e-074	3.20352719e-093	7.66504089e-113	1.24559873e-132	1.33453194e-152	2.58424882e-172	3.75601184e-192	4.27723579e-212	
4.73	4.68396562e-005	7.90171711e-002	8.04105617e-001	1.16395326e-001	4.35045732e-004	9.77622216e-010	5.25322993e-016	6.66805860e-035	5.35501012e-054	3.18466257e-073	1.08399284e-092	2.60306136e-112	4.19787670e-132	4.47491893e-152	8.80179172e-172	1.29856327e-191	1.50024062e-211	
4.74	4.12921095e-005	7.15218994e-002	7.95386752e-001	1.32440228e-001	6.09826515e-004	1.93151216e-009	1.64424177e-015	2.12236908e-034	1.73070952e-053	1.04391671e-072	3.56992241e-092	8.60408862e-112	1.37647799e-131	1.45989647e-151	2.91675952e-171	4.36810663e-191	5.11985493e-211	
4.75	3.63306987e-005	6.46381439e-002	7.84578534e-001	1.49900011e-001	8.46977268e-004	3.75498499e-009	5.01421018e-015	6.58153753e-034	5.44874371e-053	3.33215736e-072	1.14471722e-091	2.76909751e-111	4.39309174e-131	4.63582345e-151	9.40806383e-171	1.43018817e-190	1.70068158e-210	
4.76	3.18969597e-005	5.83085855e-002	7.71702841e-001	1.68790846e-001	1.16582388e-003	7.18590716e-009	1.49075132e-014	1.98965809e-033	1.67184110e-052	1.03602968e-071	3.57535177e-091	8.68119890e-111	1.36539775e-130	1.43365402e-150	2.95543923e-170	4.56065188e-190	5.50211955e-210	
4.77	2.79427714e-005	5.25043072e-002	7.56824871e-001	1.89052660e-001	1.59020519e-003	1.35381290e-008	4.32240228e-014	5.86581571e-033	5.00197468e-052	3.13938033e-071	1.08824887e-090	2.65226016e-110	4.13465971e-130	4.31998716e-150	9.04614628e-170	1.41702506e-189	1.73440357e-209	
4.78	2.44228864e-005	4.71833357e-002	7.40005964e-001	2.10636274e-001	2.14997850e-003	2.51201177e-008	1.22295501e-013	1.68739309e-032	1.45980888e-051	9.27392720e-071	3.22897086e-090	7.89942964e-110	1.22036608e-129	1.26892795e-149	2.69915756e-169	4.29200732e-189	5.32976607e-209	
4.79	2.12913587e-005	4.23100505e-002	7.21336059e-001	2.33451761e-001	2.88079152e-003	4.59045273e-008	3.37737365e-013	4.73764680e-032	4.15692445e-051	2.67103030e-070	9.34057315e-090	2.29385392e-109	3.51134128e-129	3.63395078e-149	7.85226728e-169	1.26749645e-188	1.59688616e-208	
4.8	1.85188624e-005	3.78569503e-002	7.00901793e-001	2.57395707e-001	3.82694812e-003	8.26618441e-008	9.11029218e-013	1.29911335e-031	1.15558917e-050	7.50480045e-070	2.63566779e-089	6.49739378e-109	9.85424096e-129	1.01522083e-148	2.22841395e-168	3.65146154e-188	4.66741854e-208	
4.81	1.60687483e-005	3.37918840e-002	6.78861875e-001	2.82290763e-001	5.03926311e-003	1.46643891e-007	2.40033350e-012	3.47919801e-031	3.13639052e-050	2.05691928e-069	7.25467951e-089	1.79522395e-108	2.69751612e-128	2.76696699e-148	6.16965526e-168	1.02627464e-187	1.33094015e-207	
4.82	1.39142059e-005	3.01112111e-002	6.55804068e-001	3.07500953e-001	6.56959794e-003	2.56088848e-007	6.17338170e-012	9.09428376e-031	8.30376531e-050	5.49445200e-069	1.94590310e-088	4.83358116e-108	7.19582736e-128	7.35033133e-148	1.66496734e-167	2.81149501e-187	3.69928686e-207	
4.83	1.20161222e-005	2.67684718e-002	6.31518967e-001	3.33208807e-001	8.49129704e-003	4.40852186e-007	1.55227558e-011	2.32373105e-030	2.14822137e-049	1.43262512e-068	5.09450276e-088	1.27019616e-107	1.87352856e-127	1.90620085e-147	4.38630596e-167	7.51903793e-187	1.00376968e-206	
4.84	1.03486461e-005	2.37381819e-002	6.06157763e-001	3.59209917e-001	1.08830406e-002	7.48291174e-007	3.81786099e-011	5.80680932e-030	5.43098515e-049	3.64618003e-068	1.30174224e-087	3.25753170e-107	4.76101154e-127	4.82596908e-147	1.12814276e-166	1.96321655e-186	2.65910409e-206	
4.85	8.89465094e-006	2.10154117e-002	5.79890642e-001	3.85249711e-001	1.38340875e-002	1.25293041e-006	9.19022257e-011	1.41988761e-029	1.34281030e-048	9.06508000e-068	3.24878328e-087	8.15908203e-107	1.18173921e-126	1.19367597e-146	2.83472885e-166	5.00791246e-186	6.88202570e-206	
4.86	7.65024612e-006	1.86232076e-002	5.52884222e-001	4.11041390e-001	1.74414609e-002	2.06962064e-006	2.16588632e-010	3.39832164e-029	3.24701093e-048	2.20121411e-067	7.91775156e-087	1.99540110e-106	2.86444510e-126	2.88399861e-146	6.95777710e-166	1.24783032e-185	1.73986381e-205	
4.87	6.56090938e-006	1.64604614e-002	5.25380291e-001	4.36336692e-001	2.18126206e-002	3.37350468e-006	4.99920891e-010	7.96382086e-029	7.68115438e-048	5.22207790e-067	1.88488645e-086	4.76595222e-106	6.78214968e-126	6.80808850e-146	1.66864914e-165	3.03810564e-185	4.29796942e-205	
4.88	5.60994851e-006	1.45097481e-002	4.97560948e-001	4.60856185e-001	2.70620807e-002	5.42757378e-006	1.13061863e-009	1.82803057e-028	1.77823986e-047	1.21059286e-066	4.38366477e-086	1.11187155e-105	1.56877820e-125	1.57050576e-145	3.91062191e-165	7.22823908e-185	1.03752642e-204	
4.89	4.78258240e-006	1.27556698e-002	4.69623391e-001	4.84299122e-001	3.33084132e-002	8.61966624e-006	2.50613556e-009	4.11111476e-028	4.02971453e-047	2.74279508e-066	9.96076074e-086	2.53383550e-105	3.54541263e-125	3.54080958e-145	8.95727190e-165	1.68082263e-184	2.44793067e-204	
4.9	4.06464568e-006	1.11820156e-002	4.41749756e-001	5.06375197e-001	4.06754457e-002	1.35154882e-005	5.44599736e-009	9.06035362e-028	8.93790433e-047	6.07277098e-066	2.21101398e-085	5.63933475e-105	7.82719125e-125	7.79989163e-145	2.00464973e-164	3.81896237e-184	5.64325857e-204	
4.91	3.44385283e-006	9.77450983e-003	4.14082800e-001	5.26825137e-001	4.92931649e-002	2.09327417e-005	1.16109379e-008	1.95813172e-027	1.94201301e-046	1.31501423e-065	4.79792115e-085	1.22661924e-104	1.68918591e-124	1.68011330e-144	4.38694787e-164	8.48457184e-184	1.27212604e-203	
4.92	2.90869728e-006	8.51953602e-003	3.86803245e-001	5.45367223e-001	5.92750457e-002	3.20172846e-005	2.42825349e-008	4.14901667e-027	4.13125228e-046	2.78330006e-065	1.01717650e-084	2.60573958e-104	3.56126171e-124	3.53650616e-144	9.38189724e-164	1.84215226e-183	2.80247708e-203	
4.93	2.44928438e-006	7.40433072e-003	3.60066191e-001	5.61736603e-001	7.07419896e-002	4.83864212e-005	4.98515483e-008	8.62483534e-027	8.61191746e-046	5.76279274e-065	2.10836452e-084	5.41008575e-104	7.34008866e-124	7.27966742e-144	1.96206874e-163	3.91130838e-183	6.03755365e-203	
4.94	2.05574567e-006	6.41601726e-003	3.33998845e-001	5.75725374e-001	8.37853643e-002	7.22432994e-005	1.00468097e-007	1.75889525e-026	1.75854354e-045	1.16683932e-064	4.27100776e-084	1.09732484e-103	1.47835643e-123	1.46473440e-143	4.01110278e-163	8.11799793e-183	1.27147680e-202	
4.95	1.71991046e-006	5.54270693e-003	3.08710636e-001	5.87120646e-001	9.85174705e-002	1.06621392e-004	1.98900326e-007	3.52104526e-026	3.51998927e-045	2.31197981e-064	8.46042307e-084	2.17547521e-103	2.91115257e-123	2.88232928e-143	8.01961347e-163	1.64782064e-182	2.61874744e-202	
4.96	1.43404778e-006	4.77328046e-003	2.84302007e-001	5.95766626e-001	1.15000703e-001	1.55561667e-004	3.86905935e-007	6.92028001e-026	6.90715641e-045	4.48312872e-064	1.63881003e-083	4.21537163e-103	5.60442948e-123	5.54674335e-143	1.56802831e-162	3.27115534e-182	5.27495096e-202	
4.97	1.19190021e-006	4.09830256e-003	2.60885700e-001	6.01539064e-001	1.33250663e-001	2.24339454e-004	7.39498138e-007	1.33521981e-025	1.32844474e-044	8.50640160e-064	3.10361997e-083	7.98174047e-103	1.05465579e-122	1.04369697e-142	2.99783705e-162	6.34946637e-182	1.03892047e-201	
4.98	9.87261779e-007	3.50758994e-003	2.38533802e-001	6.04364718e-001	1.53271623e-001	3.19890195e-004	1.38934701e-006	2.52999547e-025	2.50519405e-044	1.58006562e-063	5.74841061e-083	1.47732276e-102	1.94052642e-122	1.92074277e-142	5.60555310e-162	1.20541752e-181	2.00132411e-201	
4.99	8.15041141e-007	2.99255534e-003	2.17292289e-001	6.04231724e-001	1.75029011e-001	4.51039040e-004	2.56665818e-006	4.70894614e-025	4.63342137e-044	2.87415258e-063	1.04154832e-082	2.67331002e-102	3.49182985e-122	3.45794202e-142	1.02539573e-161	2.23875754e-181	3.77161890e-201	
5	6.70586742e-007	2.54503053e-003	1.97224929e-001	6.01139512e-001	1.98456158e-001	6.29036471e-004	4.66373411e-006	8.61134848e-025	8.40541579e-044	5.12057008e-063	1.84631502e-082	4.73013866e-102	6.14551138e-122	6.09009155e-142	1.83497290e-161	4.06759376e-181	6.95338945e-201	
5.01	5.49888178e-007	2.15757729e-003	1.78361605e-001	5.95168526e-001	2.23435614e-001	8.67791356e-004	8.33712939e-006	1.54752374e-024	1.49620394e-043	8.93949898e-063	3.20320302e-082	8.18605422e-102	1.05816293e-121	1.04976481e-141	3.21392649e-161	7.23352274e-181	1.25475251e-200	
5.02	4.50727294e-007	1.82867190e-003	1.60728463e-001	5.86442492e-001	2.49800879e-001	1.18437742e-003	1.46660840e-005	2.73330301e-024	2.61335024e-043	1.52943772e-062	5.43954804e-082	1.38583680e-101	1.78279363e-121	1.77110435e-141	5.50973509e-161	1.25908023e-180	2.21618332e-200	
5.03	3.68288136e-007	1.54528100e-003	1.44311592e-001	5.75131332e-001	2.77386316e-001	1.59971141e-003	2.53998508e-005	4.74674843e-024	4.48144678e-043	2.56595865e-062	9.04589525e-082	2.29608733e-101	2.94034669e-121	2.92600925e-141	9.24927848e-161	2.14600429e-180	3.83297187e-200	
5.04	2.99870402e-007	1.30183497e-003	1.29121417e-001	5.61427117e-001	3.05967131e-001	2.13887326e-003	4.33261895e-005	8.10850776e-024	7.54771271e-043	4.22391444e-062	1.47405843e-081	3.72528604e-101	4.75012564e-121	4.73591789e-141	1.52118906e-160	3.58365307e-180	6.49506674e-200	
5.05	2.43252048e-007	1.09345370e-003	1.15135591e-001	5.45576806e-001	3.35290298e-001	2.83081741e-003	7.27906028e-005	1.89677072e-015	1.73824296e-034	9.49911449e-054	3.27691268e-073	8.24028135e-093	1.04646466e-112	1.04573265e-132	3.41318836e-152	8.16435048e-172	1.50154497e-191	
5.06	1.96743020e-007	9.15839459e-004	1.02332199e-001	5.27860512e-001	3.65060395e-001	3.71032858e-003	1.20528863e-004	6.14865484e-015	5.54032694e-034	2.95405329e-053	1.00590911e-072	2.51533873e-092	3.18212020e-112	3.18776254e-132	1.05730101e-151	2.56788509e-171	4.79243979e-191	
5.07	1.58648842e-007	7.64874458e-004	9.06556456e-002	5.08544324e-001	3.95020969e-001	4.81728141e-003	1.96747468e-004	1.93282054e-014	1.71030930e-033	8.89165220e-053	2.98447696e-072	7.41650794e-092	9.34881438e-112	9.39173461e-132	3.16539758e-151	7.80596675e-171	1.47831880e-190	
5.08	1.27569986e-007	6.37081120e-004	8.00651924e-002	4.87901084e-001	4.24883457e-001	6.19636775e-003	3.16690020e-004	5.89484624e-014	5.11616581e-033	2.59203861e-052	8.56334404e-072	2.11351878e-091	2.65520770e-111	2.67564967e-131	9.16412532e-151	2.29470285e-170	4.41000664e-190	
5.09	1.02309054e-007	5.29301008e-004	7.05045394e-002	4.66247442e-001	4.54316293e-001	7.89937338e-003	5.02949230e-004	1.74620453e-013	1.48486780e-032	7.32797610e-052	2.37952205e-071	5.82959001e-091	7.30049342e-111	7.38161740e-131	2.56912759e-150	6.53206781e-170	1.27387870e-189	
5.1	8.18370765e-008	4.38653984e-004	6.19072290e-002	4.43829258e-001	4.83054958e-001	9.98160296e-003	7.88216117e-004	5.02565048e-013	4.18316171e-032	2.01026561e-051	6.40701687e-071	1.55721779e-090	1.94435914e-110	1.97316738e-130	6.97898129e-150	1.80177139e-169	3.56574587e-189	
5.11	6.53002867e-008	3.62680795e-004	5.42120838e-002	4.20946027e-001	5.10754116e-001	1.25056312e-002	1.21939592e-003	1.40638517e-012	1.14479867e-031	5.35603384e-051	1.67328996e-070	4.03250985e-090	5.02111772e-110	5.11565502e-130	1.83870858e-149	4.82006078e-169	9.68019757e-189	
5.12	5.19775682e-008	2.99163875e-004	4.73439557e-002	3.97786844e-001	5.37168848e-001	1.55381736e-002	1.86296271e-003	3.82935074e-012	3.04642064e-031	1.38744849e-050	4.24335103e-070	1.01350698e-089	1.25871779e-109	1.28784894e-129	4.70412732e-149	1.25219669e-168	2.55201397e-188	
5.13	4.12796369e-008	2.46237007e-004	4.12425011e-002	3.74578341e-001	5.61973654e-001	1.91481754e-002	2.81104982e-003	1.01510827e-011	7.88678633e-031	3.49653588e-050	1.04558353e-069	2.47387562e-089	3.06506544e-109	3.15018339e-129	1.16937651e-148	3.16073334e-168	6.53705889e-188	
5.14	3.27053983e-008	2.02208245e-004	3.58319465e-002	3.51482661e-001	5.84867148e-001	2.34227919e-002	4.19321176e-003	2.62290283e-011	1.98930818e-030	8.58607699e-050	2.50761594e-069	5.87511350e-089	7.26300021e-109	7.50054238e-129	2.82964590e-148	7.76649805e-168	1.63007620e-187	
5.15	2.58571120e-008	1.65710758e-004	3.10479051e-002	3.28641950e-001	6.05537653e-001	2.84261432e-002	6.18061182e-003	6.60536890e-011	4.34796831e-021	1.82733812e-040	5.20683321e-060	1.20754962e-079	1.48975366e-099	1.54630192e-119	5.92838982e-139	1.65228256e-158	3.51931364e-178	
5.16	2.04049929e-008	1.35642894e-004	2.68121273e-002	3.05976547e-001	6.23838703e-001	3.42324895e-002	9.00446949e-003	1.62232029e-010	1.94929050e-020	7.97908513e-040	2.21604320e-059	5.08570064e-079	6.26248401e-099	6.53512962e-119	2.54641896e-138	7.20671013e-158	1.55776974e-177	
5.17	1.60519397e-008	1.10688122e-004	2.30752712e-002	2.83641419e-001	6.39302876e-001	4.09038400e-002	1.29658893e-002	3.88739205e-010	8.40644425e-020	3.35252014e-039	9.06797257e-059	2.05875053e-078	2.53082539e-098	2.65594705e-118	1.05177691e-137	3.02269488e-157	6.63075259e-177	
5.18	1.25864866e-008	9.00346922e-005	1.97893640e-002	2.61806224e-001	6.51405299e-001	4.84658280e-002	1.84432362e-002	9.08601952e-010	3.48769411e-019	1.35570789e-038	3.56859143e-058	8.01336409e-078	9.83560700e-098	1.03832179e-117	4.17902999e-137	1.21958501e-156	2.71507605e-176	
5.19	9.83304829e-009	7.29722803e-005	1.69044019e-002	2.40538112e-001	6.59637850e-001	5.69334994e-002	2.59131519e-002	2.07196702e-009	1.39296330e-018	5.28017627e-038	1.35170782e-057	3.00159399e-077	3.67910032e-097	3.90815742e-117	1.59862454e-136	4.73764794e-156	1.07036463e-175	
5.2	7.64772082e-009	5.88825305e-005	1.43721011e-002	2.19834445e-001	6.63527343e-001	6.62667016e-002	3.59405143e-002	4.60892260e-009	5.35761673e-018	1.98136714e-037	4.93049106e-057	1.08255375e-076	1.32531096e-096	1.41700538e-116	5.89117938e-136	1.77295636e-155	4.06520156e-175	
5.21	5.91903596e-009	4.72833562e-005	1.21558468e-002	1.99721016e-001	6.62517313e-001	7.63768520e-002	4.91816724e-002	9.99898714e-009	1.98445062e-017	3.47576189e-028	8.40388281e-048	1.82435316e-067	2.23113340e-087	2.40172815e-107	1.01484330e-126	3.10150453e-146	7.21716510e-166	
5.22	4.55454759e-009	3.77506561e-005	1.02195972e-002	1.80202297e-001	6.56004267e-001	8.70895611e-002	6.64465008e-002	2.11768249e-008	7.08876877e-017	2.27795069e-027	5.34993939e-047	1.14822814e-066	1.40301582e-086	1.52099977e-106	6.53238176e-126	2.02736779e-145	4.78785139e-165	
5.23	3.47970263e-009	2.99270180e-005	8.52858366e-003	1.61283197e-001	6.43491454e-001	9.81565716e-002	8.85102194e-002	4.37407781e-008	2.44042717e-016	1.41971971e-026	3.23811629e-046	6.87118849e-066	8.39003687e-086	9.16282995e-106	3.99983846e-125	1.26062544e-144	3.02141610e-164	
5.24	2.63715079e-009	2.35347250e-005	7.05830486e-003	1.43049482e-001	6.24636059e-001	1.09229326e-001	1.16003203e-001	8.79600099e-008	8.08561285e-016	8.40514410e-026	1.86156322e-045	3.90575977e-065	4.76660943e-085	5.24558368e-105	2.32743974e-124	7.44947584e-144	1.81208364e-163	
5.25	1.98027117e-009	1.83385239e-005	5.78611117e-003	1.25570567e-001	5.99316846e-001	1.19879095e-001	1.49428868e-001	1.72081672e-007	2.57719448e-015	4.72661448e-025	5.01653221e-037	1.04079591e-056	1.26974333e-076	1.40846283e-096	6.35186631e-116	2.06464044e-135	5.09699666e-155	
5.26	1.47129516e-009	1.41388346e-005	4.69196257e-003	1.08971220e-001	5.67722837e-001	1.29619530e-001	1.88979984e-001	3.27256526e-007	7.89925080e-015	2.52462395e-024	5.11631951e-036	1.04984600e-055	1.28058111e-075	1.43222510e-095	6.56532249e-115	2.16720225e-134	5.43008756e-154	
5.27	1.08042112e-009	1.07761158e-005	3.76010366e-003	9.33873960e-002	5.30466936e-001	1.37947312e-001	2.34426870e-001	6.04611353e-007	2.32732769e-014	1.28069784e-023	4.88251110e-035	9.91070964e-055	1.20893273e-074	1.36366816e-094	6.35387269e-114	2.13002772e-133	5.41661001e-153	
5.28	7.84362022e-010	8.12032344e-006	2.97642475e-003	7.89965791e-002	4.88563046e-001	1.44406215e-001	2.85048529e-001	1.08479851e-006	6.59090612e-014	6.17154445e-023	4.36198704e-034	8.76059336e-054	1.06887341e-073	1.21634281e-093	5.76083552e-113	1.96133580e-132	5.06203429e-152	
5.29	5.62418779e-010	6.04373406e-006	2.32571635e-003	6.59233988e-002	4.43398928e-001	1.48666365e-001	3.39677658e-001	1.89042378e-006	1.79505700e-013	2.82775743e-022	3.65346347e-033	7.26204748e-053	8.86415483e-073	1.01794403e-092	4.90055859e-112	1.69440516e-131	4.43852038e-151	
5.3	3.98305151e-010	4.44280424e-006	1.79441471e-003	5.42855690e-002	3.96608569e-001	1.50540265e-001	3.96763538e-001	3.20092790e-006	4.70412242e-013	1.23287167e-021	2.87218456e-032	1.56272568e-044	1.90871921e-064	2.21262298e-084	1.08281441e-103	3.80241744e-123	1.01093171e-142	
5.31	2.78789632e-010	3.22783180e-006	1.36800584e-003	4.41398495e-002	3.49862578e-001	1.50051341e-001	4.54569726e-001	5.27140332e-006	1.18773391e-012	5.12289128e-021	2.12335370e-031	2.25763579e-043	2.75984473e-063	3.23045783e-083	1.60703305e-102	5.73121629e-122	1.54651132e-141	
5.32	1.92957336e-010	2.31897123e-006	1.03108080e-003	3.54619651e-002	3.04720931e-001	1.47391403e-001	5.11383846e-001	8.45506262e-006	2.89399944e-012	2.03255995e-020	1.47963626e-030	3.02903489e-042	3.70682848e-062	4.38247458e-082	2.21616920e-101	8.02698104e-121	2.19845011e-140	
5.33	1.32150321e-010	1.64853913e-006	7.68721625e-004	2.81705694e-002	2.62400461e-001	1.42885309e-001	5.65760059e-001	1.32304185e-005	6.81828077e-012	7.71782152e-020	9.74409093e-030	3.78539101e-041	4.63850481e-061	5.54063023e-081	2.84821376e-100	1.04775374e-119	2.91261151e-139	
5.34	8.98023023e-011	1.16281608e-006	5.68542781e-004	2.21883048e-002	2.23799784e-001	1.36939421e-001	6.16482551e-001	2.02339453e-005	1.55647979e-011	2.81110029e-019	6.08016505e-029	4.41950526e-040	5.42397033e-060	6.54776287e-080	3.42169882e-099	1.27837511e-118	3.60694970e-138	
5.35	6.05915219e-011	8.14397836e-007	4.17406500e-004	1.73376940e-002	1.89161089e-001	1.30018459e-001	6.63034219e-001	3.03176542e-005	3.45149758e-011	9.84878585e-019	3.60629888e-028	4.83765014e-039	5.94788175e-059	7.25873708e-079	3.85610767e-098	1.46325188e-117	4.19041747e-137	
5.36	4.07052085e-011	5.67897575e-007	3.05044212e-004	1.34779186e-002	1.58888167e-001	1.22490091e-001	7.04793639e-001	4.45722977e-005	7.44821641e-011	3.32593827e-018	2.03792486e-027	4.97805861e-038	2.16449597e-050	2.67119494e-070	1.44256356e-089	5.55965451e-109	1.61608468e-128	
5.37	2.72754893e-011	3.94945506e-007	2.22268878e-004	1.04402813e-002	1.32862169e-001	1.14685297e-001	7.41725165e-001	6.44232539e-005	1.56760200e-010	1.08525964e-017	1.10029309e-026	4.83041072e-037	4.08244806e-049	5.09624385e-069	2.79798169e-088	1.09522906e-107	3.23143146e-127	
5.38	1.82539128e-011	2.74354174e-007	1.61738636e-004	8.07230438e-003	1.10780470e-001	1.06896561e-001	7.73996946e-001	9.17054742e-005	3.22412998e-010	3.42914099e-017	5.68987948e-026	4.43240238e-036	7.17642209e-048	9.06457256e-068	5.05948457e-087	2.01156352e-106	6.02408817e-126	
5.39	1.22190566e-011	1.90678934e-007	1.17718745e-004	6.23921951e-003	9.22369825e-002	9.93360188e-002	8.01941120e-001	1.28749171e-004	6.49024344e-010	1.05114308e-016	2.82399912e-025	3.85533989e-035	1.17891943e-046	1.50716487e-066	8.55226052e-086	3.45350530e-105	1.04979339e-124	
5.4	8.19502309e-012	1.32787849e-007	8.57836860e-005	4.82570665e-003	7.67858930e-002	9.21466501e-002	8.25977285e-001	1.78547622e-004	1.28096195e-009	3.13184170e-016	1.34820471e-024	3.18662553e-034	1.81505992e-045	2.34928802e-065	1.35530634e-084	5.55886282e-104	1.71516903e-123	
5.41	5.51054738e-012	9.27071348e-008	6.26543595e-005	3.73907847e-003	6.39722560e-002	8.54182151e-002	8.46562839e-001	2.44861461e-004	2.48224621e-009	9.08403678e-016	6.20297478e-024	2.50860141e-033	2.62574870e-044	3.44184444e-064	2.01867709e-083	8.40975291e-103	2.63389173e-122	
5.42	3.71803902e-012	6.49398153e-008	4.59027594e-005	2.90456169e-003	5.33855282e-002	7.91974899e-002	8.64134040e-001	3.32408204e-004	4.72803417e-009	2.56869123e-015	2.75489640e-023	1.88439324e-032	3.57690242e-043	4.74969780e-063	2.83225868e-082	1.19843383e-101	3.80999470e-121	
