4	2.25259016e-001	7.74674550e-001	6.64338278e-005	1.61000964e-023	2.29509571e-042	1.91257976e-061	9.06435905e-081	3.02145302e-100	7.02663492e-120	1.81412101e-140	2.35597072e-160	1.64753197e-180	1.51958308e-200	1.06108727e-220	5.84202647e-241	
4.01	1.88289991e-001	8.11603660e-001	1.06349188e-004	2.56071821e-023	3.71420023e-042	3.14789409e-061	1.51669192e-080	5.13801932e-100	1.21397300e-119	3.16443709e-140	4.17775046e-160	2.97730221e-180	2.78721420e-200	1.97450708e-220	1.10246068e-240	
4.02	1.56822711e-001	8.43010351e-001	1.66937556e-004	3.97963087e-023	5.87338706e-042	5.06282825e-061	2.47983359e-080	8.53760789e-100	2.04940298e-119	5.39401743e-140	7.23922298e-160	5.25800623e-180	4.99667987e-200	3.59111677e-220	2.03347496e-240	
4.03	1.30315465e-001	8.69427144e-001	2.57391496e-004	6.05171391e-023	9.08815856e-042	7.96787530e-061	3.96767020e-080	1.38826809e-099	3.38568942e-119	8.99755354e-140	1.22756406e-159	9.08633649e-180	8.76467299e-200	6.39104054e-220	3.67005888e-240	
4.04	1.08188619e-001	8.91421086e-001	3.90295059e-004	9.01332638e-023	1.37734205e-041	1.22812488e-060	6.21740939e-080	2.21087028e-099	5.47787482e-119	1.46989959e-139	2.03863914e-159	1.53789917e-179	1.50582510e-199	1.11402315e-219	6.48781757e-240	
4.05	8.98181287e-002	9.09599165e-001	5.82706740e-004	1.31607810e-022	2.04649132e-041	1.85605960e-060	9.55254555e-080	3.45218660e-099	8.69021172e-119	2.35443287e-139	3.31951565e-159	2.55209937e-179	2.53662595e-199	1.90394502e-219	1.12453194e-239	
4.06	7.46310482e-002	9.24511655e-001	8.57297198e-004	1.88516404e-022	2.98299609e-041	2.75158758e-060	1.43964191e-079	5.28755245e-099	1.35228062e-118	3.69920292e-139	5.30184447e-159	4.15407386e-179	4.19125025e-199	3.19163132e-219	1.91184337e-239	
4.07	6.21095968e-002	9.36646584e-001	1.24381936e-003	2.65071042e-022	4.26824858e-041	4.00436118e-060	2.12997935e-079	7.95035404e-099	2.06572454e-118	5.70531814e-139	8.31242809e-159	6.63719905e-179	6.79790144e-199	5.25218376e-219	3.19068329e-239	
4.08	5.18020146e-002	9.46417283e-001	1.78070218e-003	3.66090783e-022	5.99883303e-041	5.72407732e-060	3.09526703e-079	1.17418422e-098	3.09958350e-118	8.64308600e-139	1.28009686e-158	1.04174549e-178	1.08310944e-198	8.49031467e-219	5.23092519e-239	
4.09	4.33145632e-002	9.54168729e-001	2.51670777e-003	4.96872276e-022	8.28562361e-041	8.04039166e-060	4.42022631e-079	1.70415079e-098	4.57048433e-118	1.28662679e-138	1.93707831e-158	1.60646733e-178	1.69555162e-198	1.34856567e-218	8.42642883e-239	
4.1	3.63250004e-002	9.60162400e-001	3.51259974e-003	6.63042404e-022	1.12519287e-040	1.11053383e-059	6.20652672e-079	2.43183399e-098	6.62625067e-118	1.88304603e-138	2.88183102e-158	2.43583047e-178	2.60988360e-198	2.10610362e-218	1.33466642e-238	
4.11	3.05635402e-002	9.64594518e-001	4.84194136e-003	8.70148506e-022	1.50279525e-040	1.50858823e-059	8.57152403e-079	3.41318203e-098	9.44877786e-118	2.71057055e-138	4.21675230e-158	3.63231312e-178	3.95091490e-198	3.23500769e-218	2.07918741e-238	
4.12	2.58053782e-002	9.67599573e-001	6.59504873e-003	1.12393891e-021	1.97549638e-040	2.01694459e-059	1.16498850e-078	4.71464387e-098	1.32597701e-117	3.83951647e-138	6.07153368e-158	5.32964684e-178	5.88514575e-198	4.88921305e-218	3.18702369e-238	
4.13	2.18627666e-002	9.69261290e-001	8.87594377e-003	1.42929851e-021	2.55674743e-040	2.65495418e-059	1.55898660e-078	6.41188863e-098	1.83212522e-117	5.35458621e-138	8.60658396e-158	7.69957413e-178	8.63122899e-198	7.27514244e-218	4.80969353e-238	
4.14	1.85920851e-002	9.69602363e-001	1.18055522e-002	1.79045623e-021	3.25964213e-040	3.44261723e-059	2.05517117e-078	8.59041621e-098	2.49380678e-117	7.35614518e-138	1.20180777e-157	1.09574013e-177	1.24700140e-197	1.06645121e-217	7.15067189e-238	
4.15	1.58673472e-002	9.68612347e-001	1.55203055e-002	2.21058632e-021	4.09602980e-040	4.39979140e-059	2.67026242e-078	1.13430289e-097	3.34553277e-117	9.95931404e-138	1.65373928e-157	1.53664679e-177	1.77540298e-197	1.54061349e-217	1.04768003e-237	
4.16	1.35920315e-002	9.66237848e-001	2.01701206e-002	2.51648112e-011	4.74574948e-030	5.18468490e-049	3.19884310e-068	1.38101416e-087	4.13824212e-107	1.24320069e-127	2.09805196e-147	1.98679162e-167	2.33043801e-187	2.05198381e-207	1.41525885e-227	
4.17	1.16848595e-002	9.62398916e-001	2.59162246e-002	5.63303412e-011	1.08123807e-029	1.20140234e-048	7.53561021e-068	3.30625229e-087	1.00653077e-106	3.05138778e-127	5.23349246e-147	5.05065862e-167	6.01455048e-187	5.37349279e-207	3.75900160e-227	
4.18	1.00800973e-002	9.56994294e-001	3.29256088e-002	1.22746878e-010	2.39810253e-029	2.71011847e-048	1.72817145e-067	7.70610654e-087	2.38343021e-106	7.29123010e-127	1.27080263e-146	1.24980589e-166	1.51103334e-186	1.36980631e-206	9.71907411e-227	
4.19	8.72449388e-003	9.49907254e-001	4.13682516e-002	2.60604986e-010	5.18224995e-029	5.95647221e-048	3.86131999e-067	1.74981646e-086	5.49841774e-106	1.69719966e-126	3.00575518e-146	3.01250319e-166	3.69777481e-186	3.40150383e-206	2.44782947e-226	
4.2	7.57511068e-003	9.41015338e-001	5.14095512e-002	5.39577283e-010	1.09215117e-028	1.27674261e-047	8.41456938e-067	3.87536010e-086	1.23722507e-105	3.85332339e-126	6.93368012e-146	7.08190438e-166	8.82568278e-186	8.23752359e-206	6.01235209e-226	
4.21	6.59563863e-003	9.30197466e-001	6.32068945e-002	1.09033827e-009	2.24640639e-028	2.67089111e-047	1.78954178e-066	8.37604392e-086	2.71676038e-105	8.53736527e-126	1.56064735e-145	1.62440526e-165	2.05535062e-185	1.94653909e-205	1.44102686e-225	
4.22	5.75849136e-003	9.17347653e-001	7.68938532e-002	2.15193653e-009	4.51300574e-028	5.45741066e-047	3.71732897e-066	1.76830414e-085	5.82714078e-105	1.84759846e-125	3.43075437e-145	3.63897662e-165	4.67482415e-185	4.49286319e-205	3.37352695e-225	
4.23	5.03919799e-003	9.02379962e-001	9.25808362e-002	4.15201871e-009	8.86369087e-028	1.09013761e-046	7.54890665e-066	3.64945934e-085	1.22178083e-104	3.90869803e-125	7.37128584e-145	7.96749337e-165	1.03922019e-184	1.01347785e-204	7.71820771e-225	
4.24	4.41921192e-003	8.85235251e-001	1.10345530e-001	7.83680335e-009	1.70298652e-027	2.13025095e-046	1.49964868e-065	7.36783276e-085	2.50606557e-104	8.08930137e-125	1.54905141e-144	1.70615408e-164	2.25950745e-184	2.23580789e-204	1.72702602e-224	
4.25	3.88248835e-003	8.65895238e-001	1.30222259e-001	1.44815259e-008	6.49756205e-019	8.26640805e-038	5.91598658e-057	2.95400538e-076	1.02080496e-095	3.32477268e-116	6.46365077e-136	7.25429655e-156	9.75446294e-176	9.79471924e-196	7.67370671e-216	
4.26	3.41596412e-003	8.44384311e-001	1.52199699e-001	2.62135647e-008	2.36593256e-018	3.06138810e-037	2.22743604e-056	1.13033393e-075	3.96845111e-095	1.30421030e-115	2.57342207e-135	2.94290362e-155	4.01789012e-175	4.09399753e-195	3.25333561e-215	
4.27	3.00895634e-003	8.20763279e-001	1.76227718e-001	4.65236402e-008	8.31851902e-018	1.09474364e-036	8.09721627e-056	4.17597538e-075	1.48950470e-094	4.93949495e-115	9.88947274e-135	1.15229688e-154	1.59739503e-174	1.65166887e-194	1.33134682e-214	
4.28	2.65281795e-003	7.95147087e-001	2.02200014e-001	8.09985981e-008	2.82653918e-017	3.78334785e-036	2.84505027e-055	1.49119465e-074	5.40385812e-094	1.80839908e-114	3.67262201e-134	4.35981625e-154	6.13678318e-174	6.43896375e-194	5.26446223e-214	
4.29	2.34024011e-003	7.67712915e-001	2.29946706e-001	1.38440458e-007	9.29262373e-017	1.26504264e-035	9.67084046e-055	5.15146245e-074	1.89663947e-093	6.40561811e-114	1.31911411e-133	1.59532945e-153	2.28011698e-173	2.42772251e-193	2.01320384e-213	
4.3	2.06518078e-003	7.38658664e-001	2.59275923e-001	2.32413297e-007	2.95828894e-016	4.09599155e-035	3.18333065e-054	1.72332755e-073	6.44596054e-093	2.19721190e-113	4.58631522e-133	5.65025899e-153	8.19995209e-173	8.85983241e-193	7.45275270e-213	
4.31	1.82270822e-003	7.08233727e-001	2.89943181e-001	3.83541277e-007	9.12943463e-016	1.28561858e-034	1.01573720e-053	5.58834288e-073	2.12363400e-092	7.30675063e-113	1.54519226e-132	1.93902829e-152	2.85739507e-172	3.13300557e-192	2.67298487e-212	
4.32	1.60860693e-003	6.76719988e-001	3.21670783e-001	6.22463860e-007	2.73319825e-015	3.91463514e-034	3.14428525e-053	1.75805717e-072	6.78760346e-092	2.35754349e-112	5.04859732e-132	6.45237631e-152	9.65505440e-172	1.07429978e-191	9.29727199e-212	
4.33	1.41923697e-003	6.44379415e-001	3.54200354e-001	9.94329845e-007	7.94798942e-015	1.15777206e-033	9.45428762e-053	5.37236482e-072	2.10730557e-091	7.38938765e-112	1.60154916e-131	2.08440054e-151	3.16715625e-171	3.57620226e-191	3.13922249e-211	
4.34	1.25177203e-003	6.11569562e-001	3.87177102e-001	1.56411208e-006	2.24660490e-014	3.32850079e-033	2.76315855e-052	1.59572566e-071	6.35899283e-091	2.25152881e-111	4.93593952e-131	6.54087371e-151	1.00920720e-170	1.15643264e-190	1.02967914e-210	
4.35	1.10357469e-003	5.78553807e-001	4.20340194e-001	2.42430794e-006	6.17799230e-014	9.30925246e-033	7.85657225e-052	4.61120569e-071	1.86688489e-090	6.67507471e-111	1.47917537e-130	1.99540716e-150	3.12637236e-170	3.63557034e-190	3.28357148e-210	
4.36	9.72384746e-004	5.45637847e-001	4.53386063e-001	3.70491265e-006	1.65439056e-013	2.53546447e-032	2.17543069e-051	1.29760256e-070	5.33707300e-090	1.92736737e-110	4.31410013e-130	5.92327672e-150	9.42416585e-170	1.11215344e-189	1.01892207e-209	
4.37	8.56308732e-004	5.13112984e-001	4.86025122e-001	5.58582075e-006	4.31814065e-013	6.73079363e-032	5.87073147e-051	3.55888183e-070	1.48714297e-089	5.42515309e-110	1.22566322e-129	1.71237020e-149	2.76661744e-169	3.31335398e-189	3.07932526e-209	
4.38	7.53672874e-004	4.81203959e-001	5.18034055e-001	8.31358738e-006	1.09948505e-012	1.74305629e-031	1.54567376e-050	9.52238637e-070	4.04227464e-089	1.48985502e-109	3.39452044e-129	4.82443461e-149	7.91552710e-169	9.62058303e-189	9.06917706e-209	
4.39	6.62970164e-004	4.50139651e-001	5.49185157e-001	1.22215162e-005	2.73328919e-012	4.40710930e-031	3.97287416e-050	2.48739930e-069	1.07270972e-088	3.99534329e-109	9.17246725e-129	1.32575011e-148	2.20892083e-168	2.72460725e-188	2.60528518e-208	
4.4	5.83878924e-004	4.20113037e-001	5.79285329e-001	1.77543383e-005	6.63904808e-012	1.08874335e-030	9.97840116e-050	6.34919901e-069	2.78156445e-088	1.04707866e-108	2.41992802e-128	3.55584163e-148	6.01655070e-168	7.53151493e-188	7.30576674e-208	
4.41	5.14101454e-004	3.91253823e-001	6.08206570e-001	2.55058090e-005	1.57720132e-011	2.63059796e-030	2.45094379e-049	1.58493519e-068	7.05356117e-088	2.68410562e-108	6.23862408e-128	9.31582857e-148	1.60074034e-167	2.03358997e-187	2.00097409e-207	
4.42	4.52466716e-004	3.63699694e-001	6.35811591e-001	3.62486785e-005	3.66655051e-011	6.21976338e-030	5.89104317e-049	3.87161091e-068	1.75019706e-087	6.73411720e-108	1.57254681e-127	2.38532113e-147	4.16242824e-167	5.36665108e-187	5.35647378e-207	
4.43	3.98122333e-004	3.37514575e-001	6.62036307e-001	5.09953966e-005	8.34935024e-011	1.44053662e-029	1.38713204e-048	9.26484127e-068	4.25422044e-087	1.65533869e-107	3.87948790e-127	5.97478539e-147	1.05883345e-166	1.38549056e-186	1.40277272e-206	
4.44	3.50206300e-004	3.12757260e-001	6.86821493e-001	7.10409071e-005	1.86331983e-010	3.26967052e-029	3.20085219e-048	2.17257327e-067	1.01323257e-086	3.98800553e-107	9.37009358e-127	1.46444323e-146	2.63564464e-166	3.50014561e-186	3.59487044e-206	
4.45	3.08011214e-004	2.89444863e-001	7.10149072e-001	9.80534552e-005	4.07869545e-010	7.27935509e-029	7.24458110e-048	4.99729675e-067	2.36692879e-086	9.42548897e-107	2.21770993e-126	3.51532000e-146	6.42537013e-166	8.66011205e-186	9.02264179e-206	
4.46	2.70875494e-004	2.67581847e-001	7.32013132e-001	1.34144630e-004	8.76208310e-010	1.59047451e-028	1.60915682e-047	1.12796637e-066	5.42526269e-086	2.18637168e-106	5.14561469e-126	8.26724295e-146	1.53466548e-165	2.09926200e-185	2.21867086e-205	
4.47	2.38216316e-004	2.47143723e-001	7.52436072e-001	1.81986449e-004	1.84876548e-009	3.41308449e-028	3.51053700e-047	2.50073871e-066	1.22130236e-085	4.98185747e-106	1.17142999e-125	1.90637611e-145	3.59408791e-165	4.98970972e-185	5.34963303e-205	
4.48	2.09505597e-004	2.28094857e-001	7.71450743e-001	2.44890378e-004	3.83293130e-009	7.19691183e-028	7.52539534e-047	5.44765842e-066	2.70087180e-085	1.11546351e-105	2.61759870e-125	4.31164339e-145	8.25574118e-165	1.16325558e-184	1.26516459e-204	
4.49	1.84517272e-004	2.10663494e-001	7.88825069e-001	3.26911860e-004	7.81081218e-009	1.49163780e-027	1.58561734e-046	1.16640970e-065	5.86961401e-085	2.45487830e-105	5.74240538e-125	9.56637076e-145	1.86032918e-164	2.66042557e-184	2.93525334e-204	
4.5	1.62634124e-004	1.94583155e-001	8.04821004e-001	4.33191024e-004	1.56583044e-008	3.04133329e-027	3.28661323e-046	2.45654625e-065	1.25442795e-084	5.31424677e-105	1.23774235e-124	2.08370625e-144	4.11547519e-164	5.97337358e-184	6.68566425e-204	
4.51	1.43401045e-004	1.79694924e-001	8.19591632e-001	5.70012007e-004	3.08978283e-008	6.10375699e-027	6.70550940e-046	5.09266302e-065	2.63813874e-084	1.13234558e-104	2.62305262e-124	4.45847163e-144	8.94377459e-164	1.31754730e-183	1.49597187e-203	
4.52	1.26486189e-004	1.65915494e-001	8.33212903e-001	7.45056516e-004	6.00441634e-008	1.20638438e-026	1.34729831e-045	1.03966225e-064	5.46184529e-084	2.37585162e-104	5.46788709e-124	9.37486000e-144	1.91007926e-163	2.85593705e-183	3.28956788e-203	
4.53	1.11610164e-004	1.53185617e-001	8.45735023e-001	9.67634651e-004	1.14969411e-007	2.34938309e-026	2.66729838e-045	2.09101472e-064	1.11354496e-083	4.91002672e-104	1.12149716e-123	1.93772511e-143	4.00986075e-163	6.08531998e-183	7.11068004e-203	
4.54	9.85330481e-005	1.41444260e-001	8.57208047e-001	1.24894275e-003	2.16987468e-007	4.50976760e-026	5.20475908e-045	4.14490649e-064	2.23650056e-083	9.99866131e-104	2.26434344e-123	3.93867357e-143	8.27852444e-163	1.27514932e-182	1.51155681e-202	
4.55	8.70292779e-005	1.30616232e-001	8.67693924e-001	1.60241129e-003	4.03832285e-007	8.53623669e-026	1.00145905e-044	8.10045341e-064	4.42599356e-083	2.00661629e-103	4.50136007e-123	7.87419108e-143	1.68104675e-162	2.62815495e-182	3.16051151e-202	
4.56	7.69685186e-005	1.20638772e-001	8.77239201e-001	2.04431729e-003	7.41478120e-007	1.59409666e-025	1.90103830e-044	1.56168430e-063	8.63524636e-083	3.97132375e-103	8.81654327e-123	1.54937144e-142	3.35965359e-162	5.33126025e-182	6.50399572e-202	
4.57	6.81369532e-005	1.11442963e-001	8.85893870e-001	2.59368637e-003	1.34359611e-006	2.93791378e-025	3.56132345e-044	2.97074028e-063	1.66102336e-082	7.75056395e-103	1.70147610e-122	3.00052218e-142	6.60864299e-162	1.06441654e-181	1.31737981e-201	
4.58	6.03536481e-005	1.02976315e-001	8.93687958e-001	3.27297056e-003	2.40348697e-006	5.34512068e-025	6.58574294e-044	5.57688453e-063	3.15024828e-082	1.49173609e-102	3.23579986e-122	5.71999267e-142	1.27966905e-161	2.09202218e-181	2.62671661e-201	
4.59	5.34797513e-005	9.51786756e-002	9.00654839e-001	4.10876014e-003	4.24578054e-006	9.60344832e-025	1.20261077e-043	1.03361476e-062	5.89290056e-082	2.83244439e-102	6.06675033e-122	1.07379913e-141	2.44011983e-161	4.04911775e-181	5.15778326e-201	
4.6	4.74148327e-005	8.79943440e-002	9.06818939e-001	5.13189249e-003	7.40925947e-006	1.70449273e-024	2.16928339e-043	1.89176192e-062	1.08734448e-081	5.30593118e-102	1.12147683e-121	1.98533641e-141	4.58263834e-161	7.71864773e-181	9.97473279e-201	
4.61	4.20559549e-005	8.13747305e-002	9.12192037e-001	6.37839978e-003	1.27771354e-005	2.98950290e-024	3.86635313e-043	3.41973565e-062	1.97901369e-081	9.80632122e-102	2.04426125e-121	3.61560179e-141	8.47737817e-161	1.44932267e-180	1.90012805e-200	
4.62	3.73168402e-005	7.52733306e-002	9.16778069e-001	7.88950597e-003	2.17775373e-005	5.18241332e-024	6.81036234e-043	6.10740054e-062	3.55350005e-081	1.78828446e-101	3.67513607e-121	6.48698427e-141	1.54499828e-160	2.68112500e-180	3.56608453e-200	
4.63	3.31247184e-005	6.96454773e-002	9.20571966e-001	9.71273505e-003	3.66971723e-005	8.88185790e-024	1.18582882e-042	1.07763434e-061	6.29422544e-081	3.21774216e-101	6.51655020e-121	1.14669451e-140	2.77421615e-160	4.88676441e-180	6.59420083e-200	
4.64	2.94105953e-005	6.44516002e-002	9.23556026e-001	1.19018120e-002	6.11509475e-005	1.50529115e-023	2.04151565e-042	1.87898357e-061	1.09972116e-080	5.71165034e-101	1.13952683e-120	1.99699771e-140	4.90771351e-160	8.77505635e-180	1.20132197e-199	
4.65	2.61211603e-005	5.96546218e-002	9.25701248e-001	1.45172228e-002	1.00786542e-004	2.52332236e-023	3.47565063e-042	3.23768107e-061	1.89526493e-080	1.00019258e-100	1.96532379e-120	3.42671489e-140	8.55459692e-160	1.55264296e-179	2.15650846e-199	
4.66	2.32036779e-005	5.52187173e-002	9.26965126e-001	1.76286128e-002	1.64340796e-004	4.18468110e-023	5.85270084e-042	5.51413307e-061	3.22181307e-080	1.72788430e-100	3.34336468e-120	5.79439286e-140	1.46946461e-159	2.70724334e-179	3.81484562e-199	
4.67	2.06116234e-005	5.11111423e-002	9.27293443e-001	2.13096699e-002	2.65133235e-004	6.86642413e-023	9.74859676e-042	9.28172594e-061	5.40137683e-080	2.94417139e-100	5.60922761e-120	9.65443651e-140	2.48716709e-159	4.65134480e-179	6.64971808e-199	
4.68	1.83113865e-005	4.73084910e-002	9.26606700e-001	2.56432187e-002	4.23278801e-004	1.11491848e-022	1.60632561e-041	1.54409844e-060	8.92903743e-080	4.94683514e-100	9.27954968e-120	1.58481200e-139	4.14752819e-159	7.87350872e-179	1.14201507e-198	
4.69	1.62633852e-005	4.37767107e-002	9.24820214e-001	3.07180278e-002	6.68783572e-004	1.79164052e-022	2.61851527e-041	2.53855091e-060	1.45517393e-079	8.19539269e-100	1.51365692e-119	2.56317425e-139	6.81441552e-159	1.31316662e-178	1.93243461e-198	
4.7	1.44473593e-005	4.04883474e-002	9.21821442e-001	3.66298119e-002	1.04595089e-003	2.84992477e-022	4.22342473e-041	4.12484103e-060	2.33794764e-079	1.33849410e-099	2.43428953e-119	4.08430988e-139	1.10312218e-158	2.15786503e-178	3.22175197e-198	
4.71	1.28281416e-005	3.74235635e-002	9.17468178e-001	4.34763230e-002	1.61910749e-003	4.48692668e-022	6.73884727e-041	6.62099358e-060	3.70136046e-079	2.15420816e-099	3.85830630e-119	6.40999851e-139	1.75876598e-158	3.49245613e-178	5.29039784e-198	
4.72	1.13819454e-005	3.45636035e-002	9.11592636e-001	5.13517940e-002	2.48058408e-003	6.99149966e-022	1.06355624e-040	1.04980381e-059	5.77291070e-079	3.41551929e-099	6.02554387e-119	9.90652353e-139	2.76140029e-158	5.56632927e-178	8.55489698e-198	
4.73	1.00874509e-005	3.18867632e-002	9.03987863e-001	6.03537963e-002	3.76148999e-003	1.07828517e-021	1.66030513e-040	1.64386647e-059	8.86946406e-079	5.33469509e-099	9.27224788e-119	1.50787873e-138	4.27003859e-158	8.73772452e-178	1.36250187e-197	
4.74	8.92828657e-006	2.93770842e-002	8.94408533e-001	7.05608182e-002	5.64463626e-003	1.64571453e-021	2.56301904e-040	2.54116503e-059	1.34176304e-078	8.20349133e-099	1.40514051e-118	2.25924996e-138	6.49975534e-158	1.35017768e-177	2.13612049e-197	
4.75	7.88769231e-006	2.70139434e-002	8.82564163e-001	8.20332971e-002	8.38070878e-003	2.48516110e-021	3.91123735e-040	3.87635020e-059	1.99801567e-078	1.24169764e-098	2.09657685e-118	3.33176037e-138	9.73828770e-158	2.05358126e-177	3.29643685e-197	
4.76	6.95230835e-006	2.47829561e-002	8.68107086e-001	9.47967920e-002	1.23062135e-002	3.71149787e-021	5.89744474e-040	5.83154825e-059	2.92689633e-078	1.84872178e-098	3.07817610e-118	4.83336385e-138	1.43529736e-157	3.07258655e-177	5.00429413e-197	
4.77	6.10919177e-006	2.26673519e-002	8.50642054e-001	1.08821376e-001	1.78631081e-002	5.47931293e-021	8.78066878e-040	8.64494317e-059	4.21519488e-078	2.70569027e-098	4.44408172e-118	6.89346919e-138	2.07972883e-157	4.51967583e-177	7.46881025e-197	
4.78	5.34757079e-006	2.06527178e-002	8.29702264e-001	1.24018253e-001	2.56214170e-002	7.99320429e-021	1.29032952e-039	1.26230632e-058	5.96637672e-078	3.89119984e-098	6.30715592e-118	9.66332549e-138	2.96202964e-157	6.53480186e-177	1.09567115e-196	
4.79	4.65903369e-006	1.87283918e-002	8.04812776e-001	1.40174772e-001	3.62794014e-002	1.15114232e-020	1.86946590e-039	1.81343088e-058	8.29186504e-078	5.49421219e-098	8.79200555e-118	1.33038852e-137	4.14309276e-157	9.27925096e-177	1.57861400e-196	
4.8	4.03486707e-006	1.68821427e-002	7.75444239e-001	1.56998837e-001	5.06707467e-002	1.63522596e-020	2.66792723e-039	2.56063655e-058	1.13052387e-077	7.60834420e-098	1.20250102e-117	1.79708435e-137	5.68607609e-157	1.29287769e-176	2.23167744e-196	
4.81	3.46909937e-006	1.51076878e-002	7.41169475e-001	1.73999316e-001	6.97200519e-002	2.28837929e-020	3.74511774e-039	3.54852922e-058	1.51020523e-077	1.03205442e-097	1.61175396e-117	2.37900776e-137	7.64806711e-157	1.76540028e-176	3.09193177e-196	
4.82	2.95681611e-006	1.34002136e-002	7.01681093e-001	1.90537669e-001	9.43780680e-002	3.15055642e-020	5.16366148e-039	4.81909611e-058	1.97406854e-077	1.36964444e-097	2.11446460e-117	3.08284918e-137	1.00697344e-156	2.35974372e-176	4.19345984e-196	
4.83	2.49480144e-006	1.17626882e-002	6.56926885e-001	2.05820342e-001	1.25487591e-001	4.26060472e-020	6.98105015e-039	6.40404564e-058	2.52177422e-077	1.77577229e-097	2.71130970e-117	3.90526696e-137	1.29609604e-156	3.08352018e-176	5.56009985e-196	
4.84	2.07939688e-006	1.01999717e-002	6.07159482e-001	2.18977604e-001	1.63660862e-001	5.65146802e-020	9.24046438e-039	8.31425624e-058	3.14386154e-077	2.24625718e-097	3.39344529e-117	4.82970210e-137	1.62862995e-156	3.93369872e-176	7.19719468e-196	
4.85	1.70954282e-006	8.72427085e-003	5.53141076e-001	2.29104476e-001	2.09028468e-001	1.09877044e-010	1.78935355e-029	1.57568999e-048	5.71606322e-068	4.14267519e-088	6.19530296e-108	8.71485457e-128	2.98597087e-147	7.32196578e-167	1.35929265e-186	
4.86	1.38441267e-006	7.35021656e-003	4.96053216e-001	2.35414263e-001	2.61180919e-001	2.63270665e-010	4.26176714e-029	3.66603625e-048	1.27505434e-067	9.37057650e-088	1.38784290e-107	1.93010626e-127	6.71948982e-147	1.67284650e-166	3.15120088e-186	
4.87	1.10328228e-006	6.09418905e-003	4.37517894e-001	2.37375072e-001	3.19011741e-001	6.07995166e-010	9.76338327e-029	8.18869686e-048	2.72911077e-067	2.03300862e-087	2.98340077e-107	4.10331985e-127	1.45157770e-146	3.66893566e-166	7.01289382e-186	
4.88	8.65031790e-007	4.97100847e-003	3.79404961e-001	2.34820212e-001	3.80802952e-001	1.35334541e-009	2.15141151e-028	1.75625429e-047	5.60709499e-067	4.23208921e-087	6.15630340e-107	8.37706273e-127	3.01116561e-146	7.72707950e-166	1.49868684e-185	
4.89	6.67438873e-007	3.99033434e-003	3.23579378e-001	2.27969162e-001	4.44460455e-001	2.90600408e-009	4.56380696e-028	3.62034504e-047	1.10707145e-066	8.46384897e-087	1.22099987e-106	1.64439997e-126	6.00606293e-146	1.56477163e-165	3.07953166e-185	
4.9	5.07274404e-007	3.15517797e-003	2.71667886e-001	2.17419248e-001	5.07757175e-001	6.02729986e-009	9.95529122e-020	7.66263179e-039	2.24427607e-058	1.73719024e-078	2.48635337e-098	3.31562412e-118	1.23056121e-137	3.25502238e-157	6.50029432e-177	
4.91	3.80339932e-007	2.46112199e-003	2.24868902e-001	2.04010093e-001	5.68659491e-001	1.20979671e-008	3.93461736e-019	2.93474854e-038	8.23419246e-058	6.45060123e-078	9.16382718e-098	1.21056119e-117	4.56557116e-137	1.22611751e-156	2.48463466e-176	
4.92	2.81807932e-007	1.89710438e-003	1.83831901e-001	1.88689794e-001	6.25580895e-001	2.35540011e-008	1.48227553e-018	1.07015777e-037	2.87715492e-057	2.28037958e-077	3.21674060e-097	4.21155109e-117	1.61405399e-136	4.40096522e-156	9.04952545e-176	
4.93	2.06728424e-007	1.44781193e-003	1.48703613e-001	1.72346116e-001	6.77502208e-001	4.45893585e-008	5.33727249e-018	3.72610478e-037	9.60286785e-057	7.69645576e-077	1.07847875e-096	1.40016715e-116	5.45278898e-136	1.50954792e-155	3.14974735e-175	
4.94	1.50496087e-007	1.09620607e-003	1.19271822e-001	1.55789770e-001	7.23841970e-001	8.22812716e-008	1.84231523e-017	1.24279225e-036	3.07196028e-056	2.48882791e-076	3.46570663e-096	4.46398835e-116	1.76658686e-135	4.96553072e-155	1.05137325e-174	
4.95	1.08938734e-007	8.25190075e-004	9.50586776e-002	1.39663373e-001	7.64452503e-001	1.48316310e-007	6.11219941e-017	3.98111080e-036	9.44375842e-056	7.73127992e-076	1.07025110e-095	1.36841506e-115	5.50315717e-135	1.57053572e-154	3.37437578e-174	
4.96	7.85293604e-008	6.18601978e-004	7.54067860e-002	1.24400367e-001	7.99573904e-001	2.61751581e-007	1.95421314e-016	1.22844678e-035	2.79853923e-055	2.31398977e-075	3.18560247e-095	4.04546633e-115	1.65330268e-134	4.79079305e-154	1.04451948e-173	
4.97	5.64663455e-008	4.62566361e-004	5.96359621e-002	1.10269460e-001	8.29631502e-001	4.53113297e-007	6.03520826e-016	3.66014207e-035	8.01379825e-055	6.69043100e-075	9.16271467e-095	1.15635360e-114	4.80253178e-134	1.41296648e-153	3.12617037e-173	
4.98	4.05525800e-008	3.45461369e-004	4.70798749e-002	9.74002911e-002	8.55173561e-001	7.70662116e-007	1.80429162e-015	1.05551165e-034	2.22297219e-054	1.87292290e-074	2.55253547e-094	3.20316166e-114	1.35194431e-133	4.03866860e-153	9.06750920e-173	
4.99	2.91271105e-008	2.58025268e-004	3.71509323e-002	8.58444135e-002	8.76745310e-001	1.28972116e-006	5.23166029e-015	2.95190447e-034	5.98545048e-054	5.08793819e-074	6.90264304e-094	8.61828505e-114	3.69661364e-133	1.12127325e-152	2.55467692e-172	
5	2.09366824e-008	1.92863531e-004	2.93226340e-002	7.55491662e-002	8.94933189e-001	2.12634119e-006	1.47364084e-014	8.02068711e-034	1.56724449e-053	1.34354435e-073	1.81496279e-093	2.25592928e-113	9.83404221e-133	3.02874810e-152	7.00272387e-172	
5.01	1.50717589e-008	1.44370579e-004	2.31644617e-002	6.64545464e-002	9.10233149e-001	3.45736319e-006	4.03876877e-014	6.66829482e-025	1.25691192e-044	1.08635430e-064	1.46170570e-084	1.80980326e-104	8.01755754e-124	2.50728885e-143	5.88289265e-163	
5.02	1.08720272e-008	1.08289938e-004	1.83269193e-002	5.84600921e-002	9.23099139e-001	5.54860086e-006	1.07833835e-013	3.28922157e-024	5.98671612e-044	5.21490951e-064	6.99068274e-084	8.62727723e-104	3.88423629e-123	1.23340413e-142	2.93681635e-162	
5.03	7.86355184e-009	8.14414690e-005	1.45318670e-002	5.14603699e-002	9.33917517e-001	8.79672593e-006	2.80835539e-013	1.56045695e-023	2.74544662e-043	2.40955469e-063	3.21887691e-083	3.96184095e-103	1.81286764e-122	5.84532032e-142	1.41242487e-161	
5.04	5.70396708e-009	6.14251407e-005	1.15502543e-002	4.53382812e-002	9.43036250e-001	1.37836778e-005	7.14051351e-013	7.12971705e-023	1.21387879e-042	1.07318432e-062	1.42902611e-082	1.75525845e-102	8.16285378e-122	2.67249011e-141	6.55327262e-161	
5.05	4.15175555e-009	4.64837857e-005	9.20748016e-003	4.00020098e-002	9.50722662e-001	2.13604831e-005	1.77454282e-012	3.14213765e-022	5.18248004e-042	4.61362062e-062	6.12503401e-082	7.51242949e-102	3.55080091e-121	1.18045243e-140	2.93754493e-160	
5.06	3.03329175e-009	3.53054550e-005	7.36270218e-003	3.53519899e-002	9.57217247e-001	3.27520274e-005	4.31363213e-012	1.33717643e-021	2.13893473e-041	1.91712353e-061	2.53809349e-081	3.11037057e-101	1.49414929e-120	5.04388241e-140	1.27380418e-159	
5.07	2.22449537e-009	2.69154137e-005	5.90749006e-003	3.13025288e-002	9.62713359e-001	4.97047796e-005	1.02644383e-011	5.50109331e-021	8.54352965e-041	7.70798417e-061	1.01785128e-080	1.24706111e-100	6.08886828e-120	2.08723032e-139	5.34940365e-159	
5.08	1.63775125e-009	2.05994137e-005	4.75594250e-003	2.77721370e-002	9.67376621e-001	7.46989390e-005	2.39303437e-011	2.19081727e-020	3.30724343e-040	3.00276324e-060	3.95584497e-080	4.84844340e-100	2.40605598e-119	8.37529928e-139	2.17845791e-158	
5.09	1.21085232e-009	1.58310770e-005	3.84320307e-003	2.46975613e-002	9.71332219e-001	1.11183908e-004	5.46879624e-011	8.45181589e-020	1.24158123e-039	1.13438212e-059	1.49117574e-079	1.82941656e-099	9.22736086e-119	3.26158880e-138	8.60963703e-158	
5.1	8.98993103e-010	1.22174310e-005	3.11730386e-003	2.20162023e-002	9.74690315e-001	1.63960854e-004	1.22581897e-010	3.16159619e-019	4.52464572e-039	4.15906399e-059	5.45637069e-079	6.70455831e-099	3.43717744e-118	1.23373203e-137	3.30511153e-157	
5.11	6.70320917e-010	9.46864601e-006	2.53840363e-003	1.96768219e-002	9.77535685e-001	2.39620194e-004	2.69709673e-010	1.14806920e-018	8.83675000e-030	8.17158314e-050	1.07011120e-069	1.31774111e-089	6.86645359e-109	2.50280794e-128	6.80462179e-148	
5.12	5.02153613e-010	7.37254891e-006	2.07538012e-003	1.76340614e-002	9.79936085e-001	3.47099405e-004	5.82653502e-010	4.04902056e-018	5.73520193e-029	5.33457533e-049	6.97448629e-069	8.61207173e-089	4.56147867e-108	1.68837349e-127	4.65873871e-147	
5.13	3.78028480e-010	5.76859861e-006	1.70374440e-003	1.58480816e-002	9.81943976e-001	4.98427800e-004	1.23653002e-009	1.38824906e-017	3.57151123e-028	3.34160856e-048	4.36252717e-068	5.40478613e-088	2.90986655e-107	1.09372920e-126	3.06289508e-146	
5.14	2.85706934e-010	4.53094237e-006	1.40342941e-003	1.42738680e-002	9.83608509e-001	7.09659482e-004	2.57907036e-009	4.62999243e-017	2.13620453e-027	2.01035623e-047	2.62116670e-067	3.26007649e-087	1.78409484e-106	6.81004213e-126	1.93555085e-145	
5.15	2.16785321e-010	3.57289939e-006	1.16018030e-003	1.28861407e-002	9.84948029e-001	1.00207126e-003	5.28999363e-009	1.50351714e-016	1.22864557e-026	8.60144944e-039	1.12024295e-058	1.39955143e-078	7.78523353e-098	3.01776631e-117	8.70501143e-137	
5.16	1.65281434e-010	2.83075086e-006	9.63253665e-004	1.16699633e-002	9.85960720e-001	1.40322178e-003	1.06718468e-008	4.75534533e-016	6.79998776e-026	9.34051447e-038	1.21535827e-057	1.52604597e-077	8.62904140e-097	3.39672548e-116	9.94415796e-136	
5.17	1.26571848e-010	2.25313605e-006	8.03150025e-004	1.06027291e-002	9.86642845e-001	1.94900103e-003	2.11825278e-008	1.46597800e-015	3.62483134e-025	9.62606060e-037	1.25155183e-056	1.58030207e-076	9.08323986e-096	3.63111727e-115	1.07892357e-134	
5.18	9.73517453e-011	1.80124807e-006	6.72346406e-004	9.66498740e-003	9.86975638e-001	2.68518572e-003	4.13826078e-008	4.40709765e-015	1.86270763e-024	9.42480888e-036	1.22466916e-055	1.55586645e-075	9.09065992e-095	3.69058944e-114	1.11299781e-133	
5.19	7.52532753e-011	1.44699736e-006	5.65362788e-004	8.83979849e-003	9.86923634e-001	3.66967803e-003	7.95935290e-008	1.29275629e-014	9.23480808e-024	8.77678236e-035	1.13998992e-054	1.45799271e-074	8.65997093e-094	3.57038587e-113	1.09283030e-132	
5.2	5.84509724e-011	1.16804592e-006	4.77549558e-004	8.11279852e-003	9.86433017e-001	4.97531639e-003	1.50768042e-007	3.70206192e-014	4.42058601e-023	7.78323189e-034	1.01071745e-053	1.30200115e-073	7.86137634e-093	3.29162012e-112	1.02259161e-131	
5.21	4.56227869e-011	9.47379151e-007	4.05157763e-004	7.47058481e-003	9.85432202e-001	6.69082713e-003	2.81229305e-007	1.03505983e-013	2.04392076e-022	6.57765391e-033	4.12105918e-045	5.34994051e-065	3.28378377e-084	1.39640405e-103	4.40297667e-123	
5.22	3.57788795e-011	7.72014062e-007	3.45237446e-004	6.90188822e-003	9.83825674e-001	8.92591191e-003	5.16821455e-007	2.82778323e-013	9.13742221e-022	5.30430743e-032	6.46573555e-044	8.46322619e-064	5.28093485e-083	2.28068877e-102	7.29890477e-122	
5.23	2.81927042e-011	6.32101131e-007	2.95485589e-004	6.39816107e-003	9.81492506e-001	1.18122796e-002	9.35895995e-007	7.55068741e-013	3.95172192e-021	4.08489954e-031	9.54671720e-043	1.26059225e-062	7.99665216e-082	3.50730358e-101	1.13928978e-120	
5.24	2.23091704e-011	5.19679932e-007	2.53948438e-004	5.95004105e-003	9.78289760e-001	1.55040608e-002	1.66974511e-006	1.97086206e-012	1.65397612e-020	3.00671767e-030	1.32805427e-041	1.76991306e-061	1.14136394e-080	5.08425293e-100	1.67631155e-119	
5.25	1.77226763e-011	4.28924442e-007	2.19110746e-004	5.54948853e-003	9.74045570e-001	2.01824664e-002	2.93583161e-006	5.03061610e-012	6.70368227e-020	2.11688119e-029	1.74259947e-040	2.34510345e-060	1.53747030e-079	6.95562026e-099	2.32769569e-118	
5.26	1.41381833e-011	3.55476990e-007	1.89766472e-004	5.19074500e-003	9.68562624e-001	2.60514225e-002	5.08673895e-006	1.25585970e-011	2.63201830e-019	1.42660814e-028	2.15893762e-039	2.93521354e-059	1.95641774e-078	8.98923794e-098	3.05340963e-117	
5.27	1.13216012e-011	2.95702710e-007	1.64914773e-004	4.86708769e-003	9.61621402e-001	3.33376153e-002	8.68440382e-006	3.06684051e-011	1.00143492e-018	9.20877467e-028	2.52818618e-038	3.47416716e-058	2.35425029e-077	1.09862816e-096	3.78785052e-116	
5.28	9.09581720e-012	2.46822393e-007	1.43764408e-004	4.57338704e-003	9.52974562e-001	4.22934273e-002	1.46126975e-005	7.32805231e-011	3.69433209e-018	5.69822206e-027	2.80118804e-037	3.89248519e-057	2.68169837e-076	1.27100733e-095	4.44812534e-115	
5.29	7.32654206e-012	2.06614521e-007	1.25650368e-004	4.30496880e-003	9.42372538e-001	5.31724107e-002	2.42253334e-005	1.71336602e-010	1.32170764e-017	3.38153367e-026	2.93898500e-036	4.13167587e-056	2.89393841e-075	1.39312493e-094	4.94875822e-114	
5.3	5.91229598e-012	1.73271715e-007	1.09984529e-004	4.05479043e-003	9.29559399e-001	6.62360839e-002	3.95680428e-005	3.91977975e-010	4.58660471e-017	1.92543933e-025	2.92214298e-035	3.59440799e-047	2.55975501e-066	1.25153034e-085	4.51278385e-105	
5.31	4.77042809e-012	1.45274016e-007	9.62264536e-005	3.81537972e-003	9.14290317e-001	8.17342551e-002	6.36760070e-005	8.77687480e-010	1.54462027e-016	1.05273702e-024	2.75631878e-034	6.52049480e-046	4.72123293e-065	2.34455626e-084	8.58120290e-104	
5.32	3.85324124e-012	1.21925922e-007	8.42467224e-005	3.59110997e-003	8.96343209e-001	9.98803756e-002	1.00935238e-004	1.92332015e-009	5.04864210e-016	5.52883112e-024	2.46796290e-033	1.10734167e-044	8.15240870e-064	4.11197856e-083	1.52770789e-102	
5.33	3.11514181e-012	1.02411440e-007	7.37980124e-005	3.37908743e-003	8.75535671e-001	1.20853745e-001	1.57591608e-004	4.12514769e-009	1.60193113e-015	2.79029994e-023	2.09915617e-032	1.76214993e-043	1.31907323e-062	6.75789349e-082	2.54860970e-101	
5.34	2.51883111e-012	8.60280066e-008	6.46345504e-005	3.17652987e-003	8.51782891e-001	1.44733558e-001	2.42291349e-004	8.65828665e-009	4.93484791e-015	1.35377003e-022	1.69722135e-031	2.63033300e-042	2.00192785e-061	1.04174837e-080	3.98801154e-100	
5.35	2.03539962e-012	7.22152235e-008	5.65780184e-005	2.98223139e-003	8.25048315e-001	1.71545970e-001	3.66815504e-004	1.77881170e-008	1.47646752e-014	6.31797724e-022	1.30552547e-030	3.68699071e-041	2.85326630e-060	1.50814858e-079	5.86075692e-099	
5.36	1.64070708e-012	6.04652218e-008	4.94651320e-005	2.79419035e-003	7.95418700e-001	2.01190683e-001	5.46865647e-004	3.57759415e-008	4.29171136e-014	2.83762330e-021	9.56161026e-030	4.85877509e-040	4.91956713e-051	2.64123651e-070	1.04190789e-089	
5.37	1.32102626e-012	5.05646100e-008	4.31833949e-005	2.61211343e-003	7.63070140e-001	2.33471578e-001	8.02864502e-004	7.04476374e-008	1.21233217e-013	1.22717787e-020	6.67277250e-029	6.02550678e-039	1.14657227e-049	6.25278000e-069	2.50391639e-088	
5.38	1.06166737e-012	4.22058578e-008	3.76202075e-005	2.43505504e-003	7.28291778e-001	2.68074554e-001	1.16081539e-003	1.35853591e-007	3.32952840e-013	5.11363696e-020	4.44138753e-028	7.04068328e-038	2.48368681e-048	1.37577511e-067	5.59258175e-087	
5.39	8.51585940e-013	3.51563955e-008	3.26981249e-005	2.26311746e-003	6.91479307e-001	3.04571414e-001	1.65317218e-003	2.56635838e-007	8.89401812e-013	2.05424234e-019	2.82172637e-027	7.76012348e-037	5.00726028e-047	2.81749960e-066	1.16267057e-085	
5.4	6.81541134e-013	2.92154957e-008	2.83466797e-005	2.09630976e-003	6.53079397e-001	3.42475686e-001	2.31975587e-003	4.75125956e-007	2.31226741e-012	7.96303476e-019	1.71299476e-026	8.07824930e-036	9.40956001e-046	5.37812072e-065	2.25299347e-084	
5.41	5.43693726e-013	2.42173831e-008	2.45067861e-005	1.93524145e-003	6.13619915e-001	3.81211011e-001	3.20843888e-003	8.62520473e-007	5.85436256e-012	2.98086213e-018	9.94747112e-026	7.95353043e-035	1.65119619e-044	9.58660121e-064	4.07680256e-083	
5.42	4.32562782e-013	2.00217961e-008	2.11272097e-005	1.78023056e-003	5.73636342e-001	4.20185305e-001	4.37544001e-003	1.53587221e-006	1.44430473e-011	1.07834914e-017	5.53105142e-025	7.41487851e-034	2.70928501e-043	1.59783263e-062	6.89821109e-082	
5.43	3.43317428e-013	1.65115762e-008	1.81635927e-005	1.63203374e-003	5.33632628e-001	4.58827833e-001	5.88664103e-003	2.68464559e-006	3.47495622e-011	3.77395664e-017	2.94848185e-024	6.55608038e-033	4.16513824e-042	2.49529011e-061	1.09361007e-080	
5.44	2.71240385e-013	1.35537680e-008	1.55404185e-005	1.48913678e-003	4.94141929e-001	4.96532152e-001	7.81661880e-003	4.60883214e-006	8.15933986e-011	1.27881156e-016	1.50844671e-023	5.50426772e-032	6.00740187e-041	3.65591642e-060	1.62665914e-079	
5.45	2.13537228e-013	1.10849946e-008	1.32441916e-005	1.35256353e-003	4.55599106e-001	5.32776736e-001	1.02505622e-002	7.77701905e-006	1.87143538e-010	4.20049936e-016	7.41648554e-023	4.39539086e-031	8.14534693e-040	5.03576317e-059	2.27471459e-078	
5.46	1.67748496e-013	9.04507071e-009	1.12589305e-005	1.22463129e-003	4.18363227e-001	5.67105355e-001	1.32826113e-002	1.29063709e-005	4.19569461e-010	1.33854400e-015	3.50794354e-022	3.34244985e-030	1.03983873e-038	6.53041970e-058	2.99478112e-077	
5.47	1.31395023e-013	7.35904644e-009	9.54874715e-006	1.10554724e-003	3.82736455e-001	5.99109705e-001	1.70176545e-002	2.10809518e-005	9.20309243e-010	4.14219747e-015	1.59815354e-021	2.42400567e-029	1.25189444e-037	7.98707694e-057	3.71855158e-076	
5.48	1.02727713e-013	5.97499848e-009	8.08077411e-006	9.95257266e-004	3.48938297e-001	6.28456054e-001	2.15683923e-002	3.39112211e-005	1.97649218e-009	1.24605370e-014	7.02099050e-021	1.67881460e-028	1.42359148e-036	9.22672550e-056	4.36107459e-075	
5.49	8.01665457e-014	4.84207346e-009	6.82418260e-006	8.93604692e-004	3.17124150e-001	6.54866366e-001	2.70552931e-002	5.37535106e-005	4.15889877e-009	3.64664704e-014	2.97737770e-020	1.11178064e-027	1.53159563e-035	1.00842483e-054	4.83912293e-074	
5.5	6.24692974e-014	3.91777433e-009	5.75305073e-006	8.00446649e-004	2.87392133e-001	6.78112621e-001	3.36050212e-002	8.40125530e-005	8.58030524e-009	1.03914647e-013	1.22007996e-019	7.04867755e-027	1.56130488e-034	1.04435109e-053	5.08794257e-073	
5.51	4.86006186e-014	3.16460541e-009	4.84079414e-006	7.15259652e-004	2.59744579e-001	6.98055275e-001	4.13505039e-002	1.29521567e-004	1.73669234e-008	2.88541711e-013	4.83543313e-019	4.28290581e-026	1.50975173e-033	1.02592534e-052	5.07456763e-072	
5.52	3.77602325e-014	2.55246290e-009	4.06643770e-006	6.37701609e-004	2.34158838e-001	7.14578098e-001	5.04241612e-002	1.97097658e-004	3.45071218e-008	7.81335779e-013	1.85546121e-018	2.49742749e-025	1.38716824e-032	9.57658436e-052	4.80945377e-071	
5.53	2.92897030e-014	2.05512370e-009	3.40945248e-006	5.67190980e-004	2.10565840e-001	7.27612044e-001	6.09553153e-002	2.96131137e-004	6.73454482e-008	2.06470613e-012	6.89841310e-018	1.39875164e-024	1.21235202e-031	8.50295987e-051	4.33559039e-070	
5.54	2.26830126e-014	1.65216424e-009	2.85370775e-006	5.03312495e-004	1.88898092e-001	7.37086987e-001	7.30691505e-002	4.39473609e-004	1.29153602e-007	5.32737286e-012	2.48708376e-017	7.53260787e-024	1.00912518e-030	7.19057416e-050	3.72260000e-069	
5.55	1.75235196e-014	1.32584438e-009	2.38381183e-006	4.45608144e-004	1.69057981e-001	7.42974729e-001	8.68746695e-002	6.44383764e-004	2.43485739e-007	1.34285417e-011	8.70029164e-017	3.90323741e-023	8.00788802e-030	5.79735613e-049	3.04723055e-068	
5.56	1.35078157e-014	1.06153641e-009	1.98637460e-006	3.93457337e-004	1.50933632e-001	7.45269152e-001	1.02467502e-001	9.33817268e-004	4.51446086e-007	3.30882635e-011	2.95558140e-016	1.94823724e-022	6.06543906e-029	4.46119378e-048	2.38095414e-067	
5.57	1.03731991e-014	8.46612385e-010	1.64848191e-006	3.45814836e-004	1.34432144e-001	7.43971361e-001	1.19910532e-001	1.33767548e-003	8.23401835e-007	7.97253977e-011	9.75503030e-016	9.37271141e-022	4.38918294e-028	3.27991551e-047	1.77734665e-066	
5.58	7.95063475e-015	6.73806291e-010	1.36498186e-006	3.03114171e-004	1.19430757e-001	7.39138254e-001	1.39230582e-001	1.89444890e-003	1.47773433e-006	1.87917397e-010	3.12973422e-015	4.34903783e-021	3.03687688e-027	2.30572992e-046	1.26862719e-065	
5.59	6.08479609e-015	5.35452063e-010	1.12787929e-006	2.64993924e-004	1.05829367e-001	7.30858808e-001	1.60390781e-001	2.65231235e-003	2.60962871e-006	4.33347996e-010	9.76444948e-015	1.94747342e-020	2.01066317e-026	1.55107859e-045	8.66524351e-065	
5.6	4.64626993e-015	4.24481306e-010	9.29578561e-007	2.30975797e-004	9.35220243e-002	7.19226289e-001	1.83343136e-001	3.67210761e-003	4.53687497e-006	9.78395623e-010	2.96448583e-014	8.42282808e-020	1.27513791e-025	7.59855459e-057	4.31025843e-076	
5.61	3.53959864e-015	3.35679669e-010	7.64124434e-007	2.00702505e-004	8.24074764e-002	7.04363243e-001	2.07991693e-001	5.02835226e-003	7.76588929e-006	2.16285280e-009	8.76069903e-014	3.52017994e-019	7.75172333e-025	2.39212614e-055	1.37787347e-074	
