4	9.99651845e-001	3.48154608e-004	1.78540825e-022	5.52757971e-041	9.16679886e-060	1.00513145e-078	6.36159148e-098	2.36490390e-117	6.33360266e-137	1.29257197e-156	1.86787857e-176	1.95589379e-196	1.59015755e-216	1.00642883e-236	4.70249898e-257	1.53175863e-277	7.33530613e-298	1.00000000e-300	1.00000000e-300	
4.01	9.99454994e-001	5.45005588e-004	2.84375470e-022	8.98216898e-041	1.51769410e-059	1.69550132e-078	1.09288470e-097	4.13298302e-117	1.12446824e-136	2.33752882e-156	3.44159132e-176	3.67016947e-196	3.03244607e-216	1.95452534e-236	9.29619662e-257	3.08577197e-277	1.49954902e-297	1.00000000e-300	1.00000000e-300	
4.02	9.99154950e-001	8.45050175e-004	4.48635685e-022	1.44567294e-040	2.48880635e-059	2.83279232e-078	1.85964178e-097	7.15411933e-117	1.97736853e-136	4.18712234e-156	6.28102897e-176	6.82164428e-196	5.72814197e-216	3.75961012e-236	1.82028184e-256	6.15708917e-277	3.03618974e-297	1.00000000e-300	1.00000000e-300	
4.03	9.98701843e-001	1.29815722e-003	7.01213862e-022	2.30525959e-040	4.04353474e-059	4.68918920e-078	3.13490386e-097	1.22682419e-116	3.44487742e-136	7.43039001e-156	1.13562433e-175	1.25609655e-195	1.07193766e-215	7.16487977e-236	3.53106292e-256	1.21714623e-276	6.09060362e-297	1.00000000e-300	1.00000000e-300	
4.04	9.98024106e-001	1.97589434e-003	1.08595457e-021	3.64218732e-040	6.50902016e-059	7.69060466e-078	5.23633462e-097	2.08461110e-116	5.94668692e-136	1.30653343e-155	2.03449669e-175	2.29177090e-195	1.98765906e-215	1.35297737e-235	6.78728491e-256	2.38409670e-276	1.21063155e-296	1.00000000e-300	1.00000000e-300	
4.05	9.97019886e-001	2.98011405e-003	1.19876142e-011	4.10183547e-030	7.46888229e-049	8.99107053e-068	6.23427440e-087	2.52471324e-106	7.31694896e-126	1.63752410e-145	2.59796625e-165	2.98044701e-185	2.62710182e-205	1.82108819e-225	9.29933200e-246	3.32856038e-266	1.71522229e-286	1.00000000e-300	1.00000000e-300	
4.06	9.95545370e-001	4.45462998e-003	3.53486142e-011	1.23398081e-029	2.28926183e-048	2.80777334e-067	1.98275075e-086	8.16820775e-106	2.40503128e-125	5.48255245e-145	8.86212310e-165	1.03541571e-184	9.27542519e-205	6.54766708e-225	3.40333026e-245	1.24136645e-265	6.49148381e-286	1.00000000e-300	1.00000000e-300	
4.07	9.93401903e-001	6.59809672e-003	1.01775088e-010	3.62472712e-029	6.85138856e-048	8.56156021e-067	6.15718102e-086	2.58022085e-105	7.71827955e-125	1.79223953e-144	2.95159753e-164	3.51209234e-184	3.19746207e-204	2.29851346e-224	1.21601601e-244	4.51983352e-265	2.39868042e-285	1.00000000e-300	1.00000000e-300	
4.08	9.90315695e-001	9.68430429e-003	2.86182657e-010	1.03983234e-028	2.00252733e-047	2.54952872e-066	1.86737619e-085	7.96016963e-105	2.41921032e-124	5.72214938e-144	9.60140508e-164	1.16351051e-183	1.07652712e-203	7.88087203e-224	4.24341591e-244	1.60729363e-264	8.65625608e-285	1.00000000e-300	1.00000000e-300	
4.09	9.85917558e-001	1.40824415e-002	7.86113517e-010	2.91401385e-028	5.71756436e-047	7.41654694e-066	5.53184675e-085	2.39868474e-104	7.40631964e-124	1.78439735e-143	3.05051261e-163	3.76476355e-183	3.53997513e-203	2.63901530e-223	1.44627353e-243	5.58234339e-264	3.05112778e-284	1.00000000e-300	1.00000000e-300	
4.1	9.79719692e-001	2.02803063e-002	2.10902819e-009	7.97575235e-028	1.59435329e-046	2.10709340e-065	1.60064829e-084	7.06002243e-104	2.21477003e-123	5.43541864e-143	9.46739120e-163	1.18993881e-182	1.13717394e-202	8.63326711e-223	4.81498445e-243	1.89387368e-263	1.05051791e-283	1.00000000e-300	1.00000000e-300	
4.11	9.71089067e-001	2.89109275e-002	5.52640325e-009	2.13218228e-027	4.34235322e-046	5.84694848e-065	4.52305135e-084	2.02918409e-103	6.46772517e-123	1.61685045e-142	2.86929982e-162	3.67284481e-182	3.56725409e-202	2.75783076e-222	1.56525953e-242	6.27383673e-263	3.53177029e-283	1.00000000e-300	1.00000000e-300	
4.12	9.59232454e-001	4.07675316e-002	1.41362272e-008	5.56434842e-027	1.15450099e-045	1.58380798e-064	1.24768235e-083	5.69328019e-103	1.84367882e-122	4.69475903e-142	8.48839052e-162	1.10658478e-181	1.09227596e-201	8.59924393e-222	4.96664198e-242	2.02860841e-262	1.15893991e-282	1.00000000e-300	1.00000000e-300	
4.13	9.43192563e-001	5.68074013e-002	3.52713032e-008	1.41640443e-026	2.99381630e-045	4.18446357e-064	3.35697037e-083	1.55790346e-102	5.12603138e-122	1.32957187e-141	2.44924356e-161	3.25174064e-181	3.26188510e-201	2.61515682e-221	1.53679075e-241	6.39636539e-262	3.70868290e-282	1.00000000e-300	1.00000000e-300	
4.14	9.21871716e-001	7.81281981e-002	8.57817185e-008	3.51434793e-026	7.56685024e-045	1.07753051e-063	8.80263465e-083	4.15434171e-102	1.38885454e-121	3.66946166e-141	6.88712774e-161	9.31221469e-181	9.49354133e-201	7.75109514e-221	4.63415948e-241	1.96554247e-261	1.15660967e-281	1.00000000e-300	1.00000000e-300	
4.15	8.94115858e-001	1.05883939e-001	2.03052165e-007	8.48702882e-026	1.86135381e-044	2.70043206e-063	2.24624194e-082	1.07795467e-101	3.66153080e-121	9.85421536e-141	1.88435134e-160	2.59481044e-180	2.68844913e-200	2.23534475e-220	1.35961605e-240	5.87637140e-261	3.50953858e-281	1.00000000e-300	1.00000000e-300	
4.16	8.58845032e-001	1.41154501e-001	4.67163049e-007	1.99208157e-025	4.44978907e-044	6.57707973e-063	5.57049186e-082	2.71797602e-101	9.38074143e-121	2.57161616e-140	5.01026002e-160	7.02642137e-180	7.39856941e-200	6.26466504e-220	3.87568983e-240	1.70697636e-260	1.03471926e-280	1.00000000e-300	1.00000000e-300	
4.17	8.15261427e-001	1.84737531e-001	1.04274723e-006	4.53624756e-025	1.03190345e-043	1.55383745e-062	1.33986156e-081	6.64580903e-101	2.33063617e-120	6.50797544e-140	1.29185451e-159	1.84511106e-179	1.97450004e-199	1.70259554e-219	1.07121904e-239	4.80755334e-260	2.95776630e-280	1.44436288e-300	1.00000000e-300	
4.18	7.63133430e-001	2.36864315e-001	2.25434177e-006	1.00055114e-024	2.31743171e-043	3.55494287e-062	3.12028690e-081	1.57304240e-100	5.60519669e-120	1.59433305e-139	3.22445757e-159	4.69018832e-179	5.10085844e-199	4.47915212e-219	2.86555698e-239	1.31050809e-259	8.18300398e-280	4.05400247e-300	1.00000000e-300	
4.19	7.02991530e-001	2.97003757e-001	4.71273616e-006	2.13390816e-024	5.03125965e-043	7.86220313e-062	7.02421436e-081	3.59810181e-100	1.30276325e-119	3.77448428e-139	7.77747064e-159	1.15213253e-178	1.27344047e-198	1.13872885e-218	7.40636648e-239	3.45156421e-259	2.18744167e-279	1.09943791e-299	1.00000000e-300	
4.2	6.36341015e-001	3.63649470e-001	9.51505067e-006	4.39534861e-024	1.05462212e-042	1.67871977e-061	1.52610888e-080	7.94062584e-100	2.92138841e-119	8.62173418e-139	1.81003384e-158	2.73076632e-178	3.06744958e-198	2.79341552e-218	1.84664211e-238	8.76931385e-259	5.64088116e-279	2.87623963e-299	1.00000000e-300	
4.21	5.65479401e-001	4.34502051e-001	1.85483912e-005	1.92616900e-014	4.70152800e-033	7.62232778e-052	7.04987771e-071	3.72477292e-090	1.39249053e-109	4.18605300e-129	8.95374102e-149	1.37572076e-168	1.57052921e-188	1.45648633e-208	9.78426929e-229	4.73447658e-249	3.09119651e-269	1.59908774e-289	1.00000000e-300	
4.22	4.93322417e-001	5.06642668e-001	3.49155281e-005	7.26697580e-014	1.80357783e-032	2.97787180e-051	2.80112106e-070	1.50202212e-089	5.70590383e-109	1.74722229e-128	3.80766293e-148	5.95822447e-168	6.91273491e-188	6.52822260e-208	4.45490828e-228	2.19648372e-248	1.45558895e-268	7.63968376e-289	1.00000000e-300	
4.23	4.22844202e-001	5.77092245e-001	6.35528619e-005	2.61135022e-013	6.58616918e-032	1.10727277e-050	1.05878062e-069	5.75862406e-089	2.22289202e-108	6.93353717e-128	1.53948603e-147	2.45336419e-167	2.89277702e-187	2.78205137e-207	1.92809715e-227	9.68649659e-248	6.51587286e-268	3.46958086e-288	1.00000000e-300	
4.24	3.56668046e-001	6.43219891e-001	1.12062488e-004	8.95703624e-013	2.29397025e-031	3.92614885e-050	3.81475792e-069	2.10306958e-088	8.24959630e-108	2.62108289e-127	5.92951519e-147	9.62349296e-167	1.15320467e-186	1.12937486e-206	7.94606951e-227	4.06739840e-247	2.77713942e-267	1.50026440e-287	1.00000000e-300	
4.25	2.96687995e-001	7.03120099e-001	1.91906046e-004	2.94094620e-012	7.64120296e-031	1.33101133e-049	1.31315246e-068	7.33195120e-088	2.92249330e-107	9.45821322e-127	2.17996479e-146	3.60324758e-166	4.38821071e-186	4.37639445e-206	3.12465690e-226	1.62963226e-246	1.12941455e-266	6.19026887e-287	1.00000000e-300	
4.26	2.43971896e-001	7.55708037e-001	3.20066725e-004	9.27248454e-012	2.44134819e-030	4.32640696e-049	4.33047761e-068	2.44632110e-087	9.90894808e-107	3.26661439e-126	7.67099001e-146	1.29130376e-165	1.59824712e-185	1.62326158e-205	1.17568015e-225	6.24730406e-246	4.39486744e-266	2.44390115e-286	1.00000000e-300	
4.27	1.98808161e-001	8.00670565e-001	5.21274403e-004	2.81572361e-011	7.50219442e-030	1.35194162e-048	1.37156877e-067	7.83037661e-087	3.22317305e-106	1.08232809e-125	2.58954945e-145	4.43948132e-165	5.58425323e-185	5.77571829e-205	4.24154975e-225	2.29620493e-245	1.63967790e-265	9.25117298e-286	1.00000000e-300	
4.28	1.60916175e-001	8.38252549e-001	8.31275252e-004	8.26049938e-011	2.22349315e-029	4.07203345e-048	4.18210649e-067	2.40974157e-086	1.00800701e-105	3.44782807e-125	8.40462197e-145	1.46741545e-164	1.87589063e-184	1.97582801e-204	1.47043835e-224	8.10963132e-245	5.87824827e-265	3.36495980e-285	1.00000000e-300	
4.29	1.29627866e-001	8.69071177e-001	1.30095761e-003	2.34685791e-010	6.36902387e-029	1.18447190e-047	1.22968751e-066	7.13979860e-086	3.03498346e-105	1.05741184e-124	2.62619670e-144	4.66979036e-164	6.06694776e-184	6.50750591e-204	4.90540171e-224	2.75599849e-244	2.02781141e-264	1.17779602e-284	1.00000000e-300	
4.3	1.04112062e-001	8.93885759e-001	2.00217784e-003	6.47293328e-010	1.76687138e-028	3.33353089e-047	3.49225382e-066	2.03962961e-085	8.81087569e-105	3.12697437e-124	7.91258476e-144	1.43289415e-163	1.89195910e-183	2.06658558e-203	1.57694436e-223	9.02451848e-244	6.74024833e-264	3.97209519e-284	1.00000000e-300	
4.31	8.34802857e-002	9.13484049e-001	3.03566394e-003	1.73669718e-009	4.75494793e-028	9.09011437e-047	9.58973981e-066	5.62217261e-085	2.46813846e-104	8.92248740e-124	2.30032159e-143	4.24241377e-163	5.69283402e-183	6.33247758e-203	4.88843414e-223	2.84923596e-243	2.16031235e-263	1.29166658e-283	1.00000000e-300	
4.32	6.68959954e-002	9.28564910e-001	4.53908999e-003	4.53829170e-009	1.24231247e-027	2.40283253e-046	2.54647943e-065	1.49520253e-084	6.67084203e-104	2.45639873e-123	6.45232133e-143	1.21190837e-162	1.65274505e-182	1.87218371e-202	1.46115953e-222	8.67362894e-243	6.67561682e-263	4.04975541e-283	1.00000000e-300	
4.33	5.36161855e-002	9.39682173e-001	6.70163041e-003	1.15684432e-008	3.15439908e-027	6.16153741e-046	6.54139629e-065	3.83704616e-084	1.73976248e-103	6.52574075e-123	1.74643814e-142	3.34073902e-162	4.63020474e-182	5.34122917e-202	4.21166154e-222	2.54573352e-242	1.98900971e-262	1.22430734e-282	1.00000000e-300	
4.34	4.29983081e-002	9.47226709e-001	9.77495396e-003	2.87871680e-008	7.78662915e-027	1.53258983e-045	1.62472816e-064	9.49411654e-084	4.37476571e-103	1.67148042e-122	4.55754716e-142	8.87874221e-162	1.25061514e-181	1.46915142e-201	1.16952031e-221	7.19793397e-242	5.70902124e-262	3.56568686e-282	1.00000000e-300	
4.35	3.45123455e-002	9.51393005e-001	1.40945793e-002	6.99856093e-008	1.86922383e-026	3.69733331e-045	3.89981152e-064	2.26338452e-083	1.05993468e-102	4.12506200e-122	1.14597789e-141	2.27363031e-161	3.25473877e-181	3.89364736e-201	3.12667418e-221	1.95894630e-241	1.57737845e-261	9.99606115e-282	1.00000000e-300	
4.36	2.77214205e-002	9.52189709e-001	2.00887038e-002	1.66231198e-007	4.36176427e-026	8.64297601e-045	9.03368279e-064	5.18998207e-083	2.47012616e-102	9.79237327e-122	2.77168788e-141	5.60038770e-161	8.14767764e-181	9.92602412e-201	8.03466417e-221	5.12349456e-241	4.18791447e-261	2.69284624e-281	1.00000000e-300	
4.37	2.22796904e-002	9.49415352e-001	2.83045713e-002	3.85900226e-007	9.89360919e-026	1.95672821e-044	2.01768240e-063	1.14355157e-082	5.53161889e-102	2.23373401e-121	6.44154341e-141	1.32555683e-160	1.95989713e-180	2.43151349e-200	1.98231982e-220	1.28638535e-240	1.06753971e-260	6.96509237e-281	1.00000000e-300	
4.38	1.79041296e-002	9.42688757e-001	3.94062384e-002	8.75186863e-007	2.17973864e-025	4.28458278e-044	4.33776376e-063	2.41644686e-082	1.18796857e-101	4.88634653e-121	1.43568283e-140	3.00880802e-160	4.52112400e-180	5.71202385e-200	4.68621203e-220	3.09402617e-240	2.60659323e-260	1.72564928e-280	1.00000000e-300	
4.39	1.43783061e-002	9.31441612e-001	5.41781435e-002	1.93797707e-006	4.66106370e-025	9.06204666e-044	8.96167589e-063	4.88827573e-082	2.44242816e-101	1.02334946e-120	3.06346195e-140	6.53845420e-160	9.98511683e-180	1.28468901e-199	1.05971212e-219	7.11646043e-240	6.08660659e-260	4.08881271e-280	2.22677960e-300	
4.4	1.15261980e-002	9.14987413e-001	7.34822024e-002	4.18619713e-006	9.66320521e-025	1.84824995e-043	1.77596805e-062	9.44915163e-082	4.79847229e-101	2.04791613e-120	6.24612234e-140	1.35770511e-159	2.10715799e-179	2.76084272e-199	2.28773841e-219	1.56223601e-239	1.35646089e-259	9.24649552e-280	5.10743235e-300	
4.41	9.21236969e-003	8.92559456e-001	9.82193625e-002	8.81141852e-006	1.06348988e-014	1.98939332e-033	1.84716186e-052	9.54901706e-072	4.92852494e-091	2.14255746e-110	6.65783370e-130	1.47385246e-149	2.32472509e-169	3.10182540e-189	2.57969511e-209	1.79070881e-229	1.57855149e-249	1.09189423e-269	6.11705452e-290	
4.42	7.33090309e-003	8.63469949e-001	1.29181105e-001	1.80428946e-005	3.86235185e-014	7.02143662e-033	6.26522407e-052	3.13496326e-071	1.64461403e-090	7.28253123e-110	2.30569296e-129	5.19827069e-149	8.33283216e-169	1.13223982e-188	9.44241363e-209	6.66037499e-229	5.96113398e-249	4.18383912e-269	2.37731639e-289	
4.43	5.79992600e-003	8.27203994e-001	1.66960188e-001	3.58918199e-005	1.33606005e-013	2.34466428e-032	1.99954314e-051	9.64797654e-071	5.14421570e-090	2.32034989e-109	7.48475819e-129	1.71854021e-148	2.79970059e-168	3.87394574e-188	3.23691991e-208	2.31937511e-228	2.10756485e-248	1.50100765e-268	8.65084233e-289	
4.44	4.55544470e-003	7.83659860e-001	2.11715457e-001	6.92381313e-005	4.39713899e-013	7.39785826e-032	5.99745299e-051	2.78058927e-070	1.50693110e-089	6.92364392e-109	2.27541867e-128	5.32074984e-148	8.80948018e-168	1.24134882e-187	1.03826432e-207	7.55376006e-228	6.96841334e-248	5.03607237e-268	2.94386647e-288	
4.45	3.54783632e-003	7.33276829e-001	2.63046021e-001	1.29314156e-004	1.37566971e-012	2.20350421e-031	1.68967426e-050	7.50166163e-070	4.13223622e-089	1.93393374e-108	6.47558593e-128	1.54213663e-147	2.59487907e-167	3.72356657e-187	3.11491264e-207	2.30001672e-227	2.15417881e-247	1.57977325e-267	9.36661482e-288	
4.46	2.73742777e-003	6.77125353e-001	3.19903672e-001	2.33546515e-004	4.08951182e-012	6.19360245e-031	4.47126945e-050	1.89500718e-069	1.06097485e-088	5.05780070e-108	1.72550515e-127	4.18486892e-147	7.15643572e-167	1.04577328e-186	8.74246181e-207	6.54817003e-227	6.22686386e-247	4.63411763e-267	2.78676867e-287	
4.47	2.09280567e-003	6.16863591e-001	3.80636032e-001	4.07571523e-004	1.15537740e-011	1.64356573e-030	1.11224587e-049	4.48703354e-069	2.55351328e-088	1.23999091e-107	4.31001359e-127	1.06456889e-146	1.85016925e-166	2.75331000e-186	2.29825542e-206	1.74533370e-226	1.68517303e-246	1.27259706e-266	7.76210467e-287	
4.48	1.58647759e-003	5.54585045e-001	4.43141466e-001	6.87011475e-004	3.10313786e-011	4.12043109e-030	2.60391247e-049	9.97361908e-069	5.76943315e-088	2.85375335e-107	1.01060746e-126	2.54215289e-146	4.49008760e-166	6.80450331e-186	5.66711361e-206	4.36099546e-226	4.27506662e-246	3.27616417e-266	2.02682762e-286	
4.49	1.19270843e-003	4.92509488e-001	5.05178610e-001	1.11919365e-003	7.93582696e-011	9.77981017e-030	5.75215279e-049	2.08706244e-068	1.22717848e-087	6.18288230e-107	2.23079893e-126	5.71486852e-146	1.02584295e-165	1.58316427e-185	1.31459294e-205	1.02446457e-225	1.01967211e-245	7.92963770e-266	4.97592727e-286	
4.5	8.90725837e-004	4.32702708e-001	5.64643034e-001	1.76353149e-003	1.93541925e-010	2.20231819e-029	1.20227000e-048	4.12456689e-068	2.46507703e-087	1.26511523e-106	4.65064601e-126	1.21331751e-145	2.21343679e-165	3.47866034e-185	2.87777990e-205	2.26954250e-225	2.29369511e-245	1.81019266e-265	1.15218169e-285	
4.51	6.62190774e-004	3.76805707e-001	6.19840431e-001	2.69167058e-003	4.51164812e-010	4.71929720e-029	2.38589343e-048	7.72658903e-068	4.69416101e-087	2.45395003e-106	9.19082409e-126	2.44196511e-145	4.52743963e-165	7.24599025e-185	5.96819887e-205	4.76046811e-225	4.88503654e-245	3.91209781e-265	2.52572652e-285	
4.52	4.91032073e-004	3.25934580e-001	6.69587624e-001	3.98676268e-003	1.00780246e-009	9.65420496e-029	4.51173238e-048	1.37754408e-067	8.50703442e-087	4.53007850e-106	1.72864173e-125	4.67731405e-145	8.81314826e-165	1.43639551e-184	1.17727687e-204	9.49034153e-225	9.88834752e-245	8.03669337e-265	5.26306049e-285	
4.53	3.64102971e-004	2.80651751e-001	7.13243111e-001	5.74103271e-003	2.16313187e-009	1.89184176e-028	8.16223038e-048	2.34742469e-067	1.47358738e-086	7.99298858e-106	3.10745221e-125	8.56259737e-145	1.63968468e-164	2.72146835e-184	2.21816640e-204	1.80573624e-224	1.91042768e-244	1.57561045e-264	1.04656955e-284	
4.54	2.70556888e-004	2.41058043e-001	7.50617807e-001	8.05358845e-003	4.47209882e-009	3.56257374e-028	1.41782694e-047	3.83818878e-067	2.44923029e-086	1.35324067e-105	5.36000582e-125	1.50405641e-144	2.92709094e-164	4.94741893e-184	4.00795442e-204	3.29249521e-224	3.53700861e-244	2.96058309e-264	1.99473325e-284	
4.55	2.01847194e-004	2.06906332e-001	7.81863959e-001	1.10278531e-002	8.93037156e-009	6.46847136e-028	5.19575951e-039	1.32345692e-058	8.58495664e-078	4.83169554e-097	1.94983678e-116	5.57175820e-136	1.10200914e-155	1.89681080e-175	1.52673116e-195	1.26458309e-215	1.37943483e-235	1.17169356e-255	8.00774716e-276	
4.56	1.51468697e-004	1.77755605e-001	8.07327958e-001	1.47649509e-002	1.72608144e-008	1.13550519e-027	1.67279583e-038	4.00871295e-058	2.64339792e-077	1.51536226e-096	6.23041797e-116	1.81301265e-135	3.64424653e-155	6.38769965e-175	5.10607486e-195	4.26109894e-215	4.71976578e-235	4.06841288e-255	2.82039021e-275	
4.57	1.14463789e-004	1.53023698e-001	8.27494798e-001	1.93670075e-002	3.23775903e-008	1.93322130e-027	5.14424060e-038	1.15991896e-057	7.77529805e-077	4.54032003e-096	1.90186404e-115	5.63548667e-135	1.15120354e-154	2.05487663e-174	1.63072505e-194	1.36989671e-214	1.54076787e-234	1.34788546e-254	9.47813418e-275	
4.58	8.72088352e-005	1.32115453e-001	8.42868853e-001	2.49284263e-002	5.90579207e-008	3.20010408e-027	1.51586786e-037	3.21696878e-057	2.19214227e-076	1.30391522e-095	5.56443998e-115	1.67886796e-134	3.48544254e-154	6.33567074e-174	4.98989583e-194	4.21621955e-214	4.81539974e-234	4.27541484e-254	3.04951130e-274	
4.59	6.70431900e-005	1.14486312e-001	8.53913572e-001	3.15329683e-002	1.04953575e-007	5.16249754e-027	4.29295784e-037	8.57870956e-057	5.94258074e-076	3.60047303e-095	1.56535500e-114	4.80893060e-134	1.01462794e-153	1.87817545e-173	1.46778325e-193	1.24631337e-213	1.44543673e-233	1.30242993e-253	9.42355783e-274	
4.6	5.20267884e-005	9.95967168e-002	8.61087793e-001	3.92632813e-002	1.82077889e-007	5.88787926e-015	8.47996915e-025	1.59674044e-044	1.12446510e-063	6.93985745e-083	3.07386165e-102	9.61423011e-122	2.06150269e-141	3.88603497e-161	3.01289733e-181	2.56875891e-201	3.02523691e-221	2.76631027e-241	2.03017046e-261	
4.61	4.07687894e-005	8.70056594e-002	8.64776197e-001	4.81770656e-002	3.08843538e-007	1.51153550e-014	3.72207158e-024	6.60902656e-044	4.73154822e-063	2.97450696e-082	1.34216540e-101	4.27373158e-121	9.31278807e-141	1.78768919e-160	1.37493400e-180	1.17606193e-200	1.40650346e-220	1.30533964e-240	9.71813308e-261	
4.62	3.22567471e-005	7.63161887e-002	8.65309546e-001	5.83414952e-002	5.13077636e-007	3.76227842e-014	1.56429533e-023	2.62175332e-043	1.90811741e-062	1.22189895e-081	5.61663504e-101	1.82062724e-120	4.03186120e-140	7.88150207e-160	6.01228322e-180	5.15544779e-200	6.26117050e-220	5.89730668e-240	4.45348639e-260	
4.63	2.57672575e-005	6.72014843e-002	8.62974636e-001	6.97972764e-002	8.35989246e-007	9.09623707e-014	6.30982137e-023	9.99195771e-043	7.39323545e-062	4.82240914e-081	2.25821079e-100	7.45062782e-120	1.67678531e-139	3.33781612e-159	2.52558726e-179	2.16900314e-199	2.67504056e-219	2.55715569e-239	1.95890584e-259	
4.64	2.07791796e-005	5.93964792e-002	8.58005209e-001	8.25761955e-002	1.33758971e-006	2.13980596e-013	2.44776801e-022	3.66651889e-042	2.75802534e-061	1.83245322e-080	8.74095221e-100	2.93507680e-119	6.71258273e-139	1.36069544e-158	1.02123644e-178	8.77727927e-199	1.09930355e-218	1.06656015e-238	8.28782465e-259	
4.65	1.69055497e-005	5.26692558e-002	8.50601907e-001	9.67098270e-002	2.10432995e-006	4.90585802e-013	9.15096931e-022	1.29812031e-041	9.92750313e-061	6.71866752e-080	3.26450003e-099	1.11542011e-118	2.59237249e-138	5.35105579e-158	3.98381163e-178	3.42428368e-198	4.35532056e-218	4.28842118e-238	3.38043606e-258	
4.66	1.38706329e-005	4.68409278e-002	8.40939947e-001	1.12201996e-001	3.25829414e-006	1.09769609e-012	3.30270444e-021	4.44258218e-041	3.45403684e-060	2.38110908e-079	1.17841685e-098	4.09641898e-118	9.67459965e-138	2.03346147e-157	1.50192885e-177	1.28998441e-197	1.66621598e-217	1.66521685e-237	1.33153434e-257	
4.67	1.14707408e-005	4.17631791e-002	8.29166767e-001	1.29053613e-001	4.96994523e-006	2.39970193e-012	1.15238945e-020	1.47181815e-040	1.16340064e-059	8.16937461e-079	4.11804345e-098	1.45611663e-117	3.49456810e-137	7.47917151e-157	5.48125431e-177	4.70130741e-197	6.16694311e-217	6.25514060e-237	5.07392975e-257	
4.68	9.55876167e-006	3.73145360e-002	8.15421528e-001	1.47246903e-001	7.47477008e-006	5.13245182e-012	3.89385950e-020	4.72836942e-040	3.80002364e-059	2.71818572e-078	1.39544418e-097	5.01759801e-117	1.22359549e-136	2.66654060e-156	1.93958438e-176	1.66003456e-196	2.21146281e-216	2.27661966e-236	1.87329850e-256	
4.69	8.02643943e-006	3.33956849e-002	7.99839699e-001	1.66745498e-001	1.10920264e-005	1.07489718e-011	1.27563750e-019	1.47482774e-039	1.20502307e-058	8.77976738e-078	4.59024801e-097	1.67796754e-116	4.15760436e-136	9.22518053e-156	6.66078017e-176	5.68519987e-196	7.69164146e-216	8.03673903e-236	6.70846330e-256	
4.7	6.77992060e-006	2.99260181e-002	7.82533361e-001	1.87517589e-001	1.62516892e-005	2.20655124e-011	4.05688792e-019	4.47202611e-039	3.71492449e-058	2.75710590e-077	1.46787303e-096	5.45312811e-116	1.37278859e-135	3.10129581e-155	2.22346989e-175	1.89150991e-195	2.59897760e-215	2.75621994e-235	2.33380182e-255	
4.71	5.75778804e-006	2.68402976e-002	7.63647969e-001	2.09482451e-001	2.35241486e-005	4.44325277e-011	1.25379542e-018	4.73348712e-030	3.99787764e-049	3.02228427e-068	1.63827205e-087	6.18285862e-107	1.58129376e-126	3.63699748e-146	2.58990065e-166	2.19483106e-186	3.06279714e-206	3.29673334e-226	2.83175858e-246	
4.72	4.92114583e-006	2.41288107e-002	7.43288584e-001	2.32544029e-001	3.36549008e-005	8.78322336e-011	3.76933572e-018	2.60876681e-029	2.24024629e-048	1.72512421e-067	9.52055301e-087	3.64856021e-106	9.47899564e-126	2.21943750e-145	1.57028265e-165	1.32502123e-185	1.87789116e-205	2.05162256e-225	1.78775058e-245	
4.73	4.22356949e-006	2.16975240e-002	7.21634547e-001	2.56616090e-001	4.76155695e-005	1.70560497e-010	1.10338850e-017	1.38168146e-028	1.20639261e-047	9.46264501e-067	5.31609270e-086	2.06771400e-105	5.45642962e-125	1.30051235e-144	9.14565647e-165	7.68026240e-185	1.10550320e-204	1.22588512e-224	1.08370326e-244	
4.74	3.63742875e-006	1.95121794e-002	6.98826895e-001	2.81590640e-001	6.66469504e-005	3.25557422e-010	3.14744053e-017	7.03985289e-028	6.24986940e-047	4.99350384e-066	2.85538874e-085	1.12656385e-104	3.01914524e-124	7.32428917e-144	5.12116429e-164	4.27833274e-184	6.25450667e-204	7.03963743e-224	6.31300998e-244	
4.75	3.14165966e-006	1.75409827e-002	6.75030563e-001	3.07332987e-001	9.23253621e-005	6.11190684e-010	8.75639637e-017	3.45514685e-027	9.60941275e-039	7.82079658e-058	4.55120844e-077	1.82026494e-096	4.95350625e-116	1.22296718e-135	8.50582262e-156	7.06698457e-176	1.04930802e-195	1.19874337e-215	1.09055983e-235	
4.76	2.71995292e-006	1.57615322e-002	6.50417129e-001	3.33691987e-001	1.26630442e-004	1.12914536e-009	2.37796434e-016	1.63531996e-026	9.17175093e-038	7.60383927e-057	4.50224363e-076	1.82410000e-095	5.03950714e-115	1.26604877e-134	8.76218958e-155	7.23848788e-175	1.09159685e-194	1.26578097e-214	1.16823348e-234	
4.77	2.35931762e-006	1.41528313e-002	6.25138567e-001	3.60534213e-001	1.72027056e-004	2.05394407e-009	6.30728897e-016	7.46958110e-026	8.31858724e-037	7.02464722e-056	4.23146028e-075	1.73527180e-094	4.86588470e-114	1.24370839e-133	8.56961612e-154	7.03696512e-174	1.07785089e-193	1.26862702e-213	1.18774181e-233	
4.78	2.04945296e-006	1.26984679e-002	5.99385782e-001	3.87682161e-001	2.31535876e-004	3.68056179e-009	1.63529305e-015	3.29691577e-025	7.18357212e-036	6.17888536e-055	3.78561779e-074	1.57001402e-093	4.46724716e-113	1.16144013e-132	7.97035498e-153	6.50481921e-173	1.01196646e-192	1.20899664e-212	1.14836307e-232	
4.79	1.78232519e-006	1.13833880e-002	5.73315498e-001	4.14990475e-001	3.08850531e-004	6.49941679e-009	4.14663180e-015	1.40725602e-024	5.91118134e-035	5.17934053e-054	3.22660138e-073	1.35207902e-092	3.90255447e-112	1.03182129e-131	7.05567072e-152	5.72189662e-172	9.04147368e-192	1.09642793e-211	1.05649252e-231	
4.8	1.55108930e-006	1.01939774e-002	5.47096294e-001	4.42299720e-001	4.08445803e-004	1.13180432e-008	1.02928054e-014	5.81532445e-024	4.64210428e-034	4.14288646e-053	2.62390681e-072	1.10975588e-091	3.24803431e-111	8.73080562e-131	5.95187513e-151	4.79641802e-171	7.69816394e-191	9.47582957e-211	9.26369104e-231	
4.81	1.35048704e-006	9.11969108e-003	5.20931431e-001	4.69411886e-001	5.35622213e-004	1.94376331e-008	2.50125207e-014	2.32743929e-023	3.48187147e-033	3.16533770e-052	2.03742128e-071	8.68799318e-091	2.57727475e-110	7.04115715e-130	4.78762300e-150	3.83347186e-170	6.24934279e-190	7.80826238e-210	7.74398728e-230	
4.82	1.17602851e-006	8.14957391e-003	4.94899895e-001	4.96252500e-001	6.96821944e-004	3.29476873e-008	5.95722559e-014	9.03435806e-023	2.49855105e-032	2.31368742e-051	1.51310406e-070	6.49735513e-090	1.95268231e-109	5.42005250e-129	3.67735430e-149	2.92573339e-169	4.84465134e-189	6.14444783e-209	6.18222120e-229	
4.83	1.02413932e-006	7.27477736e-003	4.69217927e-001	5.22606723e-001	8.99493715e-004	5.51333087e-008	1.39114673e-013	3.40339320e-022	1.71689847e-031	1.61940999e-050	1.07573402e-069	4.64579580e-089	1.41368585e-108	3.98513234e-128	2.69940550e-148	2.13425482e-168	3.58969780e-188	4.62143263e-208	4.71733607e-228	
4.84	8.91734203e-007	6.48705354e-003	4.43989554e-001	5.48370011e-001	1.15239876e-003	9.11231719e-008	3.18698786e-013	1.24527551e-021	1.13101651e-030	1.08667997e-049	7.32955597e-069	3.17929902e-088	9.78908499e-108	2.80112313e-127	1.89521186e-147	1.48912694e-167	2.54412448e-187	3.32474024e-207	3.44304321e-227	
4.85	7.77161609e-007	5.77857101e-003	4.19318061e-001	5.73436585e-001	1.46585721e-003	1.48800747e-007	7.16688621e-013	4.42887764e-021	7.15020887e-030	6.99765988e-049	4.79062085e-068	2.08423792e-087	6.48891008e-107	1.88379205e-126	1.27369307e-146	9.94761845e-167	1.72632776e-186	2.29007569e-206	2.40602189e-226	
4.86	6.76975490e-007	5.14192200e-003	3.95305773e-001	5.97699620e-001	1.85176775e-003	2.40188040e-007	1.58293417e-012	1.53240132e-020	4.34331086e-029	4.32988820e-048	3.00749337e-067	1.31039753e-086	4.12178387e-106	1.21328855e-125	8.20177485e-146	6.36783761e-166	1.12252109e-185	1.51158897e-205	1.61121009e-225	
4.87	5.89449375e-007	4.57125780e-003	3.72058086e-001	6.21045938e-001	2.32374461e-003	3.83393987e-007	3.43557037e-012	5.16194763e-020	2.53727192e-028	2.57640756e-047	1.81488275e-066	7.90764129e-086	2.51076085e-105	7.48877277e-125	5.06408762e-145	3.90958668e-165	7.00078194e-185	9.56966201e-205	1.03487131e-224	
4.88	5.13029047e-007	4.06092374e-003	3.49698290e-001	6.43342803e-001	2.89686581e-003	6.05228512e-007	7.32985456e-012	1.69383502e-019	1.42681840e-027	1.47575441e-046	1.05388446e-065	4.58469772e-085	1.46794881e-104	4.43314954e-124	3.00003353e-144	2.30364242e-164	4.19026925e-184	5.81448845e-204	6.37931281e-224	
4.89	4.47177022e-007	3.61200050e-003	3.28882128e-001	6.63918928e-001	3.58555158e-003	9.44471844e-007	1.53664454e-011	5.41314703e-019	7.72389266e-027	8.13726576e-046	5.88803601e-065	2.55335473e-084	8.23529988e-104	2.51605508e-123	1.70487538e-143	1.30242580e-163	2.40655174e-183	3.38989146e-203	3.77333807e-223	
4.9	3.89605542e-007	3.21076454e-003	3.08949276e-001	6.83426193e-001	4.41191782e-003	1.45906249e-006	3.17071794e-011	1.68802051e-018	4.03386750e-026	4.32869491e-045	3.17236710e-064	1.36917009e-083	4.44290519e-103	1.37202927e-122	9.31262657e-143	7.08023004e-163	1.32897178e-182	1.90035002e-202	2.14612415e-222	
4.91	3.39270732e-007	2.85241669e-003	2.89903300e-001	7.01843367e-001	5.39834479e-003	2.23205590e-006	6.44193489e-011	5.13886853e-018	2.03381843e-025	2.22299533e-044	1.64922867e-063	7.07307404e-083	2.30633691e-102	7.19201980e-122	4.89219768e-142	3.70284414e-162	7.06043310e-182	1.02488505e-201	1.17430341e-221	
4.92	2.95288091e-007	2.53276992e-003	2.71749322e-001	7.19142960e-001	6.57126965e-003	3.38318659e-006	1.28955242e-010	1.52887719e-017	9.91344187e-025	1.10366408e-043	8.28452245e-063	3.52487872e-082	1.15331568e-101	3.62780561e-121	2.47429110e-141	1.86513727e-161	3.61278671e-181	5.32380412e-201	6.18888670e-221	
4.93	2.57117481e-007	2.25004246e-003	2.54505300e-001	7.35284053e-001	7.95526709e-003	5.07943699e-006	2.54310931e-010	4.44461543e-017	4.67169198e-024	5.29736359e-043	4.02137979e-062	1.69485387e-081	5.55635142e-101	1.76101402e-120	1.20477117e-140	9.04754557e-161	1.78034703e-180	2.66327643e-200	3.14117476e-220	
4.94	2.23838468e-007	1.99868746e-003	2.38142295e-001	7.50267210e-001	9.58402190e-003	7.56083104e-006	4.94605214e-010	1.26431675e-016	2.13190574e-023	2.46221140e-042	1.88906813e-061	7.87439822e-081	2.58261667e-100	8.23748618e-120	5.65528366e-140	4.23299675e-160	8.46176262e-180	1.28502523e-199	1.53773691e-219	
4.95	1.94727843e-007	1.77445228e-003	2.22652132e-001	7.64071626e-001	1.14904362e-002	1.11572819e-005	9.48756470e-010	3.51962393e-016	9.42516856e-023	1.10867380e-041	8.59303827e-061	3.53753994e-080	1.15882332e-099	3.71477262e-119	2.56014653e-139	1.91069970e-159	3.88022359e-179	5.98209114e-199	7.26299249e-219	
4.96	1.69320204e-007	1.57486981e-003	2.08005604e-001	7.76691337e-001	1.37116903e-002	1.63277365e-005	1.79554499e-009	9.59482117e-016	4.04030066e-022	4.84030652e-041	3.78770367e-060	1.53784152e-079	5.02299949e-099	1.61615170e-118	1.11867633e-138	8.32782204e-159	1.71810403e-178	2.68903327e-198	3.31251481e-218	
4.97	1.47152205e-007	1.39732882e-003	1.94186298e-001	7.88106129e-001	1.62863970e-002	2.36967794e-005	3.35362725e-009	2.56238378e-015	1.68025769e-021	2.05004476e-040	1.61879719e-059	6.47311737e-079	2.10446288e-098	6.78661962e-118	4.71948514e-138	3.50630396e-158	7.34904731e-178	1.16768313e-197	1.45943973e-217	
4.98	1.27816612e-007	1.23928854e-003	1.81163560e-001	7.98302680e-001	1.92602144e-002	3.41228303e-005	6.18436552e-009	6.70801255e-015	6.78558706e-021	8.43118592e-040	6.71433139e-059	2.64114994e-078	8.53139720e-098	2.75348477e-117	1.92443721e-137	1.42741226e-157	3.03944012e-177	4.90279724e-197	6.21740545e-217	
4.99	1.11025946e-007	1.09880907e-003	1.68893285e-001	8.07279950e-001	2.26790812e-002	4.87532045e-005	1.12621867e-008	1.72202321e-014	2.66234235e-020	3.36864645e-039	2.70400261e-058	1.04510594e-077	3.34808888e-097	1.07981967e-116	7.58779898e-137	5.62184114e-157	1.21619062e-176	1.99163288e-196	2.56260745e-216	
5	9.63669375e-008	9.73886852e-004	1.57355871e-001	8.15007661e-001	2.65933237e-002	6.91405913e-005	2.02640761e-008	4.33772527e-014	1.01577003e-019	1.30872902e-038	1.05832850e-057	4.01490325e-077	1.27327897e-096	4.09743836e-116	2.89571616e-136	2.14402203e-156	4.71223990e-176	7.83427804e-196	1.02277841e-215	
5.01	8.35982191e-008	8.62954206e-004	1.46508704e-001	8.21479058e-001	3.10518518e-002	9.73116523e-005	3.60210841e-008	1.07228527e-013	3.76975991e-019	4.94543916e-038	4.02657479e-057	1.49792597e-076	4.69422114e-096	1.50489570e-115	1.06995784e-135	7.92091972e-156	1.76869411e-175	2.98533929e-195	3.95445841e-215	
5.02	7.24674712e-008	7.64311268e-004	1.36313142e-001	8.26672467e-001	3.61139539e-002	1.35989714e-004	6.32989920e-008	2.60330736e-013	1.36224044e-018	1.81947434e-037	1.49076144e-056	5.43379422e-076	1.67968909e-095	5.35598066e-115	3.83199589e-135	2.83767468e-155	6.43770204e-175	1.10315850e-194	1.48268013e-214	
5.03	6.27732481e-008	6.76707144e-004	1.26744544e-001	8.30556490e-001	4.18334019e-002	1.88683785e-004	1.09961123e-007	6.20817273e-013	4.79467559e-018	6.51937670e-037	5.37281745e-056	1.91742531e-075	5.83620048e-095	1.84812707e-114	1.33102418e-134	9.86455332e-155	2.27372440e-174	3.95567920e-194	5.39442676e-214	
5.04	5.43355515e-008	5.98823519e-004	1.17758918e-001	8.33114438e-001	4.82675980e-002	2.59979806e-004	1.88887957e-007	1.45470583e-012	1.64454118e-017	2.27618156e-036	1.88581736e-055	6.58524763e-075	1.97033320e-094	6.18687224e-114	4.48616651e-134	3.32925159e-154	7.79665953e-174	1.37711239e-193	1.90553681e-213	
5.05	4.69882474e-008	5.29648391e-004	1.09325540e-001	8.34307233e-001	5.54814310e-002	3.55779227e-004	3.20948908e-007	3.35115461e-012	5.50083374e-017	7.74896284e-036	6.45155511e-055	2.20332472e-074	6.47009079e-094	2.01146888e-113	1.46886876e-133	1.09209573e-153	2.59855743e-173	4.65991936e-193	6.54262518e-213	
5.06	4.05946138e-008	4.68211277e-004	1.01415247e-001	8.34096414e-001	6.35358640e-002	4.83684452e-004	5.39559864e-007	7.59285677e-012	1.79556121e-016	2.57402298e-035	2.15237309e-054	7.18631461e-074	2.06788519e-093	6.35587886e-113	4.67515915e-133	3.48398476e-153	8.42274625e-173	1.53349955e-192	2.18465901e-212	
5.07	3.50412698e-008	4.13642488e-004	9.39923981e-002	8.32461841e-001	7.24780423e-002	6.53144047e-004	8.97423577e-007	1.69212017e-011	5.72058386e-016	8.34403048e-035	7.00472673e-054	2.28569038e-073	6.43584507e-093	1.95291915e-112	1.44714276e-132	1.08140992e-152	2.65630892e-172	4.91017952e-192	7.09789170e-212	
5.08	3.02154056e-008	3.65182231e-004	8.70303897e-002	8.29366994e-001	8.23597558e-002	8.76170838e-004	1.47712555e-006	3.71043394e-011	1.77984532e-015	2.64091597e-034	2.22486602e-053	7.09414585e-073	1.95205158e-092	5.84009448e-112	4.36088297e-132	3.26951790e-152	8.16012653e-172	1.53146905e-191	2.24631334e-211	
5.09	2.60291520e-008	3.22214209e-004	8.05003557e-002	8.24781503e-001	9.32259293e-002	1.16756553e-003	2.40610447e-006	8.00720012e-011	5.40994476e-015	8.16435230e-034	6.89964700e-053	2.14948970e-072	5.77307685e-092	1.70076504e-111	1.27982921e-131	9.63219095e-152	2.44267262e-171	4.65448289e-191	6.92744779e-211	
5.1	2.24081007e-008	2.84211398e-004	7.43983184e-002	8.18646927e-001	1.05120925e-001	1.54571647e-003	3.87943103e-006	1.70104384e-010	1.60715991e-014	2.46625528e-033	2.09022398e-052	6.36235346e-072	1.66614819e-091	4.82787571e-111	3.66164256e-131	2.76768145e-151	7.13172915e-171	1.37976496e-190	2.08373349e-210	
5.11	1.92687341e-008	2.50424887e-004	6.86771728e-002	8.10973467e-001	1.18059678e-001	2.03304554e-003	6.19174350e-006	3.55832746e-010	4.66839692e-014	7.28253606e-033	6.18737134e-052	1.84032936e-071	4.69459799e-091	1.33657841e-110	1.02184893e-130	7.76068151e-151	2.03196437e-170	3.99144411e-190	6.11668701e-210	
5.12	1.65501895e-008	2.20439546e-004	6.33129568e-002	8.01725191e-001	1.32074881e-001	2.65673027e-003	9.78360509e-006	7.33023684e-010	1.32630385e-013	2.10264093e-032	1.79039589e-051	5.20433663e-071	1.29216820e-090	3.61102224e-110	2.78306145e-130	2.12496102e-150	5.65329633e-170	1.12752475e-189	1.75329230e-209	
5.13	1.41914087e-008	1.93805602e-004	5.82865925e-002	7.90889842e-001	1.47165050e-001	3.44938688e-003	1.53069846e-005	1.48761419e-009	3.68716822e-013	5.93861651e-032	5.06664663e-051	1.43967455e-070	3.47680290e-090	9.52888125e-110	7.40394814e-130	5.68572273e-150	1.53705570e-169	3.11264595e-189	4.91147290e-209	
5.14	1.21498423e-008	1.70162248e-004	5.35772204e-002	7.78463152e-001	1.63316277e-001	4.44945899e-003	2.37141061e-005	2.97471601e-009	1.00343056e-012	1.64133566e-031	1.40273110e-050	3.89744964e-070	9.15001677e-090	2.45750189e-109	1.92518753e-129	1.48766520e-149	4.08665549e-169	8.40270482e-189	1.34540146e-208	
5.15	1.03827430e-008	1.49192071e-004	4.91679411e-002	7.64446049e-001	1.80503322e-001	5.69713418e-003	3.63452859e-005	5.85570704e-009	2.67098418e-012	4.43545091e-031	3.79649996e-050	1.03185388e-069	2.35394976e-089	6.19167172e-109	4.89034967e-129	3.80423934e-149	1.06192478e-168	2.21700825e-188	3.60208009e-208	
5.16	8.85638502e-009	1.30602424e-004	4.50413955e-002	7.48857834e-001	1.98673131e-001	7.24189296e-003	5.51237453e-005	1.13532941e-008	6.95928992e-012	1.17272297e-030	1.00516240e-049	2.67351756e-069	5.92469266e-089	1.52537078e-108	1.21475733e-128	9.51780408e-149	2.69977990e-168	5.72302519e-188	9.43568363e-208	
5.17	7.53996593e-009	1.14155754e-004	4.11891992e-002	7.31728637e-001	2.17739374e-001	9.14580353e-003	8.28019539e-005	2.16983273e-008	1.77640743e-011	3.03633438e-030	2.60562463e-049	6.78548080e-069	1.46046809e-088	3.67885360e-108	2.95395343e-128	2.33219125e-148	6.72236833e-168	1.44694641e-187	2.42081680e-207	
5.18	6.40532546e-009	9.95855360e-005	3.75882860e-002	7.13096419e-001	2.37618387e-001	1.14740960e-002	1.23178454e-004	4.08857599e-008	4.44394170e-011	7.70087112e-030	6.61586866e-049	1.68776465e-068	3.52786240e-088	8.69145702e-108	7.03647751e-128	5.60050741e-148	1.64045325e-167	3.58529834e-187	6.08699061e-207	
5.19	5.42913039e-009	8.67100637e-005	3.42286523e-002	6.93016796e-001	2.58182979e-001	1.43032610e-002	1.81521052e-004	7.59730535e-008	1.08991640e-010	1.91381281e-029	1.64600741e-048	4.11573877e-068	8.35530313e-088	2.01284103e-107	1.64300142e-127	1.31893828e-147	3.92599577e-167	8.71262461e-187	1.50103794e-206	
5.2	4.59109251e-009	7.53440138e-005	3.10990886e-002	6.71568429e-001	2.79280667e-001	1.77113908e-002	2.64935701e-004	1.39216138e-007	2.62110088e-010	4.66097782e-029	4.01289524e-048	9.84107522e-068	1.94054290e-087	4.57060768e-107	3.76150743e-127	3.04674180e-147	9.21607370e-167	2.07672128e-186	3.63075856e-206	
5.21	3.87262810e-009	6.53227000e-005	2.81893259e-002	6.48835162e-001	3.00739964e-001	2.17869441e-002	3.83025393e-004	2.51636561e-007	6.18306414e-010	1.11284249e-028	9.59098928e-048	2.30830067e-067	4.42220136e-087	1.01830690e-106	8.44927728e-127	6.90808379e-147	2.12360399e-166	4.85906094e-186	8.62070600e-206	
5.22	3.25808841e-009	5.65069371e-005	2.54884421e-002	6.24920940e-001	3.22361681e-001	2.66234438e-002	5.48533101e-004	4.48639877e-007	1.43085565e-009	2.60491845e-028	2.24755690e-047	5.31211747e-067	9.89018537e-087	2.22661655e-106	1.86249816e-126	1.53772965e-146	4.80390395e-166	1.11614869e-185	2.00952179e-205	
5.23	2.73301820e-009	4.87425604e-005	2.29849475e-002	5.99953435e-001	3.43916583e-001	3.23172263e-002	7.78270821e-004	7.89283902e-007	3.24990750e-009	5.98080109e-028	5.16610615e-047	1.19994104e-066	2.17203555e-086	4.78148097e-106	4.03194281e-126	3.36303512e-146	1.06769799e-165	2.51898737e-185	4.60231921e-205	
5.24	2.28580086e-009	4.19360472e-005	2.06706739e-002	5.74064408e-001	3.65163352e-001	3.89637945e-002	1.09445515e-003	1.37078987e-006	7.24900927e-009	1.34757483e-027	1.16541972e-046	2.66211276e-066	4.68698328e-086	1.00910355e-105	8.57716578e-126	7.23079226e-146	2.33304045e-165	5.58932572e-185	1.03632694e-204	
5.25	1.90617716e-009	3.59821735e-005	1.85355989e-002	5.47379320e-001	3.85857964e-001	4.66640149e-002	1.52475336e-003	2.34938570e-006	1.58760334e-008	1.35364858e-018	1.17209159e-037	2.63492029e-057	4.51463280e-077	9.50889423e-097	8.14675654e-117	6.94404751e-137	2.27703552e-156	5.53942372e-176	1.04230304e-195	
5.26	1.58437533e-009	3.07798429e-005	1.65681802e-002	5.20102227e-001	4.05688791e-001	5.55017023e-002	2.10431065e-003	3.97394552e-006	3.41423248e-008	5.56268497e-018	4.82369491e-037	1.06801614e-056	1.78183844e-076	3.67268208e-096	3.17157347e-116	2.73411506e-136	9.11159084e-156	2.25088707e-175	4.29804672e-195	
5.27	1.31238214e-009	2.62469035e-005	1.47613659e-002	4.92371399e-001	4.24392642e-001	6.55647238e-002	2.87691587e-003	6.63349856e-006	7.21120496e-008	2.21148755e-017	1.92069442e-036	4.19164248e-056	6.81379534e-076	1.37491330e-095	1.19661732e-115	1.04380436e-135	3.53532384e-155	8.86868484e-175	1.71860415e-194	
