4	3.12191158e-001	6.87808842e-001	2.18285528e-010	5.33353356e-029	5.41448003e-048	3.00988384e-067	
4.01	2.63529032e-001	7.36470967e-001	4.40786807e-010	1.09544910e-028	1.12927075e-047	6.36998395e-067	
4.02	2.21243911e-001	7.78756088e-001	8.63123071e-010	2.18175241e-028	2.28388788e-047	1.30731991e-066	
4.03	1.85154972e-001	8.14845026e-001	1.64318957e-009	4.22468073e-028	4.49090137e-047	2.60856260e-066	
4.04	1.54784451e-001	8.45215546e-001	3.04865556e-009	7.97263411e-028	8.60622435e-047	5.07263017e-066	
4.05	1.29508267e-001	8.70491727e-001	5.52489614e-009	1.46962178e-027	1.61098579e-046	9.63565876e-066	
4.06	1.08629427e-001	8.91370563e-001	9.79937383e-009	2.65141747e-027	2.95149608e-046	1.79139116e-065	
4.07	9.14795899e-002	9.08520393e-001	1.70402728e-008	4.68989728e-027	5.30165528e-046	3.26537034e-065	
4.08	7.74356164e-002	9.22564354e-001	2.90953425e-008	8.14562067e-027	9.35106667e-046	5.84478197e-065	
4.09	6.59568489e-002	9.34043102e-001	4.88496854e-008	1.39117404e-026	1.62184973e-045	1.02870083e-064	
4.1	5.65757494e-002	9.43424170e-001	8.07339901e-008	2.33882761e-026	2.76899024e-045	1.78230577e-064	
4.11	4.88982698e-002	9.51101599e-001	1.31491685e-007	3.87492442e-026	4.65892899e-045	3.04326147e-064	
4.12	4.26080665e-002	9.57391722e-001	2.11231681e-007	6.33245438e-026	7.73212335e-045	5.12536349e-064	
4.13	3.74358686e-002	9.62563796e-001	3.34956163e-007	1.02151925e-025	1.26671782e-044	8.52147879e-064	
4.14	3.31667211e-002	9.66832754e-001	5.24713305e-007	1.62787610e-025	2.05006688e-044	1.39955412e-063	
4.15	2.96292161e-002	9.70369971e-001	8.12503812e-007	2.56439784e-025	3.27978442e-044	2.27226300e-063	
4.16	2.66833207e-002	9.73315435e-001	1.24439653e-006	3.99562204e-025	5.18999577e-044	3.64901622e-063	
4.17	2.42152607e-002	9.75782854e-001	1.88567767e-006	6.15972844e-025	8.12575482e-044	5.79831227e-063	
4.18	2.21371619e-002	9.77860009e-001	2.82926841e-006	9.40268664e-025	1.25973830e-043	9.12258886e-063	
4.19	2.03744780e-002	9.79621318e-001	4.20435038e-006	1.42154124e-024	1.93428025e-043	1.42153322e-062	
4.2	1.88693158e-002	9.81124494e-001	6.19039683e-006	2.12947947e-024	2.94285523e-043	2.19501397e-062	
4.21	1.75745275e-002	9.82416438e-001	9.03457300e-006	7.40517517e-015	1.03936659e-033	7.86802872e-053	
4.22	1.64532389e-002	9.83533688e-001	1.30728793e-005	2.04474673e-014	2.91486227e-033	2.23927346e-052	
4.23	1.54723496e-002	9.84508888e-001	1.87621338e-005	5.52205334e-014	7.99509662e-033	6.23399347e-052	
4.24	1.46094629e-002	9.85363823e-001	2.67139209e-005	1.45928043e-013	2.14590596e-032	1.69811344e-051	
4.25	1.38434016e-002	9.86118854e-001	3.77447072e-005	3.77574483e-013	5.63939604e-032	4.52927158e-051	
4.26	1.31569147e-002	9.86790147e-001	5.29383247e-005	9.57144629e-013	1.45200114e-031	1.18356793e-050	
4.27	1.25387807e-002	9.87387505e-001	7.37142694e-005	2.37807448e-012	3.66415692e-031	3.03148583e-050	
4.28	1.19774216e-002	9.87920649e-001	1.01929671e-004	5.79463475e-012	9.06871176e-031	7.61500694e-050	
4.29	1.14629392e-002	9.88397066e-001	1.39994937e-004	1.38537184e-011	2.20218386e-030	1.87675461e-049	
4.3	1.09885467e-002	9.88820435e-001	1.91018781e-004	3.25132032e-011	5.24956862e-030	4.54075652e-049	
4.31	1.05489935e-002	9.89192038e-001	2.58968104e-004	7.49349466e-011	1.22894541e-029	1.07896876e-048	
4.32	1.01386348e-002	9.89512431e-001	3.48934228e-004	1.69707442e-010	2.82704384e-029	2.51919786e-048	
4.33	9.75324112e-003	9.89779439e-001	4.67319433e-004	3.77755583e-010	6.39191159e-029	5.78139615e-048	
4.34	9.39017023e-003	9.89987694e-001	6.22135324e-004	8.26730162e-010	1.42093802e-028	1.30445059e-047	
4.35	9.04634730e-003	9.90130113e-001	8.23538251e-004	1.78008076e-009	3.10773715e-028	2.89603685e-047	
4.36	8.71918936e-003	9.90196812e-001	1.08399479e-003	3.77174837e-009	6.68880166e-028	6.32630442e-047	
4.37	8.40649390e-003	9.90174434e-001	1.41906449e-003	7.86780107e-009	1.41731537e-027	1.36070984e-046	
4.38	8.10728890e-003	9.90044918e-001	1.84777728e-003	1.61618571e-008	2.95739302e-027	2.88188757e-046	
4.39	7.81951278e-003	9.89787099e-001	2.39335596e-003	3.27055312e-008	6.07932102e-027	6.01377092e-046	
4.4	7.54239644e-003	9.89373352e-001	3.08418591e-003	6.52259783e-008	1.23160835e-026	1.23661665e-045	
4.41	7.27372846e-003	9.88771761e-001	3.95438222e-003	1.28224741e-007	2.45952240e-026	2.50674957e-045	
4.42	7.01370855e-003	9.87941580e-001	5.04446262e-003	2.48541562e-007	4.84288229e-026	5.01032743e-045	
4.43	6.76128117e-003	9.86834283e-001	6.40396025e-003	4.75165429e-007	9.40549148e-026	9.87753907e-045	
4.44	6.51566306e-003	9.85393418e-001	8.09002256e-003	8.96212767e-007	1.80212095e-025	1.92113528e-044	
4.45	6.27622101e-003	9.83550924e-001	1.01711872e-002	1.66810068e-006	3.40748596e-025	3.68739621e-044	
4.46	6.04223352e-003	9.81228432e-001	1.27262699e-002	3.06429832e-006	6.35891660e-025	6.98536405e-044	
4.47	5.81299813e-003	9.78333991e-001	1.58474533e-002	5.55748463e-006	1.17160001e-024	1.30649568e-043	
4.48	5.58830123e-003	9.74762486e-001	1.96392617e-002	9.95141875e-006	2.13128989e-024	2.41265355e-043	
4.49	5.36686056e-003	9.70394858e-001	2.42206846e-002	1.75966849e-005	3.82869558e-024	4.39983864e-043	
4.5	5.14864455e-003	9.65095262e-001	2.97253622e-002	3.07310101e-005	6.79288464e-024	7.92459623e-043	
4.51	4.93279241e-003	9.58715937e-001	3.62982636e-002	5.30073632e-005	1.19037420e-023	1.40976125e-042	
4.52	4.71891385e-003	9.51090219e-001	4.41005517e-002	9.03152952e-005	2.06053467e-023	2.47734857e-042	
4.53	4.50651079e-003	9.42037322e-001	5.33041527e-002	1.52014215e-004	3.52357830e-023	4.30071806e-042	
4.54	4.29525850e-003	9.31373815e-001	6.40781928e-002	2.52733766e-004	5.95171830e-023	7.37484146e-042	
4.55	4.08479432e-003	9.18895163e-001	7.66049976e-002	4.15045118e-004	9.93025930e-023	1.24918350e-041	
4.56	3.87458566e-003	9.04405064e-001	9.10471529e-002	6.73197844e-004	1.63643795e-022	2.08990569e-041	
4.57	3.66370172e-003	8.87696129e-001	1.07561719e-001	1.07844944e-003	2.66349579e-022	3.45343436e-041	
4.58	3.45282866e-003	8.68578093e-001	1.26263342e-001	1.70573543e-003	4.28017523e-022	5.63418179e-041	
4.59	3.24208304e-003	8.46864595e-001	1.47229650e-001	2.66367252e-003	6.79109838e-022	9.07585382e-041	
4.6	3.03173912e-003	8.22400463e-001	1.70462214e-001	4.10558344e-003	1.06351244e-021	1.44300952e-040	
4.61	2.82151190e-003	7.95051361e-001	1.95883345e-001	6.24378163e-003	1.64335991e-021	2.26386178e-040	
4.62	2.61242491e-003	7.64726149e-001	2.23295642e-001	9.36578398e-003	2.50462213e-021	3.50306600e-040	
4.63	2.40486035e-003	7.31390823e-001	2.52353711e-001	1.38506052e-002	3.76354688e-021	5.34442897e-040	
4.64	2.19903602e-003	6.95026667e-001	2.82590300e-001	2.01839974e-002	5.57261110e-021	8.03467725e-040	
4.65	1.99627179e-003	6.55724877e-001	3.13312987e-001	2.89658642e-002	8.12597885e-021	1.18957383e-039	
4.66	1.79732129e-003	6.13648449e-001	3.43641944e-001	4.09122862e-002	1.16622349e-020	1.73343959e-039	
4.67	1.60318745e-003	5.69068058e-001	3.72511956e-001	5.68167988e-002	1.64571888e-020	2.48369159e-039	
4.68	1.41566202e-003	5.22474896e-001	3.98605929e-001	7.75035130e-002	2.28112529e-020	3.49554889e-039	
4.69	1.23588361e-003	4.74315650e-001	4.20687749e-001	1.03760717e-001	3.10326347e-020	4.82847902e-039	
4.7	1.06554600e-003	4.25284262e-001	4.37435536e-001	1.36214656e-001	4.13975978e-020	6.54031816e-039	
4.71	9.05920159e-004	3.76216599e-001	4.47691414e-001	1.75186067e-001	5.41015000e-020	8.67915297e-039	
4.72	7.59129901e-004	3.28063366e-001	4.50596449e-001	2.20581055e-001	6.92236168e-020	1.12762249e-038	
4.73	6.26640838e-004	2.81840069e-001	4.45767102e-001	2.71766188e-001	8.66684276e-020	1.43357860e-038	
4.74	5.09463754e-004	2.38485974e-001	4.33388536e-001	3.27616026e-001	1.06172352e-019	1.78330033e-038	
4.75	4.08007111e-004	1.98805477e-001	4.14183032e-001	3.86603483e-001	1.27318783e-019	2.17152671e-038	
4.76	3.22097015e-004	1.63380615e-001	3.89401601e-001	4.46895687e-001	1.49563483e-019	2.59038212e-038	
4.77	2.50913879e-004	1.32508272e-001	3.60539844e-001	5.06700970e-001	1.72335545e-019	3.03098148e-038	
4.78	1.93154652e-004	1.06207302e-001	3.29214227e-001	5.64385316e-001	1.95073039e-019	3.48406928e-038	
4.79	1.47174379e-004	8.42620802e-002	2.96966407e-001	6.18624338e-001	2.17305163e-019	3.94132879e-038	
4.8	1.11191116e-004	6.62926848e-002	2.65115736e-001	6.68480388e-001	2.38640721e-019	4.39542337e-038	
4.81	8.34249153e-005	5.18019077e-002	2.34638393e-001	7.13476275e-001	2.58852910e-019	4.84181118e-038	
4.82	6.22777047e-005	4.02739794e-002	2.06211467e-001	7.53452276e-001	2.77811392e-019	5.27717103e-038	
4.83	4.63054540e-005	3.11955293e-002	1.80236944e-001	7.88521222e-001	2.95492307e-019	5.70041297e-038	
4.84	3.43358296e-005	2.41061578e-002	1.56883310e-001	8.18976196e-001	3.11919636e-019	6.11103867e-038	
4.85	2.54311965e-005	1.86073208e-002	1.36158703e-001	8.45208545e-001	3.27169058e-019	6.50966112e-038	
4.86	1.88373602e-005	1.43635928e-002	1.17976849e-001	8.67640721e-001	3.41348934e-019	6.89774960e-038	
4.87	1.39603899e-005	1.10935939e-002	1.02106890e-001	8.86785555e-001	3.54600750e-019	7.27744428e-038	
4.88	1.03578694e-005	8.57844356e-003	8.83314737e-002	9.03079725e-001	3.67030979e-019	7.65030389e-038	
4.89	7.69907196e-006	6.64565528e-003	7.64192869e-002	9.16927359e-001	3.78770389e-019	8.01851069e-038	
4.9	5.73476301e-006	5.15945678e-003	6.61517574e-002	9.28683051e-001	3.89940818e-019	8.38438156e-038	
4.91	4.28212822e-006	4.01539552e-003	5.73154562e-002	9.38664866e-001	4.00608112e-019	8.74881222e-038	
4.92	3.20588034e-006	3.13345753e-003	4.97197927e-002	9.47143544e-001	4.10872611e-019	9.11369278e-038	
4.93	2.40737642e-006	2.45242484e-003	4.31925873e-002	9.54352580e-001	4.20808934e-019	9.48066808e-038	
4.94	1.81302263e-006	1.92513135e-003	3.75803941e-002	9.60492662e-001	4.30501843e-019	9.85152619e-038	
4.95	1.36886782e-006	1.51588226e-003	3.27528745e-002	9.65729874e-001	4.39988097e-019	1.02270489e-037	
4.96	1.03698596e-006	1.19754732e-003	2.85991739e-002	9.70202242e-001	4.49313315e-019	1.06085214e-037	
4.97	7.88043392e-007	9.49065356e-004	2.50184708e-002	9.74031676e-001	4.58540474e-019	1.09969656e-037	
4.98	6.00880850e-007	7.54635757e-004	2.19291200e-002	9.77315643e-001	4.67704653e-019	1.13938136e-037	
4.99	4.59635866e-007	6.01982484e-004	1.92590714e-002	9.80138486e-001	4.76813819e-019	1.17994016e-037	
5	3.52768645e-007	4.81776329e-004	1.69482773e-002	9.82569594e-001	4.85915431e-019	1.22147616e-037	
5.01	2.71637241e-007	3.86845629e-004	1.49445449e-002	9.84668338e-001	4.95032094e-019	1.26409462e-037	
5.02	2.09844085e-007	3.11609824e-004	1.32042986e-002	9.86483882e-001	5.04182706e-019	1.30786694e-037	
5.03	1.62625156e-007	2.51806377e-004	1.16901223e-002	9.88057909e-001	5.13383513e-019	1.35286053e-037	
5.04	1.26438546e-007	2.04120801e-004	1.03701316e-002	9.89425621e-001	5.22648366e-019	1.39913898e-037	
5.05	9.86171698e-008	1.65989596e-004	9.21743247e-003	9.90616479e-001	1.40455702e-010	3.81984504e-029	
5.06	7.71277246e-008	1.35393264e-004	8.20890365e-003	9.91655626e-001	2.66673935e-010	7.36790447e-029	
5.07	6.05130417e-008	1.10802228e-004	7.32734332e-003	9.92561793e-001	4.99283484e-010	1.40145816e-028	
5.08	4.76233583e-008	9.09573078e-005	6.55294923e-003	9.93356045e-001	9.22105733e-010	2.62955409e-028	
5.09	3.75890923e-008	7.48799162e-005	5.87129432e-003	9.94053786e-001	1.68052067e-009	4.86881641e-028	
5.1	2.97564862e-008	6.18158470e-005	5.27016035e-003	9.94667991e-001	3.02305493e-009	8.89840442e-028	
5.11	2.36230827e-008	5.11783888e-005	4.73914933e-003	9.95209643e-001	5.36972833e-009	1.60587605e-027	
5.12	1.88064035e-008	4.24878859e-005	4.26925428e-003	9.95688230e-001	9.42003574e-009	2.86236273e-027	
5.13	1.50151686e-008	3.53692003e-005	3.85279068e-003	9.96111809e-001	1.63251658e-008	5.04003141e-027	
5.14	1.20195779e-008	2.95201499e-005	3.48266524e-003	9.96487775e-001	2.79622994e-008	8.77138537e-027	
5.15	9.64755993e-009	2.47032613e-005	3.15356058e-003	9.96821679e-001	4.73416040e-008	1.50894384e-026	
5.16	7.76410973e-009	2.07253696e-005	2.86036395e-003	9.97118824e-001	7.92514052e-008	2.49573781e-018	
5.17	6.26330045e-009	1.74309048e-005	2.59851920e-003	9.97383912e-001	1.31219240e-007	7.90692218e-018	
5.18	5.06344580e-009	1.46956952e-005	2.36430743e-003	9.97620777e-001	2.14925367e-007	2.44334315e-017	
5.19	4.10289441e-009	1.24184061e-005	2.15460734e-003	9.97832622e-001	3.48358769e-007	7.36880002e-017	
5.2	3.33295669e-009	1.05186493e-005	1.96655201e-003	9.98022367e-001	5.58838868e-007	2.17005694e-016	
5.21	2.71407133e-009	8.93030645e-006	1.79756665e-003	9.98192613e-001	8.87569977e-007	6.24413265e-016	
5.22	2.21504456e-009	7.59892852e-006	1.64551328e-003	9.98345490e-001	1.39586191e-006	1.75631233e-015	
5.23	1.81239405e-009	6.48126283e-006	1.50881211e-003	9.98482530e-001	2.17436852e-006	4.83171993e-015	
5.24	1.48647160e-009	5.54065190e-006	1.38552149e-003	9.98605581e-001	3.35543254e-006	1.30073053e-014	
5.25	1.22191855e-009	4.74677824e-006	1.27406438e-003	9.98716057e-001	5.13098049e-006	3.42814246e-014	
5.26	1.00662762e-009	4.07527804e-006	1.17320292e-003	9.98814944e-001	7.77651498e-006	8.85043298e-014	
5.27	8.31067790e-010	3.50600147e-006	1.08180927e-003	9.98903002e-001	1.16822698e-005	2.23891732e-013	
5.28	6.87599529e-010	3.02231248e-006	9.98883530e-004	9.98980692e-001	1.74010146e-005	5.55321714e-013	
5.29	5.69949280e-010	2.61072036e-006	9.23539489e-004	9.99048143e-001	2.57058365e-005	1.35108054e-012	
5.3	4.73375128e-010	2.25985820e-006	8.55050029e-004	9.99105025e-001	3.76649064e-005	3.22571295e-012	
5.31	3.93922410e-010	1.95977801e-006	7.92684886e-004	9.99150605e-001	5.47501702e-005	7.56046895e-012	
5.32	3.28455690e-010	1.70281447e-006	7.35852064e-004	9.99183481e-001	7.89633204e-005	1.74031808e-011	
5.33	2.74459200e-010	1.48244976e-006	6.84019319e-004	9.99201473e-001	1.13024429e-004	3.93608405e-011	
5.34	2.29799895e-010	1.29308158e-006	6.36691281e-004	9.99201428e-001	1.60587501e-004	8.75033901e-011	
5.35	1.92823630e-010	1.13020548e-006	5.93457688e-004	9.99178926e-001	2.26485288e-004	1.91275516e-010	
5.36	1.62145226e-010	9.89869035e-007	5.53925825e-004	9.99127923e-001	3.17160411e-004	4.11269502e-010	
5.37	1.36644540e-010	8.68728392e-007	5.17801590e-004	9.99040288e-001	4.41040185e-004	8.70141927e-010	
5.38	1.15395249e-010	7.63939288e-007	4.84731002e-004	9.98905383e-001	6.09120505e-004	1.81220604e-009	
5.39	9.76616805e-011	6.73161546e-007	4.54450398e-004	9.98709203e-001	8.35669546e-004	3.71670612e-009	
5.4	8.28417214e-011	5.94458284e-007	4.26719294e-004	9.98433830e-001	1.13884913e-003	7.50759744e-009	
5.41	7.04171111e-011	5.25996810e-007	4.01298576e-004	9.98056182e-001	1.54197818e-003	1.49417768e-008	
5.42	5.99750522e-011	4.66475886e-007	3.78008161e-004	9.97546810e-001	2.07468618e-003	2.93114500e-008	
5.43	5.11834640e-011	4.14465348e-007	3.56657163e-004	9.96869371e-001	2.77350051e-003	5.66804220e-008	
5.44	4.37852244e-011	3.69095474e-007	3.37091169e-004	9.95977846e-001	3.68458569e-003	1.08076790e-007	
5.45	3.75439170e-011	3.29410453e-007	3.19142227e-004	9.94815471e-001	4.86485441e-003	2.03264189e-007	
5.46	3.22693536e-011	2.94667502e-007	3.02697481e-004	9.93313200e-001	6.38343036e-003	3.77123066e-007	
5.47	2.78018419e-011	2.64178883e-007	2.87596804e-004	9.91386800e-001	8.32464901e-003	6.90310596e-007	
5.48	2.40107107e-011	2.37392915e-007	2.73744486e-004	9.88935856e-001	1.07889149e-002	1.24697155e-006	
5.49	2.07797392e-011	2.13738180e-007	2.60959840e-004	9.85840633e-001	1.38959706e-002	2.22313942e-006	
5.5	1.80274110e-011	1.92891060e-007	2.49216184e-004	9.81963250e-001	1.77834288e-002	3.91167207e-006	
5.51	1.56713301e-011	1.74406815e-007	2.38366674e-004	9.77142047e-001	2.26126180e-002	6.79338572e-006	
5.52	1.36516799e-011	1.58003801e-007	2.28319208e-004	9.71195569e-001	2.85643095e-002	1.16446930e-005	
5.53	1.19156588e-011	1.43407514e-007	2.19009551e-004	9.63923420e-001	3.58377265e-002	1.97007569e-005	
5.54	1.04139294e-011	1.30315619e-007	2.10284537e-004	9.55107301e-001	4.46493900e-002	3.28937376e-005	
5.55	9.11330300e-012	1.18570496e-007	2.02091210e-004	9.44519288e-001	5.52243011e-002	5.42010014e-005	
5.56	7.98099490e-012	1.07978413e-007	1.94331482e-004	9.31928908e-001	6.77885481e-002	8.81048090e-005	
5.57	6.99492323e-012	9.83979431e-008	1.86901121e-004	9.17114136e-001	8.25575820e-002	1.41282543e-004	
5.58	6.13299369e-012	8.96903321e-008	1.79729389e-004	8.99875970e-001	9.97207688e-002	2.23441715e-004	
5.59	5.37745996e-012	8.17462381e-008	1.72749809e-004	8.80051305e-001	1.19427412e-001	3.48451465e-004	
5.6	4.71246595e-012	7.44566853e-008	1.65874263e-004	8.57534590e-001	1.41763718e-001	5.35743236e-004	
5.61	4.12518993e-012	6.77352151e-008	1.59010728e-004	8.32298835e-001	1.66730289e-001	8.11798170e-004	
5.62	3.60677457e-012	6.15383095e-008	1.52166804e-004	8.04388310e-001	1.94247205e-001	1.21225713e-003	
5.63	3.14850205e-012	5.58136232e-008	1.45317483e-004	7.73943744e-001	2.24126938e-001	1.78394460e-003	
5.64	2.74298499e-012	5.05133066e-008	1.38435703e-004	7.41207664e-001	2.56067008e-001	2.58684232e-003	
5.65	2.38464974e-012	4.56155324e-008	1.31544576e-004	7.06503720e-001	2.89668333e-001	3.69635663e-003	
5.66	2.06744350e-012	4.10752174e-008	1.24637270e-004	6.70214849e-001	3.24455649e-001	5.20482436e-003	
5.67	1.78791937e-012	3.68886054e-008	1.17746191e-004	6.32795934e-001	3.59861437e-001	7.22484583e-003	
5.68	1.54234857e-012	3.30428074e-008	1.10906359e-004	5.94707895e-001	3.95293089e-001	9.88807628e-003	
5.69	1.32736053e-012	2.95248910e-008	1.04166807e-004	5.56529465e-001	4.30022610e-001	1.33437279e-002	
5.7	1.13964979e-012	2.63160995e-008	9.75610856e-005	5.18647803e-001	4.63489826e-001	1.77647843e-002	
5.71	9.75833809e-013	2.33938742e-008	9.11058148e-005	4.81399254e-001	4.95164712e-001	2.33449048e-002	
5.72	8.33303474e-013	2.07395073e-008	8.48127190e-005	4.45109622e-001	5.24510574e-001	3.02949702e-002	
5.73	7.09759316e-013	1.83363393e-008	7.87207884e-005	4.10063525e-001	5.51024402e-001	3.88333344e-002	
5.74	6.03053986e-013	1.61704059e-008	7.28541348e-005	3.76430742e-001	5.74298012e-001	4.91983752e-002	
5.75	5.11155725e-013	1.42243877e-008	6.72313929e-005	3.44382777e-001	5.93939179e-001	6.16107982e-002	
5.76	4.32178147e-013	1.24796168e-008	6.18635301e-005	3.14005025e-001	6.09650422e-001	7.62826765e-002	
5.77	3.64366934e-013	1.09167931e-008	5.67467798e-005	2.85336916e-001	6.21174521e-001	9.34318056e-002	
5.78	3.06252173e-013	9.51944770e-009	5.18871069e-005	2.58401619e-001	6.28342931e-001	1.13203553e-001	
5.79	2.56636852e-013	8.27506372e-009	4.72823135e-005	2.33189190e-001	6.31056784e-001	1.35706736e-001	
5.8	2.14391382e-013	7.17010899e-009	4.29323985e-005	2.09685587e-001	6.29297939e-001	1.60973535e-001	
5.81	1.78497732e-013	6.19122569e-009	3.88373625e-005	1.87858650e-001	6.23185412e-001	1.88917094e-001	
5.82	1.48081611e-013	5.32621532e-009	3.49929516e-005	1.67659286e-001	6.12849464e-001	2.19456252e-001	
5.83	1.22373717e-013	4.56390474e-009	3.13940781e-005	1.49050166e-001	5.98546988e-001	2.52371447e-001	
5.84	1.00689033e-013	3.89312896e-009	2.80315839e-005	1.31980403e-001	5.80625067e-001	2.87366495e-001	
5.85	8.25068916e-014	3.30716412e-009	2.49193984e-005	1.16390276e-001	5.59512860e-001	3.24071941e-001	
5.86	6.73559897e-014	2.79849514e-009	2.20590354e-005	1.02244101e-001	5.35695568e-001	3.62038268e-001	
5.87	5.47648723e-014	2.35827585e-009	1.94422876e-005	8.94678696e-002	5.09718933e-001	4.00793753e-001	
5.88	4.43591109e-014	1.97960010e-009	1.70649142e-005	7.79947507e-002	4.82146903e-001	4.39841279e-001	
5.89	3.57957292e-014	1.65534434e-009	1.49169613e-005	6.77514171e-002	4.53536565e-001	4.78697099e-001	
5.9	2.87874291e-014	1.37975090e-009	1.29978993e-005	5.86930055e-002	4.24407148e-001	5.16886847e-001	
5.91	2.30805976e-014	1.14639628e-009	1.12878927e-005	5.07037395e-002	3.95270780e-001	5.54014192e-001	
5.92	1.84536700e-014	9.49778730e-010	9.77200925e-006	4.36887366e-002	3.66554794e-001	5.89746696e-001	
5.93	1.47178009e-014	7.84852171e-010	8.43532045e-006	3.75575199e-002	3.38626751e-001	6.23807293e-001	
5.94	1.17134661e-014	6.47142381e-010	7.26411974e-006	3.22280172e-002	3.11780240e-001	6.55984478e-001	
5.95	9.30126947e-015	5.32304987e-010	6.23879662e-006	2.76088926e-002	2.86216170e-001	6.86168698e-001	
5.96	7.37245590e-015	4.37044219e-010	5.34690525e-006	2.36249150e-002	2.62092343e-001	7.14277395e-001	
5.97	5.83594128e-015	3.58309757e-010	4.57512812e-006	2.01956302e-002	2.39515724e-001	7.40284070e-001	
5.98	4.61652370e-015	2.93512591e-010	3.91023997e-006	1.72544584e-002	2.18505103e-001	7.64236528e-001	
5.99	3.64952737e-015	2.40269740e-010	3.33901955e-006	1.47375692e-002	1.99073236e-001	7.86185856e-001	
6	2.88419089e-015	1.96613611e-010	2.84943886e-006	1.25871585e-002	1.81187982e-001	8.06222010e-001	
6.01	2.27915799e-015	1.60847583e-010	2.43056279e-006	1.07524903e-002	1.64794962e-001	8.24450117e-001	
6.02	1.80198692e-015	1.31638574e-010	2.07343621e-006	9.19110410e-003	1.49850388e-001	8.40956435e-001	
6.03	1.42488794e-015	1.07739401e-010	1.76870901e-006	7.86114090e-003	1.36242435e-001	8.55894655e-001	
6.04	1.12709236e-015	8.82075892e-011	1.50914755e-006	6.72909178e-003	1.23871299e-001	8.69398100e-001	
6.05	8.92041688e-016	7.22474994e-011	1.28793598e-006	5.76468347e-003	1.12643760e-001	8.81590268e-001	
6.06	7.06676082e-016	5.92312642e-011	1.09994552e-006	4.94490295e-003	1.02469214e-001	8.92584783e-001	
6.07	5.60619108e-016	4.86191382e-011	9.40338645e-007	4.24858875e-003	9.32572081e-002	9.02493263e-001	
6.08	4.44828196e-016	3.99100633e-011	8.03791645e-007	3.65461868e-003	8.49256522e-002	9.11418925e-001	
6.09	3.53263359e-016	3.27897100e-011	6.87541320e-007	3.14751633e-003	7.73902227e-002	9.19461573e-001	
6.1	2.80914839e-016	2.69698320e-011	5.88564330e-007	2.71436612e-003	7.05790323e-002	9.26706013e-001	
6.11	2.23569494e-016	2.22022800e-011	5.04207998e-007	2.34383556e-003	6.44211501e-002	9.33234510e-001	
6.12	1.78157961e-016	1.82977627e-011	4.32333810e-007	2.02674036e-003	5.88538095e-002	9.39119018e-001	
6.13	1.42097247e-016	1.50945999e-011	3.71011963e-007	1.75489703e-003	5.38198499e-002	9.44424882e-001	
6.14	1.13441257e-016	1.24667941e-011	3.18655936e-007	1.52158145e-003	4.92600032e-002	9.49218097e-001	
6.15	9.06600867e-017	1.03070389e-011	2.73946526e-007	1.32119019e-003	4.51365190e-002	9.53542017e-001	
6.16	7.25534952e-017	8.53186644e-012	2.35734100e-007	1.14883767e-003	4.14006171e-002	9.57450309e-001	
6.17	5.81207687e-017	7.06968282e-012	2.03037043e-007	1.00034126e-003	3.80141358e-002	9.60985320e-001	
6.18	4.66331222e-017	5.86593717e-012	1.75059301e-007	8.72374125e-004	3.49442334e-002	9.64183217e-001	
6.19	3.74568270e-017	4.87266190e-012	1.51086990e-007	7.61875168e-004	3.21591687e-002	9.67078805e-001	
6.2	3.01421261e-017	4.05444763e-012	1.30588371e-007	6.66645878e-004	2.96293258e-002	9.69703898e-001	
6.21	2.42849334e-017	3.37745477e-012	1.12980392e-007	5.84309429e-004	2.73275056e-002	9.72088072e-001	
6.22	1.95782991e-017	2.81512467e-012	9.77838198e-008	5.12826438e-004	2.52304204e-002	9.74256655e-001	
6.23	1.58049633e-017	2.34919765e-012	8.47189606e-008	4.50735301e-004	2.33200622e-002	9.76229118e-001	
6.24	1.27729388e-017	1.96241724e-012	7.34610726e-008	3.96661686e-004	2.15784616e-002	9.78024803e-001	
6.25	1.03351966e-017	1.64120503e-012	6.37600435e-008	3.49538457e-004	1.99863182e-002	9.79664080e-001	
6.26	8.37301784e-018	1.37405430e-012	5.53901526e-008	3.08414532e-004	1.85314414e-002	9.81160089e-001	
6.27	6.79034165e-018	1.15160609e-012	4.81626425e-008	2.72469421e-004	1.72001012e-002	9.82527381e-001	
6.28	5.51393107e-018	9.66250778e-013	4.19185486e-008	2.41037224e-004	1.59813250e-002	9.83777596e-001	
6.29	4.48236218e-018	8.11565004e-013	3.65133695e-008	2.13477285e-004	1.48634283e-002	9.84923058e-001	
6.3	3.64716606e-018	6.82231073e-013	3.18292822e-008	1.89278912e-004	1.38369890e-002	9.85973700e-001	
6.31	2.97121207e-018	5.74171335e-013	2.77721213e-008	1.68036977e-004	1.28946084e-002	9.86937327e-001	
6.32	2.42340303e-018	4.83761009e-013	2.42554458e-008	1.49372082e-004	1.20278232e-002	9.87822780e-001	
6.33	1.98010993e-018	4.08242767e-013	2.12151404e-008	1.33017495e-004	1.12298127e-002	9.88637149e-001	
6.34	1.61953711e-018	3.44866955e-013	1.85714166e-008	1.18588639e-004	1.04945978e-002	9.89386795e-001	
6.35	1.32613880e-018	2.91616005e-013	1.62702812e-008	1.05843624e-004	9.81652299e-003	9.90077617e-001	
6.36	1.08696271e-018	2.46809874e-013	1.42651049e-008	9.45685337e-005	9.19045593e-003	9.90714961e-001	
6.37	8.91318033e-019	2.08988274e-013	1.25113069e-008	8.45854805e-005	8.61198797e-003	9.91303414e-001	
6.38	7.31688169e-019	1.77120410e-013	1.09784985e-008	7.57324700e-005	8.07691014e-003	9.91847346e-001	
6.39	6.01258531e-019	1.50255982e-013	9.64087405e-009	6.78764362e-005	7.58139033e-003	9.92350724e-001	
6.4	4.94516304e-019	1.27581922e-013	8.47243918e-009	6.08962365e-005	7.12220757e-003	9.92816888e-001	
6.41	4.07198410e-019	1.08434530e-013	7.45189144e-009	5.46917937e-005	6.69645655e-003	9.93248844e-001	
6.42	3.35548745e-019	9.22319181e-014	6.55828427e-009	4.91630929e-005	6.30094028e-003	9.93649890e-001	
6.43	2.76789979e-019	7.85176630e-014	5.77597330e-009	4.42348826e-005	5.93351846e-003	9.94022241e-001	
6.44	2.28631220e-019	6.69322952e-014	5.09314250e-009	3.98576012e-005	5.59182322e-003	9.94368314e-001	
6.45	1.89093127e-019	5.71255168e-014	4.49560032e-009	3.59586598e-005	5.27372463e-003	9.94690312e-001	
6.46	1.56534662e-019	4.87918455e-014	3.97072449e-009	3.24692296e-005	4.97714136e-003	9.94990385e-001	
6.47	1.29542318e-019	4.17107231e-014	3.50974471e-009	2.93455496e-005	4.70086202e-003	9.95269789e-001	
6.48	1.07291185e-019	3.56831519e-014	3.10407878e-009	2.65442873e-005	4.44292208e-003	9.95530531e-001	
6.49	8.89480168e-020	3.05534494e-014	2.74728647e-009	2.40320393e-005	4.20206024e-003	9.95773905e-001	
6.5	7.37996657e-020	2.61796012e-014	2.43288544e-009	2.17741242e-005	3.97703343e-003	9.96001190e-001	
6.51	6.12809511e-020	2.24487338e-014	2.15590333e-009	1.97454273e-005	3.76650528e-003	9.96213747e-001	
6.52	5.09314039e-020	1.92642655e-014	1.91151909e-009	1.79187322e-005	3.56943937e-003	9.96412640e-001	
6.53	4.23653309e-020	1.65443563e-014	1.69594182e-009	1.62746333e-005	3.38496065e-003	9.96598763e-001	
6.54	3.52664885e-020	1.42177482e-014	1.50551602e-009	1.47923577e-005	3.21189630e-003	9.96773310e-001	
6.55	2.93866527e-020	1.22298738e-014	1.33751707e-009	1.34576501e-005	3.04961289e-003	9.96936928e-001	
6.56	2.45169279e-020	1.05313163e-014	1.18939382e-009	1.22625911e-005	2.89731191e-003	9.97090424e-001	
6.57	2.04698943e-020	9.07478247e-015	1.05824919e-009	1.11820256e-005	2.75437576e-003	9.97234441e-001	
6.58	1.71035964e-020	7.82514124e-015	9.42092680e-010	1.02039895e-005	2.62007166e-003	9.97369723e-001	
6.59	1.43018800e-020	6.75227360e-015	8.39186094e-010	9.31815679e-006	2.49358360e-003	9.97497097e-001	
6.6	1.19691865e-020	5.83069197e-015	7.47935321e-010	8.51518551e-006	2.37462976e-003	9.97616854e-001	
6.61	1.00230747e-020	5.03765395e-015	6.66885002e-010	7.78573153e-006	2.26246692e-003	9.97729747e-001	
6.62	8.40735870e-021	4.35949315e-015	5.95001415e-010	7.12418015e-006	2.15679942e-003	9.97836076e-001	
6.63	7.05834845e-021	3.77545383e-015	5.31135472e-010	6.52296191e-006	2.05716694e-003	9.97936310e-001	
6.64	5.92939732e-021	3.27140232e-015	4.74302830e-010	5.97548300e-006	1.96294904e-003	9.98031075e-001	
6.65	4.98569830e-021	2.83699708e-015	4.23857491e-010	5.47858749e-006	1.87422299e-003	9.98120298e-001	
6.66	4.19390055e-021	2.46114325e-015	3.78874961e-010	5.02492358e-006	1.79009761e-003	9.98204877e-001	
6.67	3.53303789e-021	2.13805803e-015	3.39098762e-010	4.61507482e-006	1.71075440e-003	9.98284630e-001	
6.68	2.97910177e-021	1.85902777e-015	3.03721534e-010	4.24227853e-006	1.63577573e-003	9.98359982e-001	
6.69	2.51382410e-021	1.61739166e-015	2.72180307e-010	3.90200326e-006	1.56478188e-003	9.98431316e-001	
6.7	2.12241953e-021	1.40782247e-015	2.44003050e-010	3.59076848e-006	1.49754732e-003	9.98498862e-001	
6.71	1.79311326e-021	1.22611486e-015	2.18831050e-010	3.30594505e-006	1.43371909e-003	9.98562975e-001	
6.72	1.51574789e-021	1.06841037e-015	1.96360434e-010	3.04567094e-006	1.37323267e-003	9.98623721e-001	
6.73	1.28204627e-021	9.31503652e-016	1.76255638e-010	2.80706978e-006	1.31587847e-003	9.98681314e-001	
6.74	1.08528886e-021	8.12704313e-016	1.58301990e-010	2.58887312e-006	1.26139038e-003	9.98736021e-001	
6.75	9.19122567e-022	7.09280070e-016	1.42214281e-010	2.38844520e-006	1.20961110e-003	9.98788000e-001	
6.76	7.78954436e-022	6.19426309e-016	1.27830906e-010	2.20496809e-006	1.16051192e-003	9.98837283e-001	
6.77	6.60606300e-022	5.41257292e-016	1.14944869e-010	2.03644665e-006	1.11378160e-003	9.98884182e-001	
6.78	5.60452271e-022	4.73145870e-016	1.03400615e-010	1.88172892e-006	1.06929131e-003	9.98928827e-001	
6.79	4.76309300e-022	4.14245867e-016	9.31453227e-011	1.74132432e-006	1.02718189e-003	9.98971077e-001	
6.8	4.05076308e-022	3.62940627e-016	8.39543222e-011	1.61204372e-006	9.87032171e-004	9.99011356e-001	
6.81	3.44668208e-022	3.18118887e-016	7.56994277e-011	1.49306666e-006	9.48796482e-004	9.99049710e-001	
6.82	2.93468945e-022	2.78988296e-016	6.82834401e-011	1.38349871e-006	9.12363989e-004	9.99086252e-001	
6.83	2.50019303e-022	2.44793270e-016	6.16173365e-011	1.28255988e-006	8.77638460e-004	9.99121079e-001	
6.84	2.13115080e-022	2.14883134e-016	5.56221297e-011	1.18946889e-006	8.44510828e-004	9.99154300e-001	
6.85	1.81777847e-022	1.88742617e-016	5.02312629e-011	1.10363873e-006	8.12909387e-004	9.99185987e-001	
6.86	1.55101390e-022	1.65824317e-016	4.53732350e-011	1.02433173e-006	7.82684660e-004	9.99216291e-001	
6.87	1.32410491e-022	1.45756355e-016	4.10004053e-011	9.51136033e-007	7.53821724e-004	9.99245227e-001	
6.88	1.13097150e-022	1.28171653e-016	3.70615242e-011	8.83510624e-007	7.26249705e-004	9.99272867e-001	
6.89	9.66651499e-023	1.12775817e-016	3.35158310e-011	8.21091297e-007	6.99942655e-004	9.99299236e-001	
6.9	8.26572359e-023	9.92664308e-017	3.03157592e-011	7.63292645e-007	6.74721074e-004	9.99324516e-001	
6.91	7.07686550e-023	8.74777212e-017	2.74527481e-011	7.10417882e-007	6.50801725e-004	9.99348488e-001	
6.92	6.06483329e-023	7.71575695e-017	2.48784062e-011	6.61712699e-007	6.27896537e-004	9.99371442e-001	
6.93	5.19943790e-023	6.80752381e-017	2.25508296e-011	6.16505225e-007	6.05900864e-004	9.99393483e-001	
6.94	4.46000947e-023	6.00913079e-017	2.04481578e-011	5.74623201e-007	5.84876167e-004	9.99414549e-001	
6.95	3.83133491e-023	5.31165864e-017	1.85488733e-011	5.35826409e-007	5.64776475e-004	9.99434688e-001	
6.96	3.29309718e-023	4.69740867e-017	1.68283094e-011	4.99738140e-007	5.45426478e-004	9.99454074e-001	
6.97	2.83191315e-023	4.15596476e-017	1.52726320e-011	4.66255003e-007	5.26899255e-004	9.99472634e-001	
6.98	2.43641254e-023	3.67831268e-017	1.38641550e-011	4.35127529e-007	5.09078433e-004	9.99490486e-001	
6.99	2.09740298e-023	3.25690188e-017	1.25901189e-011	4.06243424e-007	4.92022704e-004	9.99507571e-001	
7	1.80637680e-023	2.88480566e-017	1.14355802e-011	3.79374865e-007	4.75624747e-004	9.99523996e-001	
7.01	1.55640197e-023	2.55613422e-017	1.03902280e-011	3.54402574e-007	4.59888730e-004	9.99539757e-001	
7.02	1.34162168e-023	2.26573805e-017	9.44251639e-012	3.31164797e-007	4.44763191e-004	9.99554906e-001	
7.03	1.15718243e-023	2.00939608e-017	8.58525739e-012	3.09595611e-007	4.30296432e-004	9.99569394e-001	
7.04	9.98536848e-024	1.78271939e-017	7.80791094e-012	2.89519175e-007	4.16399842e-004	9.99583311e-001	
7.05	8.62722083e-024	1.58347811e-017	7.10844866e-012	2.71036014e-007	4.03059049e-004	9.99596670e-001	
7.06	7.45728464e-024	1.40706154e-017	6.47362886e-012	2.53822057e-007	3.90194554e-004	9.99609552e-001	
7.07	6.44916397e-024	1.25079983e-017	5.89742466e-012	2.37778839e-007	3.77833455e-004	9.99621929e-001	
7.08	5.57921793e-024	1.11219816e-017	5.37350966e-012	2.22796768e-007	3.65925036e-004	9.99633852e-001	
7.09	4.82913580e-024	9.89370005e-018	4.89750597e-012	2.08818298e-007	3.54460052e-004	9.99645331e-001	
7.1	4.18106993e-024	8.80310940e-018	4.46440443e-012	1.95759274e-007	3.43405822e-004	9.99656398e-001	
7.11	3.62167206e-024	7.83565440e-018	4.07072051e-012	1.83561198e-007	3.32754042e-004	9.99667062e-001	
7.12	3.13804960e-024	6.97606830e-018	3.71222948e-012	1.72164820e-007	3.22494147e-004	9.99677334e-001	
7.13	2.72173702e-024	6.21655502e-018	3.38816338e-012	1.61516002e-007	3.12607441e-004	9.99687231e-001	
7.14	2.36154886e-024	5.54157155e-018	3.09299644e-012	1.51559607e-007	3.03071766e-004	9.99696777e-001	
7.15	2.04987689e-024	4.94132494e-018	2.82411800e-012	1.42253486e-007	2.93879085e-004	9.99705979e-001	
7.16	1.78002162e-024	4.40749194e-018	2.57922862e-012	1.33542388e-007	2.85000866e-004	9.99714866e-001	
7.17	1.54682086e-024	3.93390970e-018	2.35694961e-012	1.25448982e-007	2.76550095e-004	9.99723324e-001	
7.18	1.34472427e-024	3.51236686e-018	2.15424631e-012	1.17867448e-007	2.68392823e-004	9.99731489e-001	
7.19	1.16937434e-024	3.13672887e-018	1.96922991e-012	1.10761868e-007	2.60500105e-004	9.99739389e-001	
7.2	1.01744828e-024	2.80250459e-018	1.80074032e-012	1.04124120e-007	2.52879435e-004	9.99747016e-001	
7.21	8.86275628e-025	2.50662324e-018	1.64830644e-012	9.79833418e-008	2.45524435e-004	9.99754378e-001	
7.22	7.72336843e-025	2.24268356e-018	1.50905937e-012	9.22183647e-008	2.38406282e-004	9.99761501e-001	
7.23	6.73209931e-025	2.00690159e-018	1.38171664e-012	8.68054417e-008	2.31524211e-004	9.99768389e-001	
7.24	5.87030674e-025	1.79646516e-018	1.26540780e-012	8.17279414e-008	2.24866142e-004	9.99775052e-001	
7.25	5.12078279e-025	1.60852938e-018	1.15904094e-012	7.69604846e-008	2.18432098e-004	9.99781491e-001	
7.26	4.46846607e-025	1.44063653e-018	1.06180371e-012	7.24835838e-008	2.12201696e-004	9.99787726e-001	
7.27	3.90037477e-025	1.29051742e-018	9.72865730e-013	6.82778271e-008	2.06174341e-004	9.99793757e-001	
7.28	3.40574407e-025	1.15640081e-018	8.91515834e-013	6.43261932e-008	2.00344535e-004	9.99799591e-001	
7.29	2.97484617e-025	1.03646953e-018	8.17100567e-013	6.06150564e-008	1.94702990e-004	9.99805236e-001	
7.3	2.59938852e-025	9.29230860e-019	7.49015663e-013	5.71258712e-008	1.89233060e-004	9.99810710e-001	
7.31	2.27186089e-025	8.33226238e-019	6.86663468e-013	5.38446309e-008	1.83938304e-004	9.99816008e-001	
7.32	1.98706766e-025	7.47610261e-019	6.29830092e-013	5.07761465e-008	1.78864817e-004	9.99821084e-001	
7.33	1.73930192e-025	6.71268955e-019	5.78032569e-013	4.79114635e-008	1.74034827e-004	9.99825917e-001	
7.34	1.52290398e-025	6.02821556e-019	5.30551818e-013	4.52138632e-008	1.69338004e-004	9.99830617e-001	
7.35	1.33375930e-025	5.41482181e-019	4.87044164e-013	4.26745335e-008	1.64792100e-004	9.99835165e-001	
7.36	1.16860860e-025	4.86535587e-019	4.47174695e-013	4.02834954e-008	1.60380602e-004	9.99839579e-001	
7.37	1.02418204e-025	4.37248244e-019	4.10619240e-013	3.80317595e-008	1.56097136e-004	9.99843865e-001	
7.38	8.97902523e-026	3.93034435e-019	3.77094600e-013	3.59100857e-008	1.51945502e-004	9.99848019e-001	
7.39	7.87550763e-026	3.53434500e-019	3.46404555e-013	3.39159455e-008	1.47909204e-004	9.99852057e-001	
7.4	6.91144561e-026	3.17978930e-019	3.18331817e-013	3.20448989e-008	1.43994196e-004	9.99855974e-001	
7.41	6.06708995e-026	2.86122727e-019	2.92562465e-013	3.02799306e-008	1.40196177e-004	9.99859774e-001	
7.42	5.32746771e-026	2.57517574e-019	2.68908869e-013	2.86153916e-008	1.36503513e-004	9.99863468e-001	
7.43	4.68001729e-026	2.31839051e-019	2.47201880e-013	2.70458482e-008	1.32918473e-004	9.99867054e-001	
7.44	4.11196324e-026	2.08753679e-019	2.27263172e-013	2.55645844e-008	1.29439439e-004	9.99870535e-001	
7.45	3.61401374e-026	1.88005258e-019	2.08961170e-013	2.41669548e-008	1.26053022e-004	9.99873923e-001	
7.46	3.17715912e-026	1.69345130e-019	1.92144701e-013	2.28474050e-008	1.22765685e-004	9.99877211e-001	
7.47	2.79741380e-026	1.52752008e-019	1.76712953e-013	2.16038051e-008	1.19576825e-004	9.99880402e-001	
7.48	2.46496162e-026	1.37880360e-019	1.62521188e-013	2.04282758e-008	1.16471637e-004	9.99883508e-001	
7.49	2.17288999e-026	1.24502211e-019	1.49508514e-013	1.93211473e-008	1.13457686e-004	9.99886523e-001	
7.5	1.91571924e-026	1.12422924e-019	1.37529577e-013	1.82731967e-008	1.10525924e-004	9.99889456e-001	
7.51	1.69038783e-026	1.01598020e-019	1.26607572e-013	1.72948441e-008	1.07738951e-004	9.99892244e-001	
7.52	1.49263575e-026	9.18681305e-020	1.16601023e-013	1.63759841e-008	1.05061995e-004	9.99894922e-001	
7.53	1.31836649e-026	8.30777913e-020	1.07391522e-013	1.55068002e-008	1.02459465e-004	9.99897525e-001	
7.54	1.16476126e-026	7.51537631e-020	9.89259372e-014	1.46854217e-008	9.99227555e-005	9.99900063e-001	
7.55	1.02935028e-026	6.79887811e-020	9.11313084e-014	1.39085089e-008	9.74593051e-005	9.99902527e-001	
7.56	9.09854716e-027	6.15179303e-020	8.39526937e-014	1.31733337e-008	9.50528381e-005	9.99904934e-001	
7.57	8.04492719e-027	5.56733891e-020	7.73485351e-014	1.24779391e-008	9.27109483e-005	9.99907277e-001	
7.58	7.11519729e-027	5.03930245e-020	7.12724751e-014	1.18205465e-008	9.04329673e-005	9.99909555e-001	
7.59	6.29444201e-027	4.56205324e-020	6.56760764e-014	1.11981650e-008	8.82108713e-005	9.99911778e-001	
7.6	5.57016400e-027	4.13082286e-020	6.05235981e-014	1.06095026e-008	8.60483869e-005	9.99913941e-001	
7.61	4.93011705e-027	3.74075744e-020	5.57812619e-014	1.00524827e-008	8.39412993e-005	9.99916049e-001	
7.62	4.36489477e-027	3.38815109e-020	5.14111821e-014	9.52497037e-009	8.18853910e-005	9.99918105e-001	
7.63	3.86640476e-027	3.07003554e-020	4.73994149e-014	9.02783568e-009	7.98876692e-005	9.99920103e-001	
7.64	3.42605332e-027	2.78244280e-020	4.37057968e-014	8.55780109e-009	7.79374665e-005	9.99922054e-001	
7.65	3.03926588e-027	2.52441798e-020	4.03404713e-014	8.11298581e-009	7.60378987e-005	9.99923954e-001	
7.66	2.69725682e-027	2.29099906e-020	3.72411530e-014	7.69151229e-009	7.41847872e-005	9.99925808e-001	
7.67	2.39433101e-027	2.07948241e-020	3.43835570e-014	7.29226865e-009	7.23779873e-005	9.99927615e-001	
7.68	2.12615929e-027	1.88793078e-020	3.17475710e-014	6.91458517e-009	7.06214318e-005	9.99929372e-001	
7.69	1.88836065e-027	1.71417958e-020	2.93135875e-014	6.55626353e-009	6.89041131e-005	9.99931089e-001	
7.7	1.67766826e-027	1.55670515e-020	2.70705855e-014	6.21738439e-009	6.72356629e-005	9.99932758e-001	
7.71	1.49059920e-027	1.41369812e-020	2.49972058e-014	5.89575065e-009	6.56023013e-005	9.99934392e-001	
7.72	1.32488406e-027	1.28412978e-020	2.30843514e-014	5.59118295e-009	6.40122952e-005	9.99935982e-001	
7.73	1.17794927e-027	1.16668378e-020	2.13200255e-014	5.30280975e-009	6.24642492e-005	9.99937530e-001	
7.74	1.04747877e-027	1.06003743e-020	1.96910398e-014	5.02948424e-009	6.09540027e-005	9.99939041e-001	
7.75	9.32033786e-028	9.63650035e-021	1.81942305e-014	4.77225239e-009	5.95036321e-005	9.99940492e-001	
7.76	8.29751070e-028	8.76359334e-021	1.68159702e-014	4.52927853e-009	5.80996860e-005	9.99941896e-001	
7.77	7.38780878e-028	7.97008417e-021	1.55414543e-014	4.29872470e-009	5.67274307e-005	9.99943268e-001	
7.78	6.57913057e-028	7.24907162e-021	1.43641555e-014	4.08008557e-009	5.53895186e-005	9.99944606e-001	
7.79	5.86108682e-028	6.59489918e-021	1.32773207e-014	3.87272085e-009	5.40842280e-005	9.99945912e-001	
7.8	5.22259680e-028	6.00046275e-021	1.22729339e-014	3.67598867e-009	5.28093688e-005	9.99947187e-001	
7.81	4.65431853e-028	5.45984149e-021	1.13447398e-014	3.48944102e-009	5.15651230e-005	9.99948431e-001	
7.82	4.14838611e-028	4.96799807e-021	1.04858161e-014	3.31215264e-009	5.03474415e-005	9.99949649e-001	
7.83	3.69898748e-028	4.52173045e-021	9.69323355e-015	3.14419229e-009	4.91607361e-005	9.99950836e-001	
7.84	3.29905931e-028	4.11618726e-021	8.96166485e-015	2.98497850e-009	4.80052205e-005	9.99951992e-001	
7.85	2.94271968e-028	3.74704426e-021	8.28456073e-015	2.83366120e-009	4.68725344e-005	9.99953125e-001	
7.86	2.62578088e-028	3.41172931e-021	7.65965374e-015	2.69036985e-009	4.57714295e-005	9.99954226e-001	
7.87	2.34339248e-028	3.10673190e-021	7.08191905e-015	2.55411528e-009	4.46915620e-005	9.99955306e-001	
