4	9.41599542e-001	5.84002869e-002	1.71382154e-007	3.34855032e-026	3.09306329e-045	
4.01	9.30027567e-001	6.99720912e-002	3.41826553e-007	6.78321498e-026	6.35906532e-045	
4.02	9.16653934e-001	8.33453955e-002	6.70386877e-007	1.35112336e-025	1.28543750e-044	
4.03	9.01317890e-001	9.86808174e-002	1.29304692e-006	2.64681170e-025	2.55582436e-044	
4.04	8.83878258e-001	1.16119290e-001	2.45279475e-006	5.09936539e-025	4.99741806e-044	
4.05	8.64209099e-001	1.35786325e-001	4.57671632e-006	9.66387872e-025	9.61197406e-044	
4.06	8.42244361e-001	1.57747238e-001	8.40056532e-006	1.80161391e-024	1.81867306e-043	
4.07	8.17932926e-001	1.82051907e-001	1.51668358e-005	3.30374572e-024	3.38484664e-043	
4.08	7.91315472e-001	2.08657589e-001	2.69396180e-005	5.96022435e-024	6.19778547e-043	
4.09	7.62471420e-001	2.37481509e-001	4.70712916e-005	1.05778183e-023	1.11639244e-042	
4.1	7.31541778e-001	2.68377291e-001	8.09310124e-005	1.84723392e-023	1.97876224e-042	
4.11	6.98775230e-001	3.01087859e-001	1.36911108e-004	3.17408792e-023	3.45099582e-042	
4.12	6.64419138e-001	3.35352916e-001	2.27946295e-004	5.36773641e-023	5.92347703e-042	
4.13	6.28812971e-001	3.70813423e-001	3.73606685e-004	8.93624869e-023	1.00092391e-041	
4.14	5.92325148e-001	4.07072012e-001	6.02839736e-004	1.46462521e-022	1.66510369e-041	
4.15	5.55363741e-001	4.43678199e-001	9.58060071e-004	2.36429611e-022	2.72827532e-041	
4.16	5.18329486e-001	4.80170672e-001	1.49984209e-003	3.75966233e-022	4.40360089e-041	
4.17	4.81560794e-001	5.16125157e-001	2.31404946e-003	5.89221466e-022	7.00511771e-041	
4.18	4.45423382e-001	5.51057173e-001	3.51944499e-003	9.10287611e-022	1.09849230e-040	
4.19	4.10231549e-001	5.84490041e-001	5.27841077e-003	1.38679280e-021	1.69870992e-040	
4.2	3.76198006e-001	6.15992532e-001	7.80946237e-003	2.08419065e-021	2.59140668e-040	
4.21	3.43528401e-001	6.45071867e-001	1.13997327e-002	3.09053101e-021	3.90051116e-040	
4.22	3.12353561e-001	6.71224354e-001	1.64220845e-002	4.52249517e-021	5.79383678e-040	
4.23	2.82750385e-001	6.93906229e-001	2.33433860e-002	6.53034914e-021	8.49233278e-040	
4.24	2.54718204e-001	7.12539052e-001	3.27427437e-002	9.30508800e-021	1.22834581e-039	
4.25	2.28257687e-001	7.26437117e-001	4.53051964e-002	1.30792449e-020	1.75263915e-039	
4.26	2.03350445e-001	7.34840051e-001	6.18095042e-002	1.81270175e-020	2.46579121e-039	
4.27	1.79927865e-001	7.36984267e-001	8.30878685e-002	2.47543180e-020	3.41820766e-039	
4.28	1.57970680e-001	7.32064497e-001	1.09964823e-001	3.32823314e-020	4.66537677e-039	
4.29	1.37443884e-001	7.19414197e-001	1.43141919e-001	4.40125201e-020	6.26289863e-039	
4.3	1.18369229e-001	6.98583507e-001	1.83047264e-001	5.71772551e-020	8.25962515e-039	
4.31	1.00777830e-001	6.69491595e-001	2.29730575e-001	7.29002554e-020	1.06905978e-038	
4.32	8.47259363e-002	6.32571307e-001	2.82702757e-001	9.11385786e-020	1.35679418e-038	
4.33	7.02861642e-002	5.88821853e-001	3.40891983e-001	1.11650722e-019	1.68740795e-038	
4.34	5.75147716e-002	5.39781125e-001	4.02704104e-001	1.33997972e-019	2.05594040e-038	
4.35	4.64247082e-002	4.87393943e-001	4.66181349e-001	1.57594858e-019	2.45478680e-038	
4.36	3.69879623e-002	4.33764173e-001	5.29247864e-001	1.81772175e-019	2.87445918e-038	
4.37	2.91218981e-002	3.80904159e-001	5.89973943e-001	2.05867103e-019	3.30508449e-038	
4.38	2.26894331e-002	3.30529349e-001	6.46781218e-001	2.29298124e-019	3.73735798e-038	
4.39	1.75215625e-002	2.83903254e-001	6.98575183e-001	2.51629992e-019	4.16392235e-038	
4.4	1.34355856e-002	2.41805590e-001	7.44758824e-001	2.72555837e-019	4.57907726e-038	
4.41	1.02466090e-002	2.04570344e-001	7.85183047e-001	2.91954729e-019	4.97986813e-038	
4.42	7.78531471e-003	1.72194432e-001	8.20020253e-001	3.09792313e-019	5.36492645e-038	
4.43	5.90142412e-003	1.44419628e-001	8.49678948e-001	3.26147301e-019	5.73455886e-038	
4.44	4.46825662e-003	1.20839130e-001	8.74692613e-001	3.41143765e-019	6.09011291e-038	
4.45	3.38289814e-003	1.00981076e-001	8.95636026e-001	3.54932244e-019	6.43342839e-038	
4.46	2.56376168e-003	8.43544346e-002	9.13081804e-001	3.67659273e-019	6.76627846e-038	
4.47	1.94579025e-003	7.04879047e-002	9.27566305e-001	3.79496893e-019	7.09127911e-038	
4.48	1.47990809e-003	5.89567112e-002	9.39563381e-001	3.90605879e-019	7.41103250e-038	
4.49	1.12835838e-003	4.93802716e-002	9.49491370e-001	4.01086204e-019	7.72686684e-038	
4.5	8.62650313e-004	4.14297905e-002	9.57707559e-001	4.11086217e-019	8.04127806e-038	
4.51	6.61589325e-004	3.48298969e-002	9.64508514e-001	4.20686751e-019	8.35574614e-038	
4.52	5.09026166e-004	2.93454821e-002	9.70145492e-001	4.29971853e-019	8.67175953e-038	
4.53	3.93011892e-004	2.47847443e-002	9.74822244e-001	4.39030014e-019	8.99098944e-038	
4.54	3.04607775e-004	2.09941136e-002	9.78701279e-001	4.47897707e-019	9.31432001e-038	
4.55	2.36945997e-004	1.78297316e-002	9.81933322e-001	4.56670692e-019	9.64335443e-038	
4.56	1.84960345e-004	1.51815150e-002	9.84633525e-001	4.65327753e-019	9.97807983e-038	
4.57	1.44906865e-004	1.29613120e-002	9.86893781e-001	4.73966853e-019	1.03206788e-037	
4.58	1.13932890e-004	1.10953941e-002	9.88790673e-001	4.82572315e-019	1.06707128e-037	
4.59	8.98964209e-005	9.52316530e-003	9.90386938e-001	4.91214631e-019	1.10301035e-037	
4.6	7.11812069e-005	8.19535838e-003	9.91733460e-001	4.99865655e-019	1.13986650e-037	
4.61	5.65573764e-005	7.07126735e-003	9.92872175e-001	5.08565372e-019	1.17769810e-037	
4.62	4.50984398e-005	6.11724128e-003	9.93837660e-001	5.17354326e-019	1.21667449e-037	
4.63	3.60846214e-005	5.30551965e-003	9.94658396e-001	5.26218599e-019	1.25676148e-037	
4.64	2.89674096e-005	4.61291635e-003	9.95358116e-001	5.35167545e-019	1.29803668e-037	
4.65	2.33311064e-005	4.02092088e-003	9.95955748e-001	5.44208376e-019	1.34054679e-037	
4.66	1.88521289e-005	3.51349479e-003	9.96467653e-001	5.53377938e-019	1.38437930e-037	
4.67	1.52815568e-005	3.07745772e-003	9.96907261e-001	5.62684010e-019	1.42965600e-037	
4.68	1.24248411e-005	2.70186537e-003	9.97285710e-001	5.72100568e-019	1.47627427e-037	
4.69	1.01334842e-005	2.37766100e-003	9.97612206e-001	5.81664163e-019	1.52443695e-037	
4.7	8.28890419e-006	2.09699610e-003	9.97894715e-001	5.91345016e-019	1.57406574e-037	
4.71	6.80026716e-006	1.85362979e-003	9.98139570e-001	6.01180251e-019	1.62529468e-037	
4.72	5.59500114e-006	1.64211570e-003	9.98352289e-001	6.11173731e-019	1.67826491e-037	
4.73	4.61628422e-006	1.45782066e-003	9.98537563e-001	6.21328830e-019	1.73294146e-037	
4.74	3.81922127e-006	1.29692404e-003	9.98699257e-001	6.31648382e-019	1.78937219e-037	
4.75	3.16932375e-006	1.15648495e-003	9.98840346e-001	6.42134584e-019	1.84770979e-037	
4.76	2.63729351e-006	1.03336153e-003	9.98964001e-001	6.52789650e-019	1.90796063e-037	
4.77	2.20028571e-006	9.25182897e-004	9.99072617e-001	6.63615156e-019	1.97011981e-037	
4.78	1.84043455e-006	8.29912502e-004	9.99168247e-001	6.74612279e-019	2.03441580e-037	
4.79	1.54313338e-006	7.45840214e-004	9.99252617e-001	6.85781770e-019	2.10072529e-037	
4.8	1.29709573e-006	6.71549240e-004	9.99327154e-001	6.97172564e-019	2.16937662e-037	
4.81	1.09290227e-006	6.05714928e-004	9.99393192e-001	1.74895580e-010	5.52837212e-029	
4.82	9.22963645e-007	5.47327777e-004	9.99451749e-001	3.38059817e-010	1.08550819e-028	
4.83	7.81239130e-007	4.95396791e-004	9.99503821e-001	6.44150729e-010	2.10115383e-028	
4.84	6.62736870e-007	4.49160186e-004	9.99550176e-001	1.21028749e-009	4.01049603e-028	
4.85	5.63441921e-007	4.07898815e-004	9.99591535e-001	2.24342168e-009	7.55208266e-028	
4.86	4.80114227e-007	3.71043748e-004	9.99628472e-001	4.10287916e-009	1.40317345e-027	
4.87	4.09930952e-007	3.38045663e-004	9.99661537e-001	7.40712030e-009	2.57352522e-027	
4.88	3.50750709e-007	3.08453940e-004	9.99691182e-001	1.32021926e-008	4.66014563e-027	
4.89	3.00703911e-007	2.81866352e-004	9.99717810e-001	2.32418214e-008	8.33488306e-027	
4.9	2.58361714e-007	2.57985414e-004	9.99741716e-001	4.04172601e-008	1.47255657e-026	
4.91	2.22397553e-007	2.36472300e-004	9.99763236e-001	6.94617237e-008	2.57122797e-026	
4.92	1.91846611e-007	2.17104612e-004	9.99782586e-001	1.17989985e-007	4.43754881e-026	
4.93	1.65789080e-007	1.99577819e-004	9.99800058e-001	1.98188236e-007	7.57339738e-026	
4.94	1.43530603e-007	1.83729428e-004	9.99815798e-001	3.29188780e-007	1.27810522e-025	
4.95	1.24492865e-007	1.69359484e-004	9.99829975e-001	5.40935715e-007	1.41594175e-017	
4.96	1.08164755e-007	1.56315324e-004	9.99842697e-001	8.79454587e-007	4.50990601e-017	
4.97	9.41362475e-008	1.44463549e-004	9.99854027e-001	1.41525901e-006	1.40096347e-016	
4.98	8.20683892e-008	1.33672583e-004	9.99863991e-001	2.25446083e-006	4.24701157e-016	
4.99	7.16722530e-008	1.23846336e-004	9.99872526e-001	3.55604678e-006	1.25699128e-015	
5	6.26899066e-008	1.14872779e-004	9.99879510e-001	5.55498328e-006	3.63447838e-015	
5.01	5.49217601e-008	1.06673889e-004	9.99884674e-001	8.59693436e-006	1.02727915e-014	
5.02	4.81950294e-008	9.91778520e-005	9.99887592e-001	1.31822079e-005	2.83940140e-014	
5.03	4.23560158e-008	9.23159894e-005	9.99887610e-001	2.00320631e-005	7.67927194e-014	
5.04	3.72844879e-008	8.60269682e-005	9.99883761e-001	3.01743941e-005	2.03312408e-013	
5.05	3.28684078e-008	8.02582297e-005	9.99874645e-001	4.50638952e-005	5.27192476e-013	
5.06	2.90198949e-008	7.49601928e-005	9.99858273e-001	6.67373987e-005	1.33952256e-012	
5.07	2.56587831e-008	7.00849482e-005	9.99831864e-001	9.80252156e-005	3.33660859e-012	
5.08	2.27220139e-008	6.55995681e-005	9.99791546e-001	1.42832123e-004	8.15161793e-012	
5.09	2.01474988e-008	6.14655517e-005	9.99732027e-001	2.06487141e-004	1.95386340e-011	
5.1	1.78931325e-008	5.76542939e-005	9.99646097e-001	2.96230565e-004	4.59720442e-011	
5.11	1.59128500e-008	5.41377297e-005	9.99524041e-001	4.21804844e-004	1.06228424e-010	
5.12	1.41717666e-008	5.08874765e-005	9.99352906e-001	5.96192108e-004	2.41146175e-010	
5.13	1.26398406e-008	4.78854885e-005	9.99115483e-001	8.36618420e-004	5.37952173e-010	
5.14	1.12888476e-008	4.51062887e-005	9.98789157e-001	1.16572451e-003	1.17990790e-009	
5.15	1.00966561e-008	4.25351498e-005	9.98344490e-001	1.61296178e-003	2.54519991e-009	
5.16	9.04342782e-009	4.01535505e-005	9.97743174e-001	2.21665757e-003	5.40102360e-009	
5.17	8.11027370e-009	3.79413656e-005	9.96936210e-001	3.02582908e-003	1.12805525e-008	
5.18	7.28352003e-009	3.58895035e-005	9.95861219e-001	4.10286079e-003	2.31914711e-008	
5.19	6.54988316e-009	3.39828544e-005	9.94439675e-001	5.52628909e-003	4.69429164e-008	
5.2	5.89805631e-009	3.22097977e-005	9.92572956e-001	7.39473461e-003	9.35963747e-008	
5.21	5.31733873e-009	3.05565611e-005	9.90139663e-001	9.82959089e-003	1.83809154e-007	
5.22	4.79938522e-009	2.90118746e-005	9.86991145e-001	1.29794824e-002	3.55636707e-007	
5.23	4.33666083e-009	2.75660360e-005	9.82948180e-001	1.70235716e-002	6.77980956e-007	
5.24	3.92204617e-009	2.62074861e-005	9.77797921e-001	2.21745941e-002	1.27357173e-006	
5.25	3.54968417e-009	2.49263683e-005	9.71291499e-001	2.86812137e-002	2.35727928e-006	
5.26	3.21399360e-009	2.37114566e-005	9.63144189e-001	3.68277971e-002	4.29918175e-006	
5.27	2.91074138e-009	2.25536747e-005	9.53040359e-001	4.69293594e-002	7.72464735e-006	
5.28	2.63553918e-009	2.14419671e-005	9.40641112e-001	5.93237746e-002	1.36686591e-005	
5.29	2.38497069e-009	2.03677148e-005	9.25589443e-001	7.43663691e-002	2.38179649e-005	
5.3	2.15589480e-009	1.93208045e-005	9.07542511e-001	9.23973116e-002	4.08544974e-005	
5.31	1.94596284e-009	1.82955740e-005	8.86187681e-001	1.13725068e-001	6.89542473e-005	
5.32	1.75302812e-009	1.72864341e-005	8.61284761e-001	1.38583473e-001	1.14477650e-004	
5.33	1.57525733e-009	1.62872833e-005	8.32688306e-001	1.67108550e-001	1.86854955e-004	
5.34	1.41121918e-009	1.52946907e-005	8.00393478e-001	1.99291441e-001	2.99785020e-004	
5.35	1.25999985e-009	1.43095683e-005	7.64563727e-001	2.34949424e-001	4.72538129e-004	
5.36	1.12074368e-009	1.33338775e-005	7.25531069e-001	2.73723926e-001	7.31670075e-004	
5.37	9.92918036e-010	1.23722295e-005	6.83818952e-001	3.15055863e-001	1.11281154e-003	
5.38	8.75988864e-010	1.14290315e-005	6.40084167e-001	3.58241989e-001	1.66241444e-003	
5.39	7.69663071e-010	1.05119951e-005	5.95107829e-001	4.02441682e-001	2.43997630e-003	
5.4	6.73567027e-010	9.62778788e-006	5.49702719e-001	4.46767825e-001	3.51982791e-003	
5.41	5.87331349e-010	8.78369481e-006	5.04671375e-001	4.90326779e-001	4.99306217e-003	
5.42	5.10509866e-010	7.98652219e-006	4.60755748e-001	5.32266723e-001	6.96954222e-003	
5.43	4.42566892e-010	7.24080227e-006	4.18573988e-001	5.71839734e-001	9.57903619e-003	
5.44	3.82828305e-010	6.54855980e-006	3.78609156e-001	6.08410325e-001	1.29739696e-002	
5.45	3.30598213e-010	5.91156432e-006	3.41183037e-001	6.41482935e-001	1.73281155e-002	
5.46	2.85204815e-010	5.32973339e-006	3.06567524e-001	6.70586946e-001	2.28402000e-002	
5.47	2.45941527e-010	4.80135334e-006	2.74816492e-001	6.95451318e-001	2.97273886e-002	
5.48	2.11957597e-010	4.32192434e-006	2.45841846e-001	7.15920993e-001	3.82328381e-002	
5.49	1.82599439e-010	3.88805179e-006	2.19510877e-001	7.31872331e-001	4.86129031e-002	
5.5	1.57253036e-010	3.49574033e-006	1.95668005e-001	7.43194304e-001	6.11341949e-002	
5.51	1.35360037e-010	3.14085052e-006	1.74146613e-001	7.49794435e-001	7.60558107e-002	
5.52	1.16405035e-010	2.81870350e-006	1.54738239e-001	7.51622518e-001	9.36364240e-002	
5.53	1.00018982e-010	2.52692716e-006	1.37250269e-001	7.48658927e-001	1.14088277e-001	
5.54	8.58255458e-011	2.26196249e-006	1.21499247e-001	7.40932339e-001	1.37566152e-001	
5.55	7.35249710e-011	2.02094355e-006	1.07314802e-001	7.28522384e-001	1.64160792e-001	
5.56	6.28632308e-011	1.80169613e-006	9.45447451e-002	7.11575813e-001	1.93877641e-001	
5.57	5.36193149e-011	1.60208188e-006	8.30566178e-002	6.90350926e-001	2.26590854e-001	
5.58	4.55972534e-011	1.42002669e-006	7.27329391e-002	6.65185933e-001	2.62079708e-001	
5.59	3.86520514e-011	1.25443964e-006	6.34762924e-002	6.36539756e-001	2.99982697e-001	
5.6	3.26533251e-011	1.10411395e-006	5.51975491e-002	6.04951902e-001	3.39849444e-001	
5.61	2.74887116e-011	9.68071354e-007	4.78247482e-002	5.71082296e-001	3.81091988e-001	
5.62	2.30615658e-011	8.45673571e-007	4.12901600e-002	5.35650777e-001	4.23058217e-001	
5.63	1.92701637e-011	7.35713063e-007	3.55199480e-002	4.99275548e-001	4.65203768e-001	
5.64	1.60413531e-011	6.37502983e-007	3.04522649e-002	4.62615928e-001	5.06931169e-001	
5.65	1.33082635e-011	5.50434564e-007	2.60243050e-002	4.26303441e-001	5.47671703e-001	
5.66	1.10054326e-011	4.73665024e-007	2.21748068e-002	3.90845187e-001	5.86979532e-001	
5.67	9.07792493e-012	4.06492862e-007	1.88516972e-002	3.56731849e-001	6.24416048e-001	
5.68	7.47347759e-012	3.48103086e-007	1.60000699e-002	3.24294911e-001	6.59704671e-001	
5.69	6.13937421e-012	2.97407475e-007	1.35563664e-002	2.93799317e-001	6.92644020e-001	
5.7	5.03544978e-012	2.53659725e-007	1.14711610e-002	2.65387957e-001	7.23140629e-001	
5.71	4.12438556e-012	2.16000478e-007	9.69715377e-003	2.39153311e-001	7.51149320e-001	
5.72	3.37455780e-012	1.83713419e-007	8.19242466e-003	2.15099545e-001	7.76707847e-001	
5.73	2.75912867e-012	1.56118923e-007	6.91942194e-003	1.93172340e-001	7.99908082e-001	
5.74	2.25495831e-012	1.32594282e-007	5.84455998e-003	1.73295980e-001	8.20859328e-001	
5.75	1.84278567e-012	1.12584038e-007	4.93821040e-003	1.55355465e-001	8.39706212e-001	
5.76	1.50570869e-012	9.55544271e-008	4.17486532e-003	1.39217594e-001	8.56607445e-001	
5.77	1.23066377e-012	8.11021893e-008	3.53218578e-003	1.24739625e-001	8.71728108e-001	
5.78	1.00647226e-012	6.88668691e-008	2.99147670e-003	1.11786994e-001	8.85221460e-001	
5.79	8.23512145e-013	5.84987484e-008	2.53608901e-003	1.00213908e-001	8.97249945e-001	
5.8	6.74367633e-013	4.97259185e-008	2.15285251e-003	8.98892231e-002	9.07957875e-001	
5.81	5.52763325e-013	4.23022815e-008	1.83000758e-003	8.06837743e-002	9.17486176e-001	
5.82	4.53483200e-013	3.60113322e-008	1.55774011e-003	7.24856219e-002	9.25956602e-001	
5.83	3.72514053e-013	3.06937528e-008	1.32837594e-003	6.51989939e-002	9.33472599e-001	
5.84	3.06593707e-013	2.62075653e-008	1.13545087e-003	5.87047108e-002	9.40159812e-001	
5.85	2.52619484e-013	2.23974388e-008	9.72039304e-004	5.29163214e-002	9.46111617e-001	
5.86	2.08385095e-013	1.91622365e-008	8.33520582e-004	4.77570891e-002	9.51409371e-001	
5.87	1.72080943e-013	1.64086980e-008	7.15833954e-004	4.31495606e-002	9.56134589e-001	
5.88	1.42278976e-013	1.40667753e-008	6.15824157e-004	3.90387206e-002	9.60345441e-001	
5.89	1.17765350e-013	1.20706518e-008	5.30618956e-004	3.53630846e-002	9.64106284e-001	
5.9	9.75547594e-014	1.03648692e-008	4.57946987e-004	3.20765806e-002	9.67465462e-001	
5.91	8.09199205e-014	8.91078877e-009	3.95916532e-004	2.91337384e-002	9.70470336e-001	
5.92	6.71945973e-014	7.66795949e-009	3.42799163e-004	2.64954822e-002	9.73161711e-001	
5.93	5.58659987e-014	6.60584278e-009	2.97301595e-004	2.41285593e-002	9.75574132e-001	
5.94	4.65006737e-014	5.69655692e-009	2.58242694e-004	2.20021114e-002	9.77739640e-001	
5.95	3.87502014e-014	4.91750210e-009	2.24660093e-004	2.00896782e-002	9.79685657e-001	
5.96	3.23289495e-014	4.24934206e-009	1.95739525e-004	1.83669453e-002	9.81437311e-001	
5.97	2.70096346e-014	3.67668627e-009	1.70845421e-004	1.68146311e-002	9.83014520e-001	
5.98	2.26040436e-014	3.18625756e-009	1.49429160e-004	1.54130805e-002	9.84437487e-001	
5.99	1.89405295e-014	2.76431404e-009	1.30909512e-004	1.41485809e-002	9.85720507e-001	
6	1.58881996e-014	2.40062809e-009	1.14850755e-004	1.30039989e-002	9.86881148e-001	
6.01	1.33428777e-014	2.08690917e-009	1.00908391e-004	1.19671559e-002	9.87931934e-001	
6.02	1.12167293e-014	1.81578785e-009	8.87767778e-005	1.10265749e-002	9.88884646e-001	
6.03	9.43905880e-015	1.58135110e-009	7.82121849e-005	1.01717866e-002	9.89750000e-001	
6.04	7.95179982e-015	1.37851901e-009	6.89980490e-005	9.39479158e-003	9.90536209e-001	
6.05	6.70387786e-015	1.20247798e-009	6.09472777e-005	8.68694943e-003	9.91252102e-001	
6.06	5.65699894e-015	1.04976776e-009	5.39079515e-005	8.04173083e-003	9.91904360e-001	
6.07	4.77801993e-015	9.17184033e-010	4.77389057e-005	7.45281428e-003	9.92499446e-001	
6.08	4.03950114e-015	8.02042020e-010	4.23272072e-005	6.91459294e-003	9.93043079e-001	
6.09	3.41856723e-015	7.01977421e-010	3.75776761e-005	6.42231679e-003	9.93540105e-001	
6.1	2.89738723e-015	6.15248956e-010	3.34199428e-005	5.97128711e-003	9.93995292e-001	
6.11	2.45835027e-015	5.39762791e-010	2.97622769e-005	5.55786033e-003	9.94412377e-001	
6.12	2.08753820e-015	4.73872312e-010	2.65338941e-005	5.17808000e-003	9.94795386e-001	
6.13	1.77433652e-015	4.16378083e-010	2.36830712e-005	4.82941585e-003	9.95146901e-001	
6.14	1.50946869e-015	3.66148645e-010	2.11620255e-005	4.50865483e-003	9.95470183e-001	
6.15	1.28515931e-015	3.22202926e-010	1.89285576e-005	4.21309493e-003	9.95767976e-001	
6.16	1.09514732e-015	2.83743749e-010	1.69498373e-005	3.94073544e-003	9.96042314e-001	
6.17	9.33963877e-016	2.50053851e-010	1.51934295e-005	3.68941335e-003	9.96295393e-001	
6.18	7.97098039e-016	2.20506412e-010	1.36317146e-005	3.45709246e-003	9.96529276e-001	
6.19	6.80714490e-016	1.94605914e-010	1.22440099e-005	3.24238780e-003	9.96745368e-001	
6.2	5.81698980e-016	1.71846714e-010	1.10074431e-005	3.04366112e-003	9.96945331e-001	
6.21	4.97548555e-016	1.51873133e-010	9.90663552e-006	2.85944021e-003	9.97130653e-001	
6.22	4.26232732e-016	1.34413334e-010	8.93070519e-006	2.68865384e-003	9.97302415e-001	
6.23	3.65407583e-016	1.19036988e-010	8.05874422e-006	2.53026357e-003	9.97461678e-001	
6.24	3.13441307e-016	1.05470540e-010	7.27774813e-006	2.38279049e-003	9.97609932e-001	
6.25	2.69072829e-016	9.35129415e-011	6.57836608e-006	2.24581758e-003	9.97747604e-001	
6.26	2.31125878e-016	8.29531939e-011	5.95086578e-006	2.11820665e-003	9.97875842e-001	
6.27	1.98669895e-016	7.36314874e-011	5.38803606e-006	1.99943765e-003	9.97995174e-001	
6.28	1.70895237e-016	6.53954624e-011	4.88227560e-006	1.88861750e-003	9.98106500e-001	
6.29	1.47100851e-016	5.81137787e-011	4.42752443e-006	1.78517871e-003	9.98210394e-001	
6.3	1.26698626e-016	5.16711590e-011	4.01834600e-006	1.68859889e-003	9.98307383e-001	
6.31	1.09210466e-016	4.59744958e-011	3.65003418e-006	1.59837623e-003	9.98397974e-001	
6.32	9.41838471e-017	4.09221150e-011	3.31772683e-006	1.51396181e-003	9.98482720e-001	
6.33	8.13454342e-017	3.64748992e-011	3.02046166e-006	1.43494203e-003	9.98562037e-001	
6.34	7.03169602e-017	3.25355511e-011	2.75234296e-006	1.36092151e-003	9.98636326e-001	
6.35	6.08164118e-017	2.90347511e-011	2.50967019e-006	1.29155064e-003	9.98705940e-001	
6.36	5.26348908e-017	2.59261295e-011	2.29027258e-006	1.22649638e-003	9.98771213e-001	
6.37	4.55840552e-017	2.31632502e-011	2.09153057e-006	1.16550995e-003	9.98832398e-001	
6.38	3.94986512e-017	2.07037335e-011	1.91117689e-006	1.10814264e-003	9.98889946e-001	
6.39	3.42446828e-017	1.85131289e-011	1.74755133e-006	1.05418878e-003	9.98944064e-001	
6.4	2.97077959e-017	1.65635488e-011	1.59905270e-006	1.00346050e-003	9.98994940e-001	
6.41	2.57912912e-017	1.48290399e-011	1.46429328e-006	9.55769924e-004	9.99042766e-001	
6.42	2.23988829e-017	1.32798652e-011	1.34153038e-006	9.10747399e-004	9.99087911e-001	
6.43	1.94624694e-017	1.18972647e-011	1.22974866e-006	8.68302577e-004	9.99130468e-001	
6.44	1.69286073e-017	1.06689620e-011	1.12851936e-006	8.28303659e-004	9.99170568e-001	
6.45	1.47391826e-017	9.57580314e-012	1.03670636e-006	7.90563329e-004	9.99208400e-001	
6.46	1.28399669e-017	8.59800707e-012	9.52862257e-007	7.54850847e-004	9.99244196e-001	
6.47	1.11905347e-017	7.72372154e-012	8.76339562e-007	7.21110912e-004	9.99278013e-001	
6.48	9.76223855e-018	6.94384896e-012	8.06440348e-007	6.89272771e-004	9.99309921e-001	
6.49	8.52114003e-018	6.24554516e-012	7.42495186e-007	6.59133776e-004	9.99340124e-001	
6.5	7.44121736e-018	5.61999194e-012	6.83998289e-007	6.30582419e-004	9.99368734e-001	
6.51	6.50106871e-018	5.05875888e-012	6.30404178e-007	6.03541323e-004	9.99395828e-001	
6.52	5.67953921e-018	4.55607638e-012	5.81414779e-007	5.77912280e-004	9.99421506e-001	
6.53	4.96332394e-018	4.10412195e-012	5.36391256e-007	5.53605417e-004	9.99445858e-001	
6.54	4.33950338e-018	3.69882235e-012	4.95165959e-007	5.30538329e-004	9.99468967e-001	
6.55	3.79531958e-018	3.33431018e-012	4.57282457e-007	5.08616906e-004	9.99490926e-001	
6.56	3.32335146e-018	3.00891202e-012	4.22766101e-007	4.87807039e-004	9.99511770e-001	
6.57	2.91201523e-018	2.71683777e-012	3.91131975e-007	4.68058363e-004	9.99531551e-001	
6.58	2.55298618e-018	2.45409709e-012	3.62040066e-007	4.49254804e-004	9.99550383e-001	
6.59	2.23906059e-018	2.21747975e-012	3.35268397e-007	4.31406135e-004	9.99568259e-001	
6.6	1.96496495e-018	2.00471148e-012	3.10653352e-007	4.14462998e-004	9.99585226e-001	
6.61	1.72515680e-018	1.81298325e-012	2.87971677e-007	3.98327072e-004	9.99601385e-001	
6.62	1.51510022e-018	1.63994259e-012	2.67051079e-007	3.82939086e-004	9.99616794e-001	
6.63	1.33130788e-018	1.48403848e-012	2.47751077e-007	3.68269958e-004	9.99631482e-001	
6.64	1.17023488e-018	1.34331001e-012	2.29945199e-007	3.54291032e-004	9.99645479e-001	
6.65	1.02910078e-018	1.21635341e-012	2.13503462e-007	3.40952886e-004	9.99658834e-001	
6.66	9.05307149e-019	1.10167538e-012	1.98294593e-007	3.28190587e-004	9.99671611e-001	
6.67	7.96764380e-019	9.98163268e-013	1.84261930e-007	3.16023393e-004	9.99683792e-001	
6.68	7.01616835e-019	9.04782432e-013	1.71316168e-007	3.04409766e-004	9.99695419e-001	
6.69	6.18609225e-019	8.21077152e-013	1.59456995e-007	2.93315179e-004	9.99706525e-001	
6.7	5.45583543e-019	7.45284657e-013	1.48476995e-007	2.82701165e-004	9.99717150e-001	
6.71	4.81408180e-019	6.76740006e-013	1.38308277e-007	2.72595374e-004	9.99727266e-001	
6.72	4.25039886e-019	6.14806594e-013	1.28908092e-007	2.62948181e-004	9.99736923e-001	
6.73	3.75354629e-019	5.58616374e-013	1.20174289e-007	2.53708171e-004	9.99746172e-001	
6.74	3.31621352e-019	5.07736807e-013	1.12080173e-007	2.44859758e-004	9.99755028e-001	
6.75	2.93078957e-019	4.61599488e-013	1.04555155e-007	2.36377417e-004	9.99763518e-001	
6.76	2.59105898e-019	4.19753452e-013	9.75711206e-008	2.28253807e-004	9.99771649e-001	
6.77	2.29177603e-019	3.81842865e-013	9.10849227e-008	2.20459832e-004	9.99779449e-001	
6.78	2.02751547e-019	3.47405738e-013	8.50517799e-008	2.12983832e-004	9.99786931e-001	
6.79	1.79442675e-019	3.16163140e-013	7.94458256e-008	2.05811591e-004	9.99794109e-001	
6.8	1.58870318e-019	2.87805772e-013	7.42292670e-008	1.98926595e-004	9.99800999e-001	
6.81	1.40780762e-019	2.62196472e-013	6.93721210e-008	1.92313831e-004	9.99807617e-001	
6.82	1.24872648e-019	2.39078797e-013	6.48848820e-008	1.85963842e-004	9.99813971e-001	
6.83	1.10848457e-019	2.18147860e-013	6.07319555e-008	1.79867191e-004	9.99820072e-001	
6.84	9.84426603e-020	1.99119385e-013	5.68690135e-008	1.74038389e-004	9.99825905e-001	
6.85	8.74608078e-020	1.81806100e-013	5.32681399e-008	1.68435031e-004	9.99831512e-001	
6.86	7.77225448e-020	1.66018710e-013	4.99053162e-008	1.63043152e-004	9.99836907e-001	
6.87	6.90880040e-020	1.51633386e-013	4.67678191e-008	1.57854301e-004	9.99842099e-001	
6.88	6.14373581e-020	1.38536410e-013	4.38403479e-008	1.52860531e-004	9.99847096e-001	
6.89	5.46489560e-020	1.26590113e-013	4.11056956e-008	1.48053137e-004	9.99851906e-001	
6.9	4.86190381e-020	1.15686691e-013	3.85481619e-008	1.43420418e-004	9.99856541e-001	
6.91	4.32706187e-020	1.05750347e-013	3.61601418e-008	1.38961220e-004	9.99861003e-001	
6.92	3.85219800e-020	9.66859980e-014	3.39271987e-008	1.34661707e-004	9.99865304e-001	
6.93	3.43017770e-020	8.84076127e-014	3.18373704e-008	1.30517850e-004	9.99869450e-001	
6.94	3.05546200e-020	8.08595167e-014	2.98845023e-008	1.26521071e-004	9.99873449e-001	
6.95	2.72242410e-020	7.39687209e-014	2.80578077e-008	1.22669070e-004	9.99877303e-001	
6.96	2.42622675e-020	6.76750664e-014	2.63484445e-008	1.18951864e-004	9.99881022e-001	
6.97	2.16321251e-020	6.19366478e-014	2.47510577e-008	1.15385812e-004	9.99884589e-001	
6.98	1.93132845e-020	5.67546100e-014	2.32794616e-008	1.11969188e-004	9.99888008e-001	
6.99	1.72490185e-020	5.20222058e-014	2.19029997e-008	1.08669055e-004	9.99891309e-001	
7	1.54096825e-020	4.76918941e-014	2.06123544e-008	1.05482009e-004	9.99894497e-001	
7.01	1.37704773e-020	4.37294931e-014	1.94007640e-008	1.02402339e-004	9.99897578e-001	
7.02	1.23076659e-020	4.00987614e-014	1.82624926e-008	9.94267373e-005	9.99900555e-001	
7.03	1.10040255e-020	3.67785394e-014	1.71957490e-008	9.65500278e-005	9.99903433e-001	
7.04	9.84215024e-021	3.37357263e-014	1.61933463e-008	9.37672543e-005	9.99906217e-001	
7.05	8.80628655e-021	3.09491674e-014	1.52512295e-008	9.10736930e-005	9.99908911e-001	
7.06	7.88139824e-021	2.83974091e-014	1.43669986e-008	8.84727704e-005	9.99911513e-001	
7.07	7.05504139e-021	2.60591497e-014	1.35352961e-008	8.59542296e-005	9.99914032e-001	
7.08	6.31685149e-021	2.39170442e-014	1.27546535e-008	8.35174687e-005	9.99916470e-001	
7.09	5.65742346e-021	2.19542192e-014	1.20208163e-008	8.11564704e-005	9.99918832e-001	
7.1	5.06805591e-021	2.01554298e-014	1.13308545e-008	7.88751177e-005	9.99921114e-001	
7.11	4.54109257e-021	1.85054852e-014	1.06819823e-008	7.66619649e-005	9.99923327e-001	
7.12	4.06993250e-021	1.69941066e-014	1.00718472e-008	7.45206001e-005	9.99925469e-001	
7.13	3.65028054e-021	1.56158324e-014	9.50330747e-009	7.24890178e-005	9.99927501e-001	
7.14	3.27538001e-021	1.43541157e-014	8.96945995e-009	7.05313084e-005	9.99929460e-001	
7.15	2.93958228e-021	1.31957799e-014	8.46664589e-009	6.86338556e-005	9.99931358e-001	
7.16	2.63909045e-021	1.21332402e-014	7.99371000e-009	6.67913402e-005	9.99933201e-001	
7.17	2.37048399e-021	1.11607932e-014	7.55074665e-009	6.50046728e-005	9.99934988e-001	
7.18	2.12972116e-021	1.02680308e-014	7.13327906e-009	6.32714708e-005	9.99936721e-001	
7.19	1.91365777e-021	9.44697581e-015	6.73940937e-009	6.15900248e-005	9.99938403e-001	
7.2	1.72011422e-021	8.69347496e-015	6.36853736e-009	5.99561018e-005	9.99940038e-001	
7.21	1.54629617e-021	7.99952943e-015	6.01808071e-009	5.83700704e-005	9.99941624e-001	
7.22	1.39040749e-021	7.36250708e-015	5.68784890e-009	5.68310538e-005	9.99943163e-001	
7.23	1.25036498e-021	6.77645354e-015	5.37592188e-009	5.53359755e-005	9.99944659e-001	
7.24	1.12474544e-021	6.23810638e-015	5.08215507e-009	5.38843869e-005	9.99946111e-001	
7.25	1.01190561e-021	5.74259112e-015	4.80447215e-009	5.24734154e-005	9.99947522e-001	
7.26	9.10659654e-022	5.28758058e-015	4.54299759e-009	5.11045893e-005	9.99948891e-001	
7.27	8.19673231e-022	4.86876285e-015	4.29601091e-009	4.97742042e-005	9.99950221e-001	
7.28	7.37793227e-022	4.48294848e-015	4.06230405e-009	4.84817020e-005	9.99951514e-001	
7.29	6.64431511e-022	4.12901493e-015	3.84218441e-009	4.72235813e-005	9.99952773e-001	
7.3	5.98304142e-022	3.80252898e-015	3.63410568e-009	4.60023645e-005	9.99953994e-001	
7.31	5.38959853e-022	3.50258768e-015	3.43766860e-009	4.48155567e-005	9.99955181e-001	
7.32	4.86018038e-022	3.22945306e-015	3.25515573e-009	4.37003724e-005	9.99956296e-001	
7.33	4.38741104e-022	2.98051447e-015	3.08259825e-009	4.26167595e-005	9.99957380e-001	
7.34	3.96248437e-022	2.75176232e-015	2.91945196e-009	4.15607093e-005	9.99958436e-001	
7.35	3.57960438e-022	2.54084184e-015	2.76504363e-009	4.05328736e-005	9.99959464e-001	
7.36	3.23408870e-022	2.34614082e-015	2.61892929e-009	3.95330376e-005	9.99960464e-001	
7.37	2.92273983e-022	2.16670368e-015	2.48090014e-009	3.85581881e-005	9.99961439e-001	
7.38	2.64142079e-022	2.00081539e-015	2.35016410e-009	3.76089528e-005	9.99962389e-001	
7.39	2.38778546e-022	1.84790062e-015	2.22649015e-009	3.66844057e-005	9.99963313e-001	
7.4	2.15893934e-022	1.70679223e-015	2.10970190e-009	3.57851639e-005	9.99964213e-001	
7.41	1.95278657e-022	1.57694908e-015	1.99953849e-009	3.49083182e-005	9.99965090e-001	
7.42	1.76675170e-022	1.45713875e-015	1.89526043e-009	3.40537689e-005	9.99965944e-001	
7.43	1.59866224e-022	1.34648857e-015	1.79655062e-009	3.32207446e-005	9.99966777e-001	
7.44	1.44662983e-022	1.24413500e-015	1.70294771e-009	3.24084891e-005	9.99967590e-001	
7.45	1.30930542e-022	1.14964952e-015	1.61439922e-009	3.16182833e-005	9.99968380e-001	
7.46	1.18528296e-022	1.06247453e-015	1.53054715e-009	3.08473668e-005	9.99969151e-001	
7.47	1.07316075e-022	9.81939011e-016	1.45117739e-009	3.00963422e-005	9.99969902e-001	
7.48	9.71863795e-023	9.07599264e-016	1.37597714e-009	2.93651552e-005	9.99970633e-001	
7.49	8.80200063e-023	8.38866788e-016	1.30472057e-009	2.86510863e-005	9.99971348e-001	
7.5	7.97364540e-023	7.75426372e-016	1.23723086e-009	2.79567902e-005	9.99972042e-001	
7.51	7.22330354e-023	7.16697559e-016	1.17322645e-009	2.72774910e-005	9.99972721e-001	
7.52	6.54549037e-023	6.62541377e-016	1.11261816e-009	2.66173636e-005	9.99973382e-001	
7.53	5.93148094e-023	6.12438913e-016	1.05518505e-009	2.59722331e-005	9.99974027e-001	
7.54	5.37620266e-023	5.66165265e-016	1.00068597e-009	2.53426312e-005	9.99974656e-001	
7.55	4.87402889e-023	5.23449259e-016	9.49205272e-010	2.47316839e-005	9.99975267e-001	
7.56	4.42183106e-023	4.84242589e-016	9.00870380e-010	2.41474331e-005	9.99975852e-001	
7.57	4.01161098e-023	4.47918437e-016	8.54923715e-010	2.35771467e-005	9.99976422e-001	
7.58	3.64070694e-023	4.14415430e-016	8.11484896e-010	2.30213905e-005	9.99976978e-001	
7.59	3.30429029e-023	3.83394497e-016	7.70221143e-010	2.24797328e-005	9.99977519e-001	
7.6	2.99917657e-023	3.54684952e-016	7.31012096e-010	2.19479583e-005	9.99978051e-001	
7.61	2.72299203e-023	3.28180705e-016	6.93932366e-010	2.14310719e-005	9.99978568e-001	
7.62	2.47242536e-023	3.03640300e-016	6.58719848e-010	2.09263787e-005	9.99979073e-001	
7.63	2.24523650e-023	2.80942942e-016	6.25284906e-010	2.04330318e-005	9.99979566e-001	
7.64	2.03919762e-023	2.59943362e-016	5.93566521e-010	1.99520026e-005	9.99980047e-001	
7.65	1.85238794e-023	2.40531487e-016	5.63481956e-010	1.94820502e-005	9.99980517e-001	
7.66	1.68290667e-023	2.22572874e-016	5.34945428e-010	1.90236740e-005	9.99980976e-001	
7.67	1.52907733e-023	2.05946899e-016	5.07848114e-010	1.85758827e-005	9.99981424e-001	
7.68	1.38958976e-023	1.90584400e-016	4.82154932e-010	1.81383336e-005	9.99981861e-001	
7.69	1.26292251e-023	1.76353497e-016	4.57748639e-010	1.77116923e-005	9.99982288e-001	
7.7	1.14794568e-023	1.63192267e-016	4.34604532e-010	1.72950140e-005	9.99982705e-001	
7.71	1.04369782e-023	1.51035412e-016	4.12667935e-010	1.68879493e-005	9.99983112e-001	
7.72	9.49011437e-024	1.39777640e-016	3.91809064e-010	1.64905165e-005	9.99983509e-001	
7.73	8.63065017e-024	1.29369476e-016	3.72070493e-010	1.61027886e-005	9.99983897e-001	
7.74	7.85613174e-024	1.19832342e-016	3.53569586e-010	1.57238985e-005	9.99984276e-001	
7.75	7.15152551e-024	1.10989498e-016	3.35993598e-010	1.53539814e-005	9.99984646e-001	
7.76	6.51180834e-024	1.02813897e-016	3.19326748e-010	1.49925343e-005	9.99985007e-001	
7.77	5.93002896e-024	9.52406763e-017	3.03474124e-010	1.46399870e-005	9.99985360e-001	
7.78	5.40030227e-024	8.82169773e-017	2.88406327e-010	1.42955196e-005	9.99985704e-001	
7.79	4.91873255e-024	8.17156448e-017	2.74099282e-010	1.39591972e-005	9.99986041e-001	
7.8	4.48093912e-024	7.56986636e-017	2.60501113e-010	1.36307694e-005	9.99986369e-001	
7.81	4.08229751e-024	7.01232068e-017	2.47580336e-010	1.33097781e-005	9.99986690e-001	
7.82	3.71989166e-024	6.49601967e-017	2.35313224e-010	1.29967093e-005	9.99987003e-001	
7.83	3.38983432e-024	6.01761680e-017	2.23641953e-010	1.26905562e-005	9.99987309e-001	
7.84	3.08997734e-024	5.57526755e-017	2.12565526e-010	1.23920127e-005	9.99987608e-001	
7.85	2.81625866e-024	5.16435831e-017	2.02022572e-010	1.21000888e-005	9.99987900e-001	
7.86	2.56727297e-024	4.78402199e-017	1.92005552e-010	1.18148843e-005	9.99988185e-001	
7.87	2.34119357e-024	4.43290147e-017	1.82519576e-010	1.15368177e-005	9.99988463e-001	
7.88	2.13488560e-024	4.10683648e-017	1.73485943e-010	1.12651961e-005	9.99988735e-001	
7.89	1.94814645e-024	3.80706482e-017	1.65000633e-010	1.10079196e-005	9.99988992e-001	
7.9	1.77831325e-024	3.52986547e-017	1.56954065e-010	1.07564811e-005	9.99989243e-001	
7.91	1.62346565e-024	3.27295543e-017	1.49306172e-010	1.05106936e-005	9.99989489e-001	
7.92	1.48209069e-024	3.03429091e-017	1.42017824e-010	1.02701850e-005	9.99989730e-001	
7.93	1.35323875e-024	2.81321452e-017	1.35090258e-010	1.00355544e-005	9.99989964e-001	
7.94	1.23579917e-024	2.60833853e-017	1.28496677e-010	9.80563834e-006	9.99990194e-001	
7.95	1.12874462e-024	2.41866671e-017	1.22237883e-010	9.58129291e-006	9.99990419e-001	
7.96	1.03084201e-024	2.24219605e-017	1.16264533e-010	9.36161449e-006	9.99990638e-001	
7.97	9.41774148e-025	2.07912020e-017	1.10601203e-010	9.14691991e-006	9.99990853e-001	
7.98	8.60359845e-025	1.92765550e-017	1.05208273e-010	8.93708192e-006	9.99991063e-001	
7.99	7.86095345e-025	1.78726413e-017	1.00069214e-010	8.73191448e-006	9.99991268e-001	
8	7.18283696e-025	1.65700673e-017	9.51842667e-011	8.53150575e-006	9.99991468e-001	
