4	9.54231226e-001	4.57687739e-002	1.87612599e-011	3.68634022e-031	4.49422147e-050	2.71111870e-069	9.96881417e-089	
4.01	9.38515255e-001	6.14847451e-002	4.95060547e-011	9.48846281e-031	1.17595930e-049	7.20210253e-069	2.68685041e-088	
4.02	9.18485209e-001	8.15147912e-002	1.27055051e-010	2.37815017e-030	2.99624569e-049	1.86298930e-068	7.05196950e-088	
4.03	8.93453349e-001	1.06546651e-001	3.16930826e-010	5.79970768e-030	7.42847514e-049	4.68910184e-068	1.80093784e-087	
4.04	8.62851939e-001	1.37148060e-001	7.67779153e-010	1.37520894e-029	1.79068328e-048	1.14757964e-067	4.47190260e-087	
4.05	8.26340565e-001	1.73659433e-001	1.80478677e-009	3.16757072e-029	4.19312530e-048	2.72830067e-067	1.07872081e-086	
4.06	7.83905368e-001	2.16094628e-001	4.11374683e-009	7.08265355e-029	9.53186669e-048	6.29664863e-067	2.52613682e-086	
4.07	7.35969780e-001	2.64030211e-001	9.08680478e-009	1.53636060e-028	2.10206956e-047	1.40983874e-066	5.73898372e-086	
4.08	6.83424455e-001	3.16575525e-001	1.94434818e-008	3.23180058e-028	4.49554255e-047	3.06110755e-066	1.26434577e-085	
4.09	6.27555593e-001	3.72444367e-001	4.03084326e-008	6.59356364e-028	9.32492843e-047	6.44654575e-066	2.70170812e-085	
4.1	5.69942989e-001	4.30056930e-001	8.09998048e-008	1.30531158e-027	1.87687690e-046	1.31738394e-065	5.60207494e-085	
4.11	5.12268765e-001	4.87731077e-001	1.57923991e-007	2.50975766e-027	3.66902178e-046	2.61475327e-065	1.12821594e-084	
4.12	4.56125909e-001	5.43873792e-001	2.99077231e-007	4.69199635e-027	6.97404256e-046	5.04634049e-065	2.20943104e-084	
4.13	4.02853798e-001	5.97145651e-001	5.51095609e-007	8.54332323e-027	1.29111731e-045	9.48583726e-065	4.21424197e-084	
4.14	3.53449912e-001	6.46549099e-001	9.89574558e-007	1.51740329e-026	2.33163278e-045	1.73924569e-064	7.84044400e-084	
4.15	3.08495053e-001	6.91503212e-001	1.73492742e-006	2.63390582e-026	4.11515635e-045	3.11683432e-064	1.42575102e-083	
4.16	2.68291885e-001	7.31705141e-001	2.97430081e-006	4.47492073e-026	7.10880352e-045	5.46662836e-064	2.53742497e-083	
4.17	2.32803972e-001	7.67191033e-001	4.99484353e-006	7.45432279e-026	1.20409685e-044	9.40186501e-064	4.42815797e-083	
4.18	2.01807762e-001	7.98184010e-001	8.22789288e-006	1.21914577e-025	2.00240748e-044	1.58757431e-063	7.58769924e-083	
4.19	1.74948099e-001	8.25038588e-001	1.33126168e-005	1.96018800e-025	3.27374574e-044	2.63544175e-063	1.27816177e-082	
4.2	1.51823040e-001	8.48155783e-001	2.11775970e-005	3.10144502e-025	5.26704202e-044	4.30560126e-063	2.11900254e-082	
4.21	1.31982026e-001	8.67984816e-001	3.31574031e-005	4.83379300e-025	8.34736651e-044	6.92842506e-063	3.46006046e-082	
4.22	1.15004458e-001	8.84944409e-001	5.11324885e-005	7.42665047e-025	1.30415665e-043	1.09916279e-062	5.57017580e-082	
4.23	1.00493202e-001	8.99429084e-001	7.77148175e-005	1.12551873e-024	2.00981899e-043	1.71999914e-062	8.84545712e-082	
4.24	8.80922247e-002	9.11791305e-001	1.16470461e-004	1.68329375e-024	3.05664381e-043	2.65633424e-062	1.38625104e-081	
4.25	7.74871823e-002	9.22340608e-001	1.72209738e-004	2.48570638e-024	4.59015452e-043	4.05025546e-062	2.14492160e-081	
4.26	6.84006441e-002	9.31348055e-001	2.51300666e-004	3.62548750e-024	6.80829937e-043	6.10062668e-062	3.27867291e-081	
4.27	6.06072351e-002	9.39030730e-001	3.62034878e-004	5.22431929e-024	9.97692937e-043	9.07818869e-062	4.95101914e-081	
4.28	5.38959338e-002	9.45588969e-001	5.15096744e-004	7.44047645e-024	1.44503330e-042	1.33515042e-061	7.38958611e-081	
4.29	4.81083150e-002	9.51167687e-001	7.23997540e-004	1.04760171e-023	2.06909148e-042	1.94135061e-061	1.09040138e-080	
4.3	4.31007504e-002	9.55893604e-001	1.00564606e-003	2.69243928e-014	5.40813354e-033	5.15256625e-052	2.93693927e-071	
4.31	3.87489086e-002	9.59870304e-001	1.38078757e-003	7.07079279e-014	1.44443389e-032	1.39747861e-051	8.08351812e-071	
4.32	3.49586716e-002	9.63166636e-001	1.87469291e-003	1.81111430e-013	3.76272889e-032	3.69692365e-051	2.17019292e-070	
4.33	3.16431731e-002	9.65839167e-001	2.51766033e-003	4.52723070e-013	9.56605397e-032	9.54505485e-051	5.68631887e-070	
4.34	2.87314218e-002	9.67922685e-001	3.34589361e-003	1.10531518e-012	2.37533618e-031	2.40679296e-050	1.45513480e-069	
4.35	2.61650066e-002	9.69433759e-001	4.40123451e-003	2.63682444e-012	5.76329874e-031	5.93029587e-050	3.63888806e-069	
4.36	2.38952301e-002	9.70371757e-001	5.73301300e-003	6.15149796e-012	1.36748576e-030	1.42897454e-049	8.89827847e-069	
4.37	2.18783585e-002	9.70723831e-001	7.39781019e-003	1.40425206e-011	3.17510132e-030	3.36945127e-049	2.12946424e-068	
4.38	2.00782164e-002	9.70461984e-001	9.45979913e-003	3.13894311e-011	7.21878231e-030	7.77978243e-049	4.98991882e-068	
4.39	1.84668021e-002	9.69541587e-001	1.19916106e-002	6.87436523e-011	1.60800104e-029	1.75993634e-048	1.14564272e-067	
4.4	1.70160242e-002	9.67909458e-001	1.50745174e-002	1.47595898e-010	3.51159615e-029	3.90324806e-048	2.57878440e-067	
4.41	1.57056508e-002	9.65496246e-001	1.87981032e-002	3.10858234e-010	1.43919193e-020	1.62464517e-039	1.08934234e-058	
4.42	1.45172482e-002	9.62221122e-001	2.32616287e-002	6.42568285e-010	5.93518357e-020	6.80445236e-039	4.63076927e-058	
4.43	1.34347132e-002	9.57995101e-001	2.85701846e-002	1.30430777e-009	2.36756451e-019	2.75666823e-038	1.90403939e-057	
4.44	1.24438668e-002	9.52716961e-001	3.48391696e-002	2.60117961e-009	9.14318309e-019	1.08120181e-037	7.57940279e-057	
4.45	1.15327384e-002	9.46278962e-001	4.21882947e-002	5.09893631e-009	3.42108798e-018	4.10872403e-037	2.92352642e-056	
4.46	1.06927422e-002	9.38567647e-001	5.07396012e-002	9.82780600e-009	1.24100494e-017	1.51373448e-036	1.09318588e-055	
4.47	9.91429378e-003	9.29466927e-001	6.06187609e-002	1.86342282e-008	4.36813565e-017	5.41146637e-036	3.96647832e-055	
4.48	9.19099124e-003	9.18859962e-001	7.19490120e-002	3.47642695e-008	1.49252473e-016	1.87795653e-035	1.39708119e-054	
4.49	8.51581218e-003	9.06636814e-001	8.48473096e-002	6.38366071e-008	4.95430584e-016	6.33130036e-035	4.78086563e-054	
4.5	7.88411119e-003	8.92692511e-001	9.94232627e-002	1.15416152e-007	1.59852332e-015	2.07481870e-034	1.59026496e-053	
4.51	7.29111583e-003	8.76948281e-001	1.15760397e-001	2.05496012e-007	5.01571688e-015	6.61233011e-034	5.14418088e-053	
4.52	6.73370055e-003	8.59338208e-001	1.33927732e-001	3.60354188e-007	1.53117376e-014	2.05025811e-033	1.61896566e-052	
4.53	6.20871715e-003	8.39824084e-001	1.53966576e-001	6.22549098e-007	4.55008028e-014	6.18822799e-033	4.95970826e-052	
4.54	5.71310789e-003	8.18398070e-001	1.75887762e-001	1.05978729e-006	1.31685298e-013	1.81908384e-032	1.47989248e-051	
4.55	5.24572158e-003	7.95095357e-001	1.99657143e-001	1.77798163e-006	3.71305950e-013	5.20984917e-032	4.30210501e-051	
4.56	4.80507164e-003	7.69979378e-001	2.25212610e-001	2.94030739e-006	1.02055162e-012	1.45448169e-031	1.21917996e-050	
4.57	4.39021795e-003	7.43180851e-001	2.52424138e-001	4.79362962e-006	2.73527124e-012	3.95962774e-031	3.36903577e-050	
4.58	4.00012824e-003	7.14831997e-001	2.81160167e-001	7.70679617e-006	7.15242403e-012	1.05170333e-030	9.08363563e-050	
4.59	3.63437058e-003	6.85152909e-001	3.11200501e-001	1.22188255e-005	1.82527439e-011	2.72624326e-030	2.39018346e-049	
4.6	3.29203435e-003	6.54371839e-001	3.42317015e-001	1.91116944e-005	4.54863069e-011	6.90096140e-030	6.14128451e-049	
4.61	2.97319259e-003	6.22738843e-001	3.74258468e-001	2.94959105e-005	1.10739209e-010	1.70662077e-029	1.54180213e-048	
4.62	2.67693700e-003	5.90522077e-001	4.06756054e-001	4.49320340e-005	2.63507073e-010	4.12509702e-029	3.78310439e-048	
4.63	2.40303482e-003	5.58032549e-001	4.39496838e-001	6.75772629e-005	6.13247493e-010	9.75188825e-029	9.07827988e-048	
4.64	2.15077392e-003	5.25539461e-001	4.72209390e-001	1.00373059e-004	1.39631440e-009	2.25553969e-028	2.13148714e-047	
4.65	1.91949016e-003	4.93324972e-001	5.04608234e-001	1.47300760e-004	3.11297401e-009	5.10809296e-028	4.90031942e-047	
4.66	1.70866891e-003	4.61715984e-001	5.36361715e-001	2.13625135e-004	6.79747407e-009	1.13306342e-027	1.10348989e-046	
4.67	1.51760656e-003	4.31011215e-001	5.67164933e-001	3.06230643e-004	1.45446513e-008	2.46285751e-027	2.43485666e-046	
4.68	1.34471818e-003	4.01273156e-001	5.96947879e-001	4.34216436e-004	3.05234467e-008	5.25053268e-027	5.26971444e-046	
4.69	1.18897230e-003	3.72654758e-001	6.25546950e-001	6.09256890e-004	6.28601411e-008	1.09847341e-026	1.11923523e-045	
4.7	1.04890536e-003	3.45269330e-001	6.52835388e-001	8.46248855e-004	1.27122983e-007	2.25671448e-026	2.33433098e-045	
4.71	9.23609659e-004	3.19239205e-001	6.78672902e-001	1.16402979e-003	2.52574998e-007	4.55508663e-026	4.78344846e-045	
4.72	8.11934517e-004	2.94608991e-001	7.02992351e-001	1.58623000e-003	4.93324146e-007	9.03838600e-026	9.63590870e-045	
4.73	7.12689273e-004	2.71410041e-001	7.25734127e-001	2.14219500e-003	9.47684230e-007	1.76392106e-025	1.90919144e-044	
4.74	6.24740676e-004	2.49656600e-001	7.46848780e-001	2.86808746e-003	1.79169581e-006	3.38797331e-025	3.72288395e-044	
4.75	5.47002378e-004	2.29327079e-001	7.66314761e-001	3.80782357e-003	3.33453945e-006	6.40592356e-025	7.14659686e-044	
4.76	4.78426882e-004	2.10389317e-001	7.84110927e-001	5.01521617e-003	6.11309323e-006	1.19310132e-024	1.35137427e-043	
4.77	4.18056659e-004	1.92799051e-001	8.00217758e-001	6.55409049e-003	1.10439587e-005	2.18991467e-024	2.51833010e-043	
4.78	3.64985377e-004	1.76495203e-001	8.14619529e-001	8.50061390e-003	1.96678117e-005	3.96224902e-024	4.62609343e-043	
4.79	3.18365927e-004	1.61404569e-001	8.27297639e-001	1.09448836e-002	3.45424246e-005	7.07010758e-024	8.38097604e-043	
4.8	2.77485756e-004	1.47464788e-001	8.38206903e-001	1.39909769e-002	5.98457087e-005	1.24450401e-023	1.49785043e-042	
4.81	2.41644153e-004	1.34591582e-001	8.47304637e-001	1.77598278e-002	1.02309530e-004	2.16162117e-023	2.64153531e-042	
4.82	2.10238902e-004	1.22716044e-001	8.54513211e-001	2.23878766e-002	1.72629941e-004	3.70577754e-023	4.59796707e-042	
4.83	1.82728987e-004	1.11764588e-001	8.59736939e-001	2.80281997e-002	2.87543990e-004	6.27168011e-023	7.90113019e-042	
4.84	1.58610709e-004	1.01666482e-001	8.62853275e-001	3.48487275e-002	4.72903845e-004	1.04800958e-022	1.34057714e-041	
4.85	1.37490272e-004	9.23466995e-002	8.63719228e-001	4.30286965e-002	7.67886084e-004	1.72904479e-022	2.24571688e-041	
4.86	1.18985246e-004	8.37436138e-002	8.62148142e-001	5.27580069e-002	1.23125250e-003	2.81699574e-022	3.71507892e-041	
4.87	1.02829636e-004	7.58233776e-002	8.57905833e-001	6.42187029e-002	1.94925699e-003	4.53146967e-022	6.06817407e-041	
4.88	8.87339753e-005	6.85431115e-002	8.50731451e-001	7.75900318e-002	3.04667161e-003	7.19657874e-022	9.78567178e-041	
4.89	7.63767851e-005	6.17939339e-002	8.40406036e-001	9.30232866e-002	4.70036682e-003	1.12816024e-021	1.55769450e-040	
4.9	6.55285813e-005	5.55297866e-002	8.26630091e-001	1.10618825e-001	7.15576901e-003	1.74522438e-021	6.05778139e-052	
4.91	5.60073604e-005	4.97065976e-002	8.09078633e-001	1.30411749e-001	1.07470127e-002	2.66338199e-021	4.84299532e-051	
4.92	4.76586138e-005	4.42888575e-002	7.87434725e-001	1.52317370e-001	1.59113894e-002	4.00689737e-021	3.67774427e-050	
4.93	4.03294013e-005	3.92435523e-002	7.61377035e-001	1.76126145e-001	2.32129389e-002	5.94015530e-021	2.65416761e-049	
4.94	3.39056662e-005	3.45443325e-002	7.30664616e-001	2.01423064e-001	3.33340813e-002	8.66810936e-021	1.81992045e-048	
4.95	2.82933583e-005	3.01745379e-002	6.95122983e-001	2.27591780e-001	4.70824054e-002	1.24415098e-020	1.18560890e-047	
4.96	2.33961738e-005	2.61239305e-002	6.54838791e-001	2.53702061e-001	6.53118207e-002	1.75380829e-020	7.33362204e-047	
4.97	1.91422657e-005	2.23823505e-002	6.09951417e-001	2.78739345e-001	8.89077452e-002	2.42612414e-020	4.30693097e-046	
4.98	1.54801502e-005	1.89516125e-002	5.60978064e-001	3.01437012e-001	1.18617832e-001	3.28945734e-020	2.40017517e-045	
4.99	1.23570914e-005	1.58375921e-002	5.08762829e-001	3.20462017e-001	1.54925205e-001	4.36605807e-020	1.26873776e-044	
5	9.72516612e-006	1.30476909e-002	4.54464606e-001	3.34568943e-001	1.97909036e-001	5.66814743e-020	6.36075725e-044	
5.01	7.53795441e-006	1.05866289e-002	3.99520856e-001	3.42775799e-001	2.47109178e-001	7.19239684e-020	3.02419676e-043	
5.02	5.75407644e-006	8.45796082e-003	3.45538465e-001	3.44498256e-001	3.01499564e-001	8.91852227e-020	1.36435971e-042	
5.03	4.32525790e-006	6.65389989e-003	2.94033721e-001	3.39742440e-001	3.59565614e-001	1.08094521e-019	5.84562961e-042	
5.04	3.20674541e-006	5.16239484e-003	2.46330858e-001	3.28975124e-001	4.19528417e-001	1.28178557e-019	2.38244054e-041	
5.05	2.34563772e-006	3.95110927e-003	2.03426612e-001	3.13175411e-001	4.79444521e-001	1.48877320e-019	9.25228215e-041	
5.06	1.69515299e-006	2.98729087e-003	1.65834801e-001	2.93565120e-001	5.37611093e-001	1.69668337e-019	3.43216165e-040	
5.07	1.21246264e-006	2.23534699e-003	1.33694720e-001	2.71464184e-001	5.92604537e-001	1.90083570e-019	1.21923340e-039	
5.08	8.59551467e-007	1.65829464e-003	1.06784577e-001	2.48103818e-001	6.43452451e-001	2.09778128e-019	4.15819858e-039	
5.09	6.05265993e-007	1.22204905e-003	8.46638208e-002	2.24559661e-001	6.89553863e-001	2.28487976e-019	1.36505839e-038	
5.1	4.24151370e-007	8.96024466e-004	6.67419309e-002	2.01626682e-001	7.30734939e-001	2.46104991e-019	4.32405430e-038	
5.11	2.96238300e-007	6.54761997e-004	5.24018128e-002	1.79906542e-001	7.67036587e-001	2.62575855e-019	1.32472400e-037	
5.12	2.06493256e-007	4.77476152e-004	4.10283879e-002	1.59737772e-001	7.98756157e-001	2.77924898e-019	3.93296978e-037	
5.13	1.43833109e-007	3.47888045e-004	3.20765864e-002	1.41318973e-001	8.26256409e-001	2.92231877e-019	1.13371109e-036	
5.14	1.00214827e-007	2.53524636e-004	2.50661103e-002	1.24706419e-001	8.49973846e-001	3.05570120e-019	3.17829460e-036	
5.15	6.98888054e-008	1.84904904e-004	1.95919509e-002	1.09854356e-001	8.70368719e-001	3.18059097e-019	8.67708628e-036	
5.16	4.88223555e-008	1.35067274e-004	1.53278056e-002	9.66802724e-002	8.87856806e-001	3.29800827e-019	2.31033575e-035	
5.17	3.42032290e-008	9.89357713e-005	1.20159902e-002	8.50477299e-002	9.02837310e-001	3.40899150e-019	6.00528036e-035	
5.18	2.40368924e-008	7.26905032e-005	9.43739830e-003	7.48258846e-002	9.15664003e-001	3.51462021e-019	1.52555140e-034	
5.19	1.69395168e-008	5.35622058e-005	7.42954684e-003	6.58651085e-002	9.26651766e-001	3.61563762e-019	3.79051856e-034	
5.2	1.19709811e-008	3.95865987e-005	5.86309979e-003	5.80170607e-002	9.36080241e-001	3.71298338e-019	9.22085611e-034	
5.21	8.48866173e-009	2.93551603e-005	4.63995736e-003	5.11615487e-002	9.44169130e-001	2.69114852e-011	1.55330700e-025	
5.22	6.04064137e-009	2.18414237e-005	3.68233643e-003	4.51668602e-002	9.51128956e-001	5.27828809e-011	6.95027954e-025	
5.23	4.31409381e-009	1.63082162e-005	2.93105692e-003	3.99297639e-002	9.57122867e-001	1.01930634e-010	3.00690832e-024	
5.24	3.09267952e-009	1.22206413e-005	2.34027899e-003	3.53512263e-002	9.62296271e-001	1.93882070e-010	1.25881206e-023	
5.25	2.22523961e-009	9.19061761e-006	1.87423881e-003	3.13464731e-002	9.66770095e-001	3.63443428e-010	5.10422158e-023	
5.26	1.60721378e-009	6.93705591e-006	1.50584408e-003	2.78414884e-002	9.70645728e-001	6.71707586e-010	2.00616138e-022	
5.27	1.16522749e-009	5.25534826e-006	1.21364096e-003	2.47691532e-002	9.74011948e-001	1.22434455e-009	7.64924999e-022	
5.28	8.47875938e-010	3.99528886e-006	9.81132819e-004	2.20739560e-002	9.76940913e-001	2.20199731e-009	2.83139470e-021	
5.29	6.19285961e-010	3.04849868e-006	7.95654041e-004	1.97051471e-002	9.79496146e-001	3.90914933e-009	1.01833713e-020	
5.3	4.54123792e-010	2.33500872e-006	6.47278405e-004	1.76221356e-002	9.81728244e-001	6.85170245e-009	3.56030914e-020	
5.31	3.34021266e-010	1.79490782e-006	5.28160811e-004	1.57861983e-002	9.83683834e-001	1.18627993e-008	1.21118016e-019	
5.32	2.46570307e-010	1.38456198e-006	4.32279167e-004	1.41661510e-002	9.85400165e-001	2.02914357e-008	4.01111434e-019	
5.33	1.82708055e-010	1.07191109e-006	3.54929727e-004	1.27341068e-002	9.86909857e-001	3.43052022e-008	1.29411280e-018	
5.34	1.35877557e-010	8.32769600e-007	2.92318043e-004	1.14665873e-002	9.88240204e-001	5.73322649e-008	4.06948987e-018	
5.35	1.01407665e-010	6.49173000e-007	2.41454943e-004	1.03426755e-002	9.89415126e-001	9.47602475e-008	1.24828532e-017	
5.36	7.59327961e-011	5.07639917e-007	1.99993566e-004	9.34442747e-003	9.90454916e-001	1.54914156e-007	3.73654836e-017	
5.37	5.70513073e-011	3.98259898e-007	1.66126774e-004	8.45649490e-003	9.91376729e-001	2.50560069e-007	1.09213223e-016	
5.38	4.30089131e-011	3.13452791e-007	1.38370091e-004	7.66557462e-003	9.92195341e-001	4.01101147e-007	3.11903892e-016	
5.39	3.25252556e-011	2.47442974e-007	1.15559908e-004	6.95982694e-003	9.92923730e-001	6.35620199e-007	8.70767376e-016	
5.4	2.46772534e-011	1.95943927e-007	9.67693683e-005	6.32872138e-003	9.93573316e-001	9.97309174e-007	2.37766354e-015	
5.41	1.87837940e-011	1.55644821e-007	8.12465775e-005	5.76445880e-003	9.94152589e-001	1.54970187e-006	6.35293539e-015	
5.42	1.43395986e-011	1.23999427e-007	6.83843451e-005	5.25836056e-003	9.94670746e-001	2.38557163e-006	1.66189548e-014	
5.43	1.09749261e-011	9.90798146e-008	5.77012608e-005	4.80392007e-003	9.95134641e-001	3.63856412e-006	4.25862851e-014	
5.44	8.42568056e-012	7.93988451e-008	4.88145397e-005	4.39547426e-003	9.95550132e-001	5.49978446e-006	1.06942558e-013	
5.45	6.48799788e-012	6.38076301e-008	4.13959908e-005	4.02791113e-003	9.95922389e-001	8.24054639e-006	2.63309707e-013	
5.46	5.01020031e-012	5.14151843e-008	3.51869562e-005	3.69677455e-003	9.96255746e-001	1.22406537e-005	6.35852270e-013	
5.47	3.88214764e-012	4.15628432e-008	2.99945919e-005	3.39786283e-003	9.96554069e-001	1.80319679e-005	1.50701984e-012	
5.48	3.01622283e-012	3.36835173e-008	2.56254230e-005	3.12757725e-003	9.96820420e-001	2.63440891e-005	3.50639946e-012	
5.49	2.35072999e-012	2.73784764e-008	2.19482697e-005	2.88318238e-003	9.97056660e-001	3.81818995e-005	8.01269874e-012	
5.5	1.83698361e-012	2.23085851e-008	1.88397171e-005	2.66173942e-003	9.97264494e-001	5.49040479e-005	1.79899088e-011	
5.51	1.43948345e-012	1.82252222e-008	1.62093463e-005	2.46088834e-003	9.97444532e-001	7.83521462e-005	3.97044483e-011	
5.52	1.13137768e-012	1.49306429e-008	1.39781051e-005	2.27859230e-003	9.97596444e-001	1.10970870e-004	8.61642021e-011	
5.53	8.91798580e-013	1.22648602e-008	1.20811132e-005	2.11282129e-003	9.97719059e-001	1.56025840e-004	1.83943883e-010	
5.54	7.04936187e-013	1.01017459e-008	1.04656124e-005	1.96220607e-003	9.97809513e-001	2.17804887e-004	3.86415550e-010	
5.55	5.58447526e-013	8.34218024e-009	9.08651740e-006	1.82502421e-003	9.97863970e-001	3.01910164e-004	7.99067336e-010	
5.56	4.43658191e-013	6.90814594e-009	7.90792886e-006	1.70014492e-003	9.97876319e-001	4.15619209e-004	1.62717731e-009	
5.57	3.53349336e-013	5.73397818e-009	6.89751460e-006	1.58625143e-003	9.97838594e-001	5.68248543e-004	3.26356313e-009	
5.58	2.82285368e-013	4.77286617e-009	6.03070694e-006	1.48247132e-003	9.97739634e-001	7.71853233e-004	6.45062185e-009	
5.59	2.26166598e-013	3.98367063e-009	5.28593667e-006	1.38778015e-003	9.97565389e-001	1.04152873e-003	1.25659289e-008	
5.6	1.81795952e-013	3.33497697e-009	4.64561376e-006	1.30143407e-003	9.97297414e-001	1.39647875e-003	2.41348475e-008	
5.61	1.46548108e-013	2.79941608e-009	4.09257341e-006	1.22263773e-003	9.96912751e-001	1.86047000e-003	4.57128394e-008	
5.62	1.18486317e-013	2.35631268e-009	3.61437129e-006	1.15065102e-003	9.96382362e-001	2.46328525e-003	8.54097333e-008	
5.63	9.60758845e-014	1.98869658e-009	3.19998763e-006	1.08492512e-003	9.95670531e-001	3.24118407e-003	1.57442215e-007	
5.64	7.81645554e-014	1.68368560e-009	2.84030376e-006	1.02485659e-003	9.94733343e-001	4.23867158e-003	2.86445777e-007	
5.65	6.37944294e-014	1.42970058e-009	2.52730359e-006	9.69964262e-004	9.93517840e-001	5.50915252e-003	5.14352564e-007	
5.66	5.22275970e-014	1.21747006e-009	2.25454818e-006	9.19798192e-004	9.91960368e-001	7.11666636e-003	9.11744330e-007	
5.67	4.28859912e-014	1.03965920e-009	2.01634982e-006	8.73902153e-004	9.89985145e-001	9.13733918e-003	1.59586197e-006	
5.68	3.53148459e-014	8.90183755e-010	1.80776712e-006	8.31875603e-004	9.87503894e-001	1.16596637e-002	2.75823299e-006	
5.69	2.91456662e-014	7.64316205e-010	1.62477643e-006	7.93356699e-004	9.84413164e-001	1.47871461e-002	4.70810314e-006	
5.7	2.41233254e-014	6.57980855e-010	1.46382810e-006	7.58007446e-004	9.80596673e-001	1.86359174e-002	7.93732223e-006	
5.71	2.00269231e-014	5.68011323e-010	1.32212063e-006	7.25477201e-004	9.75924248e-001	2.33357369e-002	1.32155371e-005	
5.72	1.66706018e-014	4.91549598e-010	1.19681292e-006	6.95449169e-004	9.70248265e-001	2.90333559e-002	2.17326766e-005	
5.73	1.39108915e-014	4.26318596e-010	1.08549527e-006	6.67622230e-004	9.63413496e-001	3.58824934e-002	3.53027624e-005	
5.74	1.16336474e-014	3.70477087e-010	9.86303168e-007	6.41731432e-004	9.55260175e-001	4.40404818e-002	5.66248324e-005	
5.75	9.74992336e-015	3.22558272e-010	8.97607591e-007	6.17484471e-004	9.45610243e-001	5.36816626e-002	8.97116180e-005	
5.76	8.18607655e-015	2.81289456e-010	8.17936318e-007	5.94627036e-004	9.34310462e-001	6.49537631e-002	1.40329523e-004	
5.77	6.88370744e-015	2.45620633e-010	7.46106620e-007	5.72913599e-004	9.21189704e-001	7.80198692e-002	2.16767068e-004	
5.78	5.79518944e-015	2.14670497e-010	6.81042342e-007	5.52109486e-004	9.06129315e-001	9.29873372e-002	3.30557304e-004	
5.79	4.88303235e-015	1.87737141e-010	6.21920355e-007	5.32020384e-004	8.89014721e-001	1.09955040e-001	4.97596533e-004	
5.8	4.11644721e-015	1.64229612e-010	5.67980827e-007	5.12455364e-004	8.69768725e-001	1.28978850e-001	7.39400769e-004	
5.81	3.47093003e-015	1.43662060e-010	5.18568771e-007	4.93249972e-004	8.48379197e-001	1.50042488e-001	1.08454575e-003	
5.82	2.92687610e-015	1.25651279e-010	4.73302188e-007	4.74303452e-004	8.24886193e-001	1.73069248e-001	1.56978231e-003	
5.83	2.46724089e-015	1.09833286e-010	4.31640140e-007	4.55474865e-004	7.99335251e-001	1.97965843e-001	2.24299951e-003	
5.84	2.07758593e-015	9.59174589e-011	3.93202121e-007	4.36682307e-004	7.71925733e-001	2.24474385e-001	3.16280693e-003	
5.85	1.74702869e-015	8.36679557e-011	3.57699487e-007	4.17919863e-004	7.42815489e-001	2.52363488e-001	4.40274549e-003	
5.86	1.46754690e-015	7.28869897e-011	3.24918266e-007	3.99190797e-004	7.12238193e-001	2.81311517e-001	6.05077427e-003	
5.87	1.23109357e-015	6.33978341e-011	2.94614882e-007	3.80466008e-004	6.80458496e-001	3.10949109e-001	8.21163413e-003	
5.88	1.03129108e-015	5.50510779e-011	2.66670695e-007	3.61839644e-004	6.47778565e-001	3.40852728e-001	1.10066006e-002	
5.89	8.62529032e-016	4.77189030e-011	2.40927801e-007	3.43339606e-004	6.14503469e-001	3.70578647e-001	1.45743037e-002	
5.9	7.20230538e-016	4.12848043e-011	2.17218121e-007	3.24971579e-004	5.80908797e-001	3.99695694e-001	1.90703204e-002	
5.91	6.00362440e-016	3.56497007e-011	1.95424374e-007	3.06818817e-004	5.47317596e-001	4.27712662e-001	2.46627277e-002	
5.92	4.99576913e-016	3.07238001e-011	1.75451372e-007	2.88969493e-004	5.13964694e-001	4.54209502e-001	3.15366597e-002	
5.93	4.14934713e-016	2.64256661e-011	1.57171519e-007	2.71432948e-004	4.81046591e-001	4.78797520e-001	3.98842983e-002	
5.94	3.44072631e-016	2.26841640e-011	1.40496843e-007	2.54274069e-004	4.48796291e-001	5.01053394e-001	4.98959007e-002	
5.95	2.84670094e-016	1.94267101e-011	1.25275584e-007	2.37516638e-004	4.17347068e-001	5.20653611e-001	6.17616790e-002	
5.96	2.35006052e-016	1.65959831e-011	1.11399966e-007	2.21181154e-004	3.86837541e-001	5.37270775e-001	7.56703915e-002	
5.97	1.93506437e-016	1.41403422e-011	9.87913537e-008	2.05332766e-004	3.57362175e-001	5.50633651e-001	9.17987416e-002	
5.98	1.58958149e-016	1.20155746e-011	8.73563308e-008	1.90004420e-004	3.29025260e-001	5.60537145e-001	1.10247502e-001	
5.99	1.30231933e-016	1.01813902e-011	7.70121655e-008	1.75227696e-004	3.01876741e-001	5.66826663e-001	1.31121292e-001	
6	1.06361579e-016	8.59900662e-012	6.76621895e-008	1.61004109e-004	2.75979748e-001	5.69422550e-001	1.54436630e-001	
6.01	8.66134547e-017	7.23932358e-012	5.92466055e-008	1.47380325e-004	2.51372984e-001	5.68308416e-001	1.80171161e-001	
6.02	7.02888930e-017	6.07325816e-012	5.16932192e-008	1.34389121e-004	2.28105257e-001	5.63533511e-001	2.08226791e-001	
6.03	5.68171319e-017	5.07600849e-012	4.49328335e-008	1.22041576e-004	2.06197061e-001	5.55259546e-001	2.38421307e-001	
6.04	4.57482197e-017	4.22670446e-012	3.89055254e-008	1.10369760e-004	1.85670086e-001	5.43690560e-001	2.70528945e-001	
6.05	3.67177889e-017	3.50720147e-012	3.35622539e-008	9.94017450e-005	1.66545102e-001	5.29110703e-001	3.04244760e-001	
6.06	2.93666067e-017	2.89959275e-012	2.88422136e-008	8.91472752e-005	1.48815443e-001	5.11869437e-001	3.39225944e-001	
6.07	2.34005568e-017	2.38804594e-012	2.46894762e-008	7.96129076e-005	1.32479978e-001	4.92363877e-001	3.75076508e-001	
6.08	1.85812755e-017	1.95953670e-012	2.10515872e-008	7.08002348e-005	1.17498114e-001	4.71027548e-001	4.11403517e-001	
6.09	1.47056383e-017	1.60230243e-012	1.78852983e-008	6.27209691e-005	1.03852255e-001	4.48287031e-001	4.47797975e-001	
6.1	1.16038026e-017	1.30604282e-012	1.51448017e-008	5.53634912e-005	9.14974979e-002	4.24601125e-001	4.83845999e-001	
6.11	9.12918264e-018	1.06140586e-012	1.27839185e-008	4.87009466e-005	8.03762854e-002	4.00368789e-001	5.19206212e-001	
6.12	7.16290508e-018	8.60089246e-013	1.07584938e-008	4.27022618e-005	7.04135950e-002	3.75951021e-001	5.53592671e-001	
6.13	5.60764928e-018	6.95305712e-013	9.03125776e-009	3.73379065e-005	6.15451871e-002	3.51733124e-001	5.86684342e-001	
6.14	4.38103477e-018	5.60842761e-013	7.56329805e-009	3.25604442e-005	5.36775334e-002	3.27972442e-001	6.18317457e-001	
6.15	3.41669674e-018	4.51524158e-013	6.32079286e-009	2.83297421e-005	4.67351627e-002	3.04919852e-001	6.48316649e-001	
6.16	2.66080503e-018	3.62968158e-013	5.27405104e-009	2.46027096e-005	4.06320048e-002	2.82764330e-001	6.76579058e-001	
6.17	2.06939098e-018	2.91349969e-013	4.39337751e-009	2.13275800e-005	3.52846126e-002	2.61644135e-001	7.03049920e-001	
6.18	1.60851245e-018	2.33696841e-013	3.65622060e-009	1.84603835e-005	3.06120722e-002	2.41634779e-001	7.27734684e-001	
6.19	1.24928749e-018	1.87276699e-013	3.03943154e-009	1.59580342e-005	2.65423093e-002	2.22811727e-001	7.50630002e-001	
6.2	9.69836032e-019	1.50001374e-013	2.52499656e-009	1.37826706e-005	2.30051573e-002	2.05198067e-001	7.71782991e-001	
6.21	7.52715431e-019	1.20089567e-013	2.09636970e-009	1.18946603e-005	1.99356836e-002	1.88801835e-001	7.91250585e-001	
6.22	5.84140810e-019	9.61357615e-014	1.74019889e-009	1.02610755e-005	1.72771813e-002	1.73592120e-001	8.09120436e-001	
6.23	4.53487794e-019	7.69726291e-014	1.44458772e-009	8.84962203e-006	1.49766659e-002	1.59526977e-001	8.25487506e-001	
6.24	3.52122975e-019	6.16373297e-014	1.19919093e-009	7.63130434e-006	1.29879398e-002	1.46562972e-001	8.40441456e-001	
6.25	2.73495293e-019	4.93660318e-014	9.95534049e-010	6.58002602e-006	1.12682750e-002	1.34639101e-001	8.54086043e-001	
6.26	2.12548403e-019	3.95594716e-014	8.26848755e-010	5.67480644e-006	9.78371706e-003	1.23692804e-001	8.66517803e-001	
6.27	1.65238734e-019	3.17204985e-014	6.87042917e-010	4.89533486e-006	8.50064388e-003	1.13657569e-001	8.77836892e-001	
6.28	1.28538286e-019	2.54494409e-014	5.71145006e-010	4.22433970e-006	7.39259447e-003	1.04468704e-001	8.88134476e-001	
6.29	1.00075086e-019	2.04351412e-014	4.75148870e-010	3.64719998e-006	6.43494668e-003	9.60650178e-002	8.97496388e-001	
6.3	7.79861841e-020	1.64217699e-014	3.95532657e-010	3.15039178e-006	5.60674582e-003	8.83815197e-002	9.06008584e-001	
6.31	6.08164442e-020	1.32054600e-014	3.29469670e-010	2.72227592e-006	4.89065695e-003	8.13609491e-002	9.13745671e-001	
6.32	4.74800449e-020	1.06297958e-014	2.74666975e-010	2.35359221e-006	4.27059563e-003	7.49475392e-002	9.20779511e-001	
6.33	3.71104644e-020	8.56530060e-015	2.29192553e-010	2.03637949e-006	3.73338877e-003	6.90888284e-002	9.27175746e-001	
6.34	2.90318450e-020	6.90780448e-015	1.91393603e-010	1.76301178e-006	3.26732596e-003	6.37331835e-002	9.32997727e-001	
6.35	2.27401717e-020	5.57737467e-015	1.59978089e-010	1.52751006e-006	2.86289097e-003	5.88380835e-002	9.38297498e-001	
6.36	1.78297212e-020	4.50743750e-015	1.33839928e-010	1.32449920e-006	2.51160308e-003	5.43658640e-002	9.43121208e-001	
6.37	1.39957648e-020	3.64663341e-015	1.12058083e-010	1.14915513e-006	2.20584122e-003	5.02728375e-002	9.47520172e-001	
6.38	1.10025716e-020	2.95422757e-015	9.39368580e-011	9.98111489e-007	1.94010079e-003	4.65318307e-002	9.51527070e-001	
6.39	8.65977695e-021	2.39601877e-015	7.88263524e-011	8.67683720e-007	1.70857143e-003	4.31078251e-002	9.55182736e-001	
6.4	6.82242671e-021	1.94516372e-015	6.62040101e-011	7.54851687e-007	1.50640786e-003	3.99699529e-002	9.58522884e-001	
6.41	5.38135104e-021	1.58084392e-015	5.56554760e-011	6.57234151e-007	1.32978820e-003	3.70933701e-002	9.61576184e-001	
6.42	4.24922917e-021	1.28608934e-015	4.68333216e-011	5.72709586e-007	1.17532207e-003	3.44560664e-002	9.64368039e-001	
6.43	3.35925355e-021	1.04740890e-015	3.94480199e-011	4.99486217e-007	1.04005764e-003	3.20355666e-002	9.66923876e-001	
6.44	2.65813332e-021	8.53807897e-016	3.32531433e-011	4.35910925e-007	9.21408849e-004	2.98115256e-002	9.69266630e-001	
6.45	2.10542797e-021	6.96588060e-016	2.80537171e-011	3.80681048e-007	8.17272866e-004	2.77670560e-002	9.71415290e-001	
6.46	1.66944429e-021	5.68903918e-016	2.36887170e-011	3.32709302e-007	7.25730780e-004	2.58870541e-002	9.73386882e-001	
6.47	1.32534073e-021	4.65178345e-016	2.00246920e-011	2.91036431e-007	6.45219980e-004	2.41554775e-002	9.75199011e-001	
6.48	1.05316934e-021	3.80714806e-016	1.69417308e-011	2.54751677e-007	5.74245211e-004	2.25588433e-002	9.76866657e-001	
6.49	8.37881702e-022	3.11922479e-016	1.43474895e-011	2.23178121e-007	5.11674345e-004	2.10867554e-002	9.78401347e-001	
6.5	6.67250604e-022	2.55803886e-016	1.21610700e-011	1.95669927e-007	4.56416934e-004	1.97277716e-002	9.79815616e-001	
6.51	5.32115227e-022	2.10044590e-016	1.03197016e-011	1.71727674e-007	4.07656668e-004	1.84727371e-002	9.81119434e-001	
6.52	4.24599311e-022	1.72586918e-016	8.76212725e-012	1.50787617e-007	3.64421148e-004	1.73114348e-002	9.82323993e-001	
6.53	3.39255055e-022	1.41977366e-016	7.44792869e-012	1.32536131e-007	3.26166281e-004	1.62368219e-002	9.83436879e-001	
6.54	2.71257539e-022	1.16874472e-016	6.33470607e-012	1.16552129e-007	2.92197696e-004	1.52416240e-002	9.84466062e-001	
6.55	2.17171541e-022	9.63244480e-017	5.39355100e-012	1.02593078e-007	2.62061064e-004	1.43189866e-002	9.85418850e-001	
6.56	1.74003894e-022	7.94510049e-017	4.59555586e-012	9.03623587e-008	2.35259665e-004	1.34627417e-002	9.86301908e-001	
6.57	1.39549234e-022	6.55899526e-017	3.91876005e-012	7.96476868e-008	2.11397547e-004	1.26678101e-002	9.87120713e-001	
6.58	1.12010036e-022	5.41929999e-017	3.34425286e-012	7.02499753e-008	1.90142729e-004	1.19289184e-002	9.87880869e-001	
6.59	8.99949809e-023	4.48149893e-017	2.85607064e-012	6.20018050e-008	1.71190025e-004	1.12414865e-002	9.88587261e-001	
6.6	7.23520162e-023	3.70877034e-017	2.44085464e-012	5.47557156e-008	1.54268841e-004	1.06015972e-002	9.89244079e-001	
6.61	5.82047794e-023	3.07104850e-017	2.08731662e-012	4.83828823e-008	1.39151282e-004	1.00055652e-002	9.89855235e-001	
6.62	4.68687245e-023	2.54531851e-017	1.78640411e-012	4.27821149e-008	1.25630020e-004	9.44980876e-003	9.90424518e-001	
6.63	3.77777605e-023	2.11162855e-017	1.53024274e-012	3.78601899e-008	1.13540955e-004	8.93129560e-003	9.90955126e-001	
6.64	3.04758970e-023	1.75315783e-017	1.31175901e-012	3.35255645e-008	1.02704701e-004	8.44681500e-003	9.91450447e-001	
6.65	2.46050404e-023	1.45667291e-017	1.12522894e-012	2.97055071e-008	9.29770521e-005	7.99426170e-003	9.91912732e-001	
6.66	1.98848890e-023	1.21147558e-017	9.66053704e-013	2.63368716e-008	8.42450939e-005	7.57086455e-003	9.92344864e-001	
6.67	1.60844571e-023	1.00845412e-017	8.30057831e-013	2.33654294e-008	7.63926762e-005	7.17456139e-003	9.92749023e-001	
6.68	1.30208410e-023	8.40022976e-018	7.13636685e-013	2.07411366e-008	6.93297765e-005	6.80335088e-003	9.93127299e-001	
6.69	1.05490713e-023	7.00224618e-018	6.13969369e-013	1.84221234e-008	6.29680407e-005	6.45530092e-003	9.93481713e-001	
6.7	8.55357768e-024	5.84147948e-018	5.28570332e-013	1.63725025e-008	5.72353555e-005	6.12890492e-003	9.93813843e-001	
6.71	6.94014025e-024	4.87641810e-018	4.55326452e-013	1.45589346e-008	5.20623449e-005	5.82252227e-003	9.94125401e-001	
6.72	5.63618057e-024	4.07401699e-018	3.92514095e-013	1.29544207e-008	4.73962337e-005	5.53468859e-003	9.94417902e-001	
6.73	4.58009593e-024	3.40585781e-018	3.38572500e-013	1.15329435e-008	4.31786511e-005	5.26429835e-003	9.94692511e-001	
6.74	3.72604924e-024	2.84996144e-018	2.92286079e-013	1.02754417e-008	3.93744495e-005	5.00971858e-003	9.94950897e-001	
6.75	3.03351561e-024	2.38664247e-018	2.52510963e-013	9.16097564e-009	3.59328338e-005	4.77031096e-003	9.95193747e-001	
6.76	2.47147959e-024	1.99992303e-018	2.18270653e-013	8.17137059e-009	3.28148329e-005	4.54465010e-003	9.95422527e-001	
6.77	2.01475916e-024	1.67692231e-018	1.88783221e-013	7.29246897e-009	2.99873523e-005	4.33215489e-003	9.95637850e-001	
6.78	1.64400322e-024	1.40711310e-018	1.63379494e-013	6.51156313e-009	2.74222966e-005	4.13149973e-003	9.95841071e-001	
6.79	1.34186305e-024	1.18112683e-018	1.41442693e-013	5.81613229e-009	2.50908660e-005	3.94228944e-003	9.96032614e-001	
6.8	1.09614414e-024	9.92193638e-019	1.22531674e-013	5.19804989e-009	2.29749730e-005	3.76358193e-003	9.96213438e-001	
6.81	8.95964086e-025	8.33924363e-019	1.06201493e-013	4.64755260e-009	2.10489985e-005	3.59471673e-003	9.96384230e-001	
6.82	7.32811579e-025	7.01337113e-019	9.20990116e-014	4.15759273e-009	1.92979874e-005	3.43512989e-003	9.96545568e-001	
6.83	5.99814892e-025	5.90188420e-019	7.99095687e-014	3.72083714e-009	1.77015755e-005	3.28406038e-003	9.96698234e-001	
6.84	4.91241604e-025	4.96944808e-019	6.93706379e-014	3.33161616e-009	1.62476213e-005	3.14116773e-003	9.96842581e-001	
6.85	4.02743913e-025	4.18826326e-019	6.02762726e-014	2.98550866e-009	1.49268134e-005	3.00591426e-003	9.96979156e-001	
6.86	3.30347248e-025	3.53169690e-019	5.23966950e-014	2.67643538e-009	1.37207853e-005	2.87758797e-003	9.97108689e-001	
6.87	2.71162822e-025	2.97998386e-019	4.55725003e-014	2.40069613e-009	1.26201857e-005	2.75603440e-003	9.97231343e-001	
6.88	2.22706615e-025	2.51561854e-019	3.96544448e-014	2.15409454e-009	1.16136582e-005	2.64064538e-003	9.97347739e-001	
6.89	1.83058875e-025	2.12519982e-019	3.45268093e-014	1.93395308e-009	1.06943418e-005	2.53124327e-003	9.97458060e-001	
6.9	1.50575900e-025	1.79667633e-019	3.00833680e-014	1.73685560e-009	9.85201542e-006	2.42728352e-003	9.97562863e-001	
6.91	1.23930475e-025	1.51969369e-019	2.62248761e-014	1.56057026e-009	9.08129290e-006	2.32848774e-003	9.97662429e-001	
6.92	1.02068351e-025	1.28615048e-019	2.28714367e-014	1.40267782e-009	8.37454429e-006	2.23460337e-003	9.97757021e-001	
6.93	8.41075591e-026	1.08906180e-019	1.99555472e-014	1.26134902e-009	7.72714257e-006	2.14530326e-003	9.97846968e-001	
6.94	6.93979280e-026	9.23290976e-020	1.74211796e-014	1.13478840e-009	7.13369496e-006	2.06033853e-003	9.97932527e-001	
6.95	5.72854928e-026	7.83077622e-020	1.52141880e-014	1.02126139e-009	6.58859732e-006	1.97943377e-003	9.98013977e-001	
6.96	4.73073770e-026	6.64420141e-020	1.32922079e-014	9.19403976e-010	6.08776945e-006	1.90231300e-003	9.98091598e-001	
6.97	3.91138970e-026	5.64314040e-020	1.16232907e-014	8.28397914e-010	5.63021086e-006	1.82894732e-003	9.98165422e-001	
6.98	3.23491694e-026	4.79462134e-020	1.01672968e-014	7.46676942e-010	5.20936224e-006	1.75895985e-003	9.98235830e-001	
6.99	2.67726301e-026	4.07601193e-020	8.89856745e-015	6.73268825e-010	4.82220615e-006	1.69216194e-003	9.98303015e-001	
7	2.21684807e-026	3.46644117e-020	7.79070750e-015	6.07297615e-010	4.46563218e-006	1.62842962e-003	9.98367104e-001	
7.01	1.83660018e-026	2.94954106e-020	6.82417904e-015	5.48024200e-010	4.13747675e-006	1.56769028e-003	9.98428172e-001	
7.02	1.52227720e-026	2.51080753e-020	5.97934577e-015	4.94682158e-010	3.83503372e-006	1.50964169e-003	9.98486523e-001	
7.03	1.26255002e-026	2.13843577e-020	5.24179434e-015	4.46740520e-010	3.55601021e-006	1.45414555e-003	9.98542298e-001	
7.04	1.04749928e-026	1.82186891e-020	4.59668922e-015	4.03566129e-010	3.29861194e-006	1.40111073e-003	9.98595590e-001	
7.05	8.69636248e-027	1.55309588e-020	4.03310217e-015	3.64728660e-010	3.06127196e-006	1.35046119e-003	9.98646477e-001	
7.06	7.22258017e-027	1.32434011e-020	3.53954708e-015	3.29706873e-010	2.84193060e-006	1.30190135e-003	9.98695256e-001	
7.07	6.00208520e-027	1.12989827e-020	3.10762818e-015	2.98151612e-010	2.63937070e-006	1.25544379e-003	9.98741917e-001	
7.08	4.98973828e-027	9.64250254e-021	2.72921969e-015	2.69688509e-010	2.45207736e-006	1.21096039e-003	9.98786587e-001	
7.09	4.15148650e-027	8.23589263e-021	2.39878340e-015	2.44125877e-010	2.27985877e-006	1.16846312e-003	9.98829257e-001	
7.1	3.45606812e-027	7.03762091e-021	2.10925698e-015	2.21069860e-010	2.12065006e-006	1.12758494e-003	9.98870294e-001	
7.11	2.87860407e-027	6.01597954e-021	1.85529089e-015	2.00250534e-010	1.97328489e-006	1.08843131e-003	9.98909595e-001	
7.12	2.39982766e-027	5.14507469e-021	1.63263384e-015	1.81469500e-010	1.83699744e-006	1.05100273e-003	9.98947160e-001	
7.13	2.00242377e-027	4.40179637e-021	1.43711199e-015	1.64490804e-010	1.71063015e-006	1.01505312e-003	9.98983236e-001	
7.14	1.67141554e-027	3.76737619e-021	1.26543742e-015	1.49142453e-010	1.59351437e-006	9.80594813e-004	9.99017812e-001	
7.15	1.39576201e-027	3.22535373e-021	1.11457536e-015	1.35262994e-010	1.48485183e-006	9.47479276e-004	9.99051036e-001	
7.16	1.16609561e-027	2.76242001e-021	9.82032359e-016	1.22711322e-010	1.38406956e-006	9.15725890e-004	9.99082890e-001	
7.17	9.74490569e-028	2.36668272e-021	8.65532402e-016	1.11354535e-010	1.29055561e-006	8.85205218e-004	9.99113504e-001	
7.18	8.14844021e-028	2.02849111e-021	7.63104781e-016	1.01080982e-010	1.20376336e-006	8.55926643e-004	9.99142869e-001	
7.19	6.81541425e-028	1.73898368e-021	6.72950594e-016	9.17717665e-011	1.12304869e-006	8.27702911e-004	9.99171174e-001	
7.2	5.70231153e-028	1.49115957e-021	5.93553649e-016	8.33321473e-011	1.04796224e-006	8.00495527e-004	9.99198456e-001	
7.21	4.77366320e-028	1.27928960e-021	5.23747014e-016	7.56993221e-011	9.78260624e-007	7.74402882e-004	9.99224619e-001	
7.22	3.99692787e-028	1.09771347e-021	4.62239307e-016	6.87753816e-011	9.13418260e-007	7.49286679e-004	9.99249800e-001	
7.23	3.35172760e-028	9.43215288e-022	4.08501363e-016	6.25341952e-011	8.53556401e-007	7.25145406e-004	9.99274001e-001	
7.24	2.81222845e-028	8.10874718e-022	3.61164068e-016	5.68754499e-011	7.97871575e-007	7.01897255e-004	9.99297305e-001	
7.25	2.36041583e-028	6.97295847e-022	3.19404712e-016	5.17421302e-011	7.46025338e-007	6.79515427e-004	9.99319738e-001	
7.26	1.98183776e-028	5.99783882e-022	2.82533972e-016	4.70817814e-011	6.97689552e-007	6.57953028e-004	9.99341349e-001	
7.27	1.66477236e-028	5.16100233e-022	2.50000771e-016	4.28530326e-011	6.52717323e-007	6.37225815e-004	9.99362121e-001	
7.28	1.39884328e-028	4.44204544e-022	2.21268565e-016	3.90134993e-011	6.10785963e-007	6.17241468e-004	9.99382148e-001	
7.29	1.17595818e-028	3.82472341e-022	1.95906268e-016	3.55287404e-011	5.71725512e-007	5.98023184e-004	9.99401405e-001	
7.3	9.88840536e-029	3.29369876e-022	1.73475143e-016	3.23594214e-011	5.35280591e-007	5.79479114e-004	9.99419986e-001	
7.31	8.31852225e-029	2.83742897e-022	1.53656952e-016	2.94807526e-011	5.01277610e-007	5.61586260e-004	9.99437912e-001	
7.32	6.99927276e-029	2.44471124e-022	1.36121688e-016	2.68610116e-011	4.69490646e-007	5.44285079e-004	9.99455245e-001	
7.33	5.89081056e-029	2.10668647e-022	1.20600280e-016	2.44755633e-011	4.39753336e-007	5.27515972e-004	9.99472044e-001	
7.34	4.95875625e-029	1.81554494e-022	1.06854635e-016	2.23034669e-011	4.11965698e-007	5.11295643e-004	9.99488292e-001	
7.35	4.17634426e-029	1.56537015e-022	9.47164301e-017	2.03321411e-011	3.86050767e-007	4.95669730e-004	9.99503944e-001	
