4	9.94074039e-001	5.92596077e-003	1.37601369e-010	4.14461956e-029	8.02443284e-048	7.93712447e-067	4.40902370e-086	1.64209449e-105	4.42493799e-125	8.37897745e-145	1.15095844e-164	1.20380550e-184	1.00484600e-204	5.70837923e-225	2.72997572e-245	1.51421361e-265	6.63227021e-286	1.00000000e-300	
4.01	9.91398125e-001	8.60187485e-003	3.85200976e-010	1.18065646e-028	2.32779270e-047	2.34361208e-066	1.32370070e-085	5.00908460e-105	1.37374451e-124	2.64654962e-144	3.69882967e-164	3.93245693e-184	3.33966619e-204	1.93100097e-224	9.42135526e-245	5.30302559e-265	2.35616723e-285	1.00000000e-300	
4.02	9.87624470e-001	1.23755290e-002	1.05359927e-009	3.28623334e-028	6.59806717e-047	6.76170032e-066	3.88313347e-085	1.49305347e-104	4.16739742e-124	8.16832439e-144	1.16154379e-163	1.25526162e-183	1.08464670e-203	6.38290294e-224	3.17715428e-244	1.81479081e-264	8.17952320e-285	1.00000000e-300	
4.03	9.82355870e-001	1.76441267e-002	2.81569800e-009	8.93673788e-028	1.82718010e-046	1.90597303e-065	1.11284698e-084	4.34756801e-104	1.23503437e-123	2.46282803e-143	3.56332547e-163	3.91432280e-183	3.44116290e-203	2.06107026e-223	1.04665359e-243	6.06720534e-264	2.77396001e-284	1.00000000e-300	
4.04	9.75081238e-001	2.49187542e-002	7.35267119e-009	2.37474039e-027	4.94438857e-046	5.24976755e-065	3.11632883e-084	1.23703113e-103	3.57647489e-123	7.25613197e-143	1.06817783e-162	1.19274848e-182	1.06685910e-202	6.50325573e-223	3.36921341e-243	1.98212343e-263	9.19309603e-284	1.00000000e-300	
4.05	9.65158843e-001	3.48411387e-002	1.87559939e-008	6.16446261e-027	1.30702710e-045	1.41252888e-064	8.52461606e-084	3.43831568e-103	1.01171566e-122	2.08833683e-142	3.12793846e-162	3.55027974e-182	3.23105182e-202	2.00449893e-222	1.05946032e-242	6.32551388e-263	2.97615220e-283	1.00000000e-300	
4.06	9.51806468e-001	4.81934855e-002	4.67131834e-008	1.56231383e-026	3.37323508e-045	3.71056230e-064	2.27655825e-083	9.33015678e-103	2.79412937e-122	5.86780076e-142	8.94236454e-162	1.03172399e-181	9.55299993e-202	6.03131507e-222	3.25225940e-242	1.97058859e-262	9.40525290e-283	1.00000000e-300	
4.07	9.34114078e-001	6.58858088e-002	1.13512450e-007	3.86333300e-026	8.49420210e-045	9.51017399e-064	5.93125483e-083	2.47001825e-102	7.52824825e-122	1.60846258e-141	2.49404977e-161	2.92491969e-181	2.75545896e-201	1.77029166e-221	9.73864923e-242	5.98859257e-262	2.89962357e-282	1.00000000e-300	
4.08	9.11084227e-001	8.89155043e-002	2.68893993e-007	9.31266859e-026	2.08509697e-044	2.37598934e-063	1.50626939e-082	6.37385492e-102	1.97712480e-121	4.29781709e-141	6.78049553e-161	8.08298826e-181	7.74752061e-201	5.06539432e-221	2.84285235e-241	1.77423226e-261	8.71473187e-282	1.00000000e-300	
4.09	8.81714524e-001	1.18284856e-001	6.20224458e-007	2.18589010e-025	4.98378957e-044	5.77984804e-063	3.72436886e-082	1.60146580e-101	5.05592991e-121	1.11814802e-140	1.79486656e-160	2.17493676e-180	2.12106179e-200	1.41103099e-220	8.07873007e-241	5.11700663e-261	2.54983388e-281	1.00000000e-300	
4.1	8.45154036e-001	1.54844573e-001	1.39080890e-006	4.98783855e-025	1.15802344e-043	1.36673800e-062	8.94989193e-082	3.91046967e-101	1.25645653e-120	2.82711908e-140	4.61736310e-160	5.68738835e-180	5.64337006e-200	3.81979834e-220	2.23106030e-240	1.43421207e-260	7.25008630e-281	1.00000000e-300	
4.11	8.00855969e-001	1.99141003e-001	3.02808738e-006	1.10510105e-024	2.61259379e-043	3.13776082e-062	2.08780413e-081	9.26965380e-101	3.03127986e-120	6.93926667e-140	1.15314267e-159	1.44377448e-179	1.45757774e-199	1.00377229e-219	5.98124351e-240	3.90242286e-260	2.00134512e-280	1.00000000e-300	
4.12	7.48827012e-001	2.51166598e-001	6.39033461e-006	2.37320705e-024	5.71292710e-043	6.98137271e-062	4.71937586e-081	2.12929790e-100	7.08655738e-120	1.65049315e-139	2.79058779e-159	3.55154095e-179	3.64799391e-199	2.55551237e-219	1.55340853e-239	1.02867925e-259	5.35212928e-280	2.26363106e-300	
4.13	6.89774813e-001	3.10212130e-001	1.30576318e-005	4.93467055e-024	1.20953737e-042	1.50374510e-061	1.03243742e-080	4.73356295e-100	1.60334754e-119	3.79922170e-139	6.53573319e-159	8.45502353e-179	8.83612563e-199	6.29622747e-219	3.90439506e-239	2.62409776e-259	1.38504052e-279	5.94055550e-300	
4.14	6.25191957e-001	3.74782237e-001	2.58064078e-005	9.92401469e-024	2.47660769e-042	3.13189384e-061	2.18341735e-080	1.01729364e-099	3.50694168e-119	8.45453637e-139	1.47982503e-158	1.94596038e-178	2.06913605e-198	1.49948261e-218	9.48499340e-239	6.47042322e-259	3.46493693e-279	1.50708405e-299	
4.15	5.57226327e-001	4.42724354e-001	4.93184877e-005	1.92997134e-023	4.90338248e-042	6.30579022e-061	4.46206497e-080	2.11262013e-099	7.41218205e-119	1.81800350e-138	3.23764691e-158	4.32771068e-178	4.68189612e-198	3.45018137e-218	2.22621072e-238	1.54137694e-258	8.37386290e-279	3.69364514e-299	
4.16	4.88444756e-001	5.11464066e-001	9.11783801e-005	3.63086891e-023	9.39058298e-042	1.22771977e-060	8.81412715e-080	4.24082330e-099	1.51430934e-118	3.77878260e-138	6.84710915e-158	9.30326384e-178	1.02401337e-197	7.67223621e-218	5.04984941e-238	3.54873465e-258	1.95598008e-278	8.74963129e-299	
4.17	4.21434451e-001	5.78402312e-001	1.63237108e-004	6.61468140e-023	1.74125550e-041	2.31346890e-060	1.68423770e-079	8.23507577e-099	2.99272296e-118	7.59805769e-138	1.40079602e-157	1.93466752e-177	2.16662656e-197	1.65000880e-217	1.10776019e-237	7.90184886e-258	4.41863717e-278	2.00446252e-298	
4.18	3.58402581e-001	6.41313954e-001	2.83465071e-004	1.16887993e-022	3.13120795e-041	4.22559473e-060	3.11759977e-079	1.54911790e-098	5.72962199e-118	1.47994886e-137	2.77611866e-157	3.89734618e-177	4.44076225e-197	3.43685648e-217	2.35336653e-237	1.70385645e-257	9.66672217e-278	4.44733261e-298	
4.19	3.00984757e-001	6.98536794e-001	4.78448915e-004	2.00759028e-022	5.47131681e-041	7.49515988e-060	5.59967118e-079	2.82768832e-098	1.06444130e-117	2.79725988e-137	5.33879165e-157	7.61868233e-177	8.83233324e-197	6.94475015e-217	4.85002455e-237	3.56435992e-257	2.05166634e-277	9.57246459e-298	
4.2	2.50148556e-001	7.49064822e-001	7.86621950e-004	3.35876153e-022	9.30946404e-041	1.29357400e-059	9.77832039e-079	5.01812603e-098	1.92250633e-117	5.14011639e-137	9.98158380e-157	1.44788636e-176	1.70779581e-196	1.36383629e-216	9.71393372e-237	7.24595981e-257	4.23146450e-277	2.00220711e-297	
4.21	2.06157604e-001	7.92579725e-001	1.26267130e-003	4.55249619e-012	1.28271849e-030	1.80616242e-049	1.38001407e-068	7.19731967e-088	2.80630080e-107	7.63349238e-127	1.50823765e-146	2.22385050e-166	2.66879140e-186	2.16394341e-206	1.57160535e-226	1.18997906e-246	7.05047437e-267	3.38330744e-287	
4.22	1.68822780e-001	8.29194563e-001	1.98265673e-003	1.39992973e-011	4.00758540e-030	5.71165881e-049	4.40544451e-068	2.33512377e-087	9.26673191e-107	2.56454638e-126	5.15559252e-146	7.72709119e-166	9.43490298e-186	7.76471318e-206	5.75036153e-226	4.41961535e-246	2.65681716e-266	1.29298090e-286	
4.23	1.37609103e-001	8.59339937e-001	3.05096026e-003	4.15674464e-011	1.20811016e-029	1.74029122e-048	1.35315389e-067	7.28912890e-087	2.94391313e-106	8.28897716e-126	1.69543407e-145	2.58300690e-165	3.20886367e-185	2.67918817e-205	2.02294486e-225	1.57832945e-245	9.62630794e-266	4.75115144e-286	
4.24	1.11811853e-001	8.83580182e-001	4.60796492e-003	1.19410999e-010	3.52016387e-029	5.11644289e-048	4.00441644e-067	2.19227879e-086	9.01133998e-106	2.58138016e-125	5.37216740e-145	8.31939696e-165	1.05154418e-184	8.90233816e-205	6.85216915e-225	5.42660105e-245	3.35825302e-265	1.68097558e-285	
4.25	9.06688183e-002	9.02492965e-001	6.83821657e-003	3.32325734e-010	9.92491142e-029	1.45253943e-047	1.14220290e-066	6.35545794e-086	2.65874245e-105	7.74872478e-125	1.64077516e-144	2.58284035e-164	3.32155395e-184	2.85014068e-204	2.23610598e-224	1.79765735e-244	1.12868547e-264	5.72965872e-285	
4.26	7.34398505e-002	9.16581268e-001	9.97888098e-003	8.96907949e-010	2.70969169e-028	3.98361049e-047	3.14115320e-066	1.77636894e-085	7.56320067e-105	2.24260954e-124	4.83154416e-144	7.73096545e-164	1.01154899e-183	8.79225543e-204	7.02986762e-224	5.73679420e-244	3.65470740e-264	1.88163898e-284	
4.27	5.94523863e-002	9.26220854e-001	1.43267576e-002	2.34977053e-009	7.16808678e-028	1.05558961e-046	8.32746613e-066	4.78617514e-085	2.07400231e-104	6.25679472e-124	1.37153263e-143	2.23078728e-163	2.96975023e-183	2.61306663e-203	2.12877119e-223	1.76354170e-243	1.13990156e-263	5.95217773e-284	
4.28	4.81180540e-002	9.31640112e-001	2.02418277e-002	5.97778877e-009	1.83717154e-027	2.70124617e-046	2.12679802e-065	1.24236113e-084	5.47899066e-104	1.68165209e-123	3.75067376e-143	6.20099819e-163	8.39902234e-183	7.47643078e-203	6.20502181e-223	5.21825062e-243	3.42247696e-263	1.81246463e-283	
4.29	3.89422868e-002	9.32913080e-001	2.81446185e-002	1.47731536e-008	4.56186808e-027	6.67242183e-046	5.22917071e-065	3.10465518e-084	1.39353435e-103	4.35153119e-123	9.87480698e-143	1.65951986e-162	2.28694255e-182	2.05789845e-202	1.73941210e-222	1.48490020e-242	9.88154789e-263	5.30723878e-283	
4.3	3.15097016e-002	9.29985849e-001	3.85044138e-002	3.54676219e-008	1.09684630e-026	1.58933287e-045	1.23616153e-064	7.45933820e-084	3.40749084e-103	1.08256794e-122	2.49957963e-142	4.26993907e-162	5.98693101e-182	5.44216981e-202	4.68385387e-222	4.05915059e-242	2.74081742e-262	1.49298258e-282	
4.31	2.54866610e-002	9.22699266e-001	5.18139905e-002	8.27091067e-008	2.55172637e-026	3.64626099e-045	2.80611128e-064	1.72111830e-083	8.00185178e-103	2.58641534e-122	6.07610436e-142	1.05508072e-161	1.50512949e-181	1.38097944e-201	1.20979364e-221	1.06439701e-241	7.29238836e-262	4.02894385e-282	
4.32	2.05974237e-002	9.10843122e-001	6.85592671e-002	1.87319480e-007	5.74000981e-026	8.04847277e-045	6.10889774e-064	3.80830231e-083	1.80197895e-102	5.92580799e-122	1.41640366e-141	2.50005058e-161	3.62867844e-181	3.35771115e-201	2.99341281e-221	2.67364488e-241	1.85876313e-261	1.04149892e-281	
4.33	1.66267236e-002	8.94212979e-001	8.91598859e-002	4.11923603e-007	1.24727064e-025	1.70699984e-044	1.27350033e-063	8.06932157e-083	3.88602050e-102	1.30015072e-121	3.16192204e-141	5.67303366e-161	8.37768572e-181	7.81136197e-201	7.08320817e-221	6.42293088e-241	4.53084853e-261	2.57493097e-281	
4.34	1.33995691e-002	8.72677941e-001	1.13921611e-001	8.79328017e-007	2.61595769e-025	3.47492420e-044	2.53959234e-063	1.63559757e-082	8.01645623e-102	2.72872770e-121	6.75210378e-141	1.23141665e-160	1.85019630e-180	1.73662127e-200	1.60131053e-220	1.47409604e-240	1.05511133e-260	6.08168385e-281	
4.35	1.07766211e-002	8.46238405e-001	1.42983152e-001	1.82194143e-006	5.29172650e-025	6.78330812e-044	4.83899852e-063	3.16771309e-082	1.58014321e-101	5.47216792e-121	1.37772047e-140	2.55403012e-160	3.90434934e-180	3.68543453e-200	3.45401549e-220	3.22805186e-240	2.34460478e-260	1.37071311e-280	
4.36	8.64739647e-003	8.15106634e-001	1.76242306e-001	3.66356031e-006	1.03175631e-024	1.26887006e-043	8.80548272e-063	5.85899442e-082	2.97441082e-101	1.04799197e-120	2.68454319e-140	5.05868545e-160	7.86805215e-180	7.46140555e-200	7.10407079e-220	6.74010511e-240	4.96728212e-260	2.94531997e-280	
4.37	6.92178807e-003	7.79674300e-001	2.13396760e-001	7.15100175e-006	1.93862384e-024	2.27407223e-043	1.52991943e-062	1.03477810e-081	5.34658522e-101	1.91661357e-120	4.99534396e-140	9.56834134e-160	1.51416973e-179	1.44110567e-199	1.39318027e-219	1.34204823e-239	1.00362566e-259	6.03575691e-280	
4.38	5.52704686e-003	7.40575179e-001	2.53884221e-001	1.35536489e-005	3.51048949e-024	3.90570809e-043	2.53881181e-062	1.74536767e-081	9.17793379e-101	3.34728976e-120	8.87663359e-140	1.72831651e-159	2.78271508e-179	2.65551587e-199	2.60523484e-219	2.54790693e-239	1.93345495e-259	1.17936742e-279	
4.39	4.41072779e-003	6.98588603e-001	2.96975713e-001	2.49559566e-005	6.12867303e-024	6.43261405e-043	4.02717965e-062	2.81424154e-081	1.50615014e-100	5.58847591e-120	1.50787219e-139	2.98428996e-159	4.88875232e-179	4.67241930e-199	4.64917343e-219	4.61639702e-239	3.55490298e-259	2.19927183e-279	
4.4	3.51522149e-003	6.54656635e-001	3.41783478e-001	4.46662742e-005	1.03226887e-023	1.01701367e-042	6.11443317e-062	4.34356267e-081	2.36590374e-100	8.93130893e-120	2.45190494e-139	4.93261636e-159	8.22130131e-179	7.86125579e-199	7.92872928e-219	7.99291236e-239	6.24592667e-259	3.91938170e-279	
4.41	2.79799844e-003	6.09693540e-001	3.87430677e-001	7.77844179e-005	1.67957371e-023	1.54628403e-042	8.90255070e-062	6.42829858e-081	3.56355595e-100	1.36865075e-119	3.82293999e-139	7.81771332e-159	1.32571025e-178	1.26692493e-198	1.29435225e-218	1.32479607e-238	1.05050834e-258	6.68602559e-279	
4.42	2.22628628e-003	5.64650750e-001	4.32991081e-001	1.31882578e-004	2.64261968e-023	2.26406758e-042	1.24515624e-061	9.13943215e-081	5.15652908e-100	2.01497756e-119	5.72664572e-139	1.19037285e-158	2.05381883e-178	1.95975079e-198	2.02669244e-218	2.10611400e-238	1.69465240e-258	1.09402995e-278	
4.43	1.77199762e-003	5.20303145e-001	4.77706898e-001	2.17959472e-004	4.02778342e-023	3.20020929e-042	1.67743437e-061	1.25162988e-080	7.18707944e-100	2.85723123e-119	8.26195307e-139	1.74567974e-158	3.06442394e-178	2.91627706e-198	3.05062666e-218	3.21874153e-238	2.62818774e-258	1.72091916e-278	
4.44	1.41199257e-003	4.77346551e-001	5.20890043e-001	3.51413570e-004	5.95626316e-023	4.37574431e-042	2.18165444e-061	1.65477430e-080	9.67082171e-100	3.91151177e-119	1.15081696e-138	2.47168592e-158	4.41459200e-178	4.18603452e-198	4.42591935e-218	4.74146376e-238	3.92895572e-258	2.60938814e-278	
4.45	1.12743033e-003	4.36320255e-001	5.61999207e-001	5.53108029e-004	1.00631225e-010	1.40591852e-020	6.65649599e-040	5.13262086e-059	3.05276920e-078	1.25623193e-097	3.76049789e-117	8.20979782e-137	1.49187676e-156	1.40822802e-176	1.50376202e-196	1.63567958e-216	1.37544532e-236	9.26600190e-257	
4.46	9.02694948e-004	3.97573184e-001	6.00673321e-001	8.50799576e-004	2.34941475e-010	5.76667867e-020	2.58920558e-039	2.02947608e-058	1.22849642e-077	5.14338043e-097	1.56657542e-116	3.47648889e-136	6.42770567e-156	6.03370475e-176	6.50190708e-196	7.18093643e-216	6.12760170e-236	4.18695026e-256	
4.47	7.25296611e-004	3.61343815e-001	6.36651015e-001	1.27987265e-003	5.28607574e-010	2.24370141e-019	9.54319856e-039	7.60414228e-058	4.68466133e-077	1.99542588e-096	6.18372394e-116	1.39489836e-135	2.62401167e-155	2.44754377e-175	2.65939084e-195	2.98228257e-215	2.58251002e-235	1.78992932e-255	
4.48	5.85161734e-004	3.27754266e-001	6.69776389e-001	1.88418250e-003	1.14824329e-009	8.30244948e-019	3.34237097e-038	2.70746939e-057	1.69757941e-076	7.35679049e-096	2.31965647e-115	5.31884910e-135	1.01800052e-154	9.42680356e-175	1.03192087e-194	1.17501409e-214	1.03261630e-234	7.25967590e-255	
4.49	4.74297089e-004	2.96810863e-001	6.99998229e-001	2.71660891e-003	2.41210629e-009	2.92884447e-018	1.11532539e-037	9.18416821e-057	5.86098801e-076	2.58409594e-095	8.29006430e-115	1.93219072e-134	3.76256640e-154	3.45665264e-174	3.80885771e-194	4.40376191e-214	3.92737172e-234	2.80066442e-254	
4.5	3.86368025e-004	2.68443824e-001	7.27331151e-001	3.83865196e-003	4.90788526e-009	9.87225067e-018	3.55513366e-037	2.97625254e-056	1.93300808e-075	8.67091949e-095	2.83030405e-114	6.70545156e-134	1.32852249e-153	1.20983744e-173	1.34076294e-193	1.57405339e-213	1.42461163e-233	1.03046049e-253	
4.51	3.16422853e-004	2.42554972e-001	7.51808544e-001	5.32005114e-003	9.68880805e-009	3.18708606e-017	1.08522407e-036	9.23594957e-056	6.10479845e-075	2.78605259e-094	9.25291463e-114	2.22832931e-133	4.49187492e-153	4.05257571e-173	4.51299106e-193	5.37997385e-213	4.94164953e-233	3.62556826e-253	
4.52	2.60561986e-004	2.19001798e-001	7.73500790e-001	7.23683161e-003	1.85830808e-008	9.87343767e-017	3.17913439e-036	2.75059213e-055	1.85038152e-074	8.59164008e-094	2.90316959e-113	7.10672832e-133	1.45758113e-152	1.30199297e-172	1.45574920e-192	1.76217356e-212	1.64259281e-232	1.22244013e-252	
4.53	2.15766816e-004	1.97626076e-001	7.92487885e-001	9.67023707e-003	3.46801351e-008	2.94146588e-016	8.95887028e-036	7.88008645e-055	5.39510232e-074	2.54858629e-093	8.76224401e-113	2.18031353e-132	4.54971313e-152	4.02202363e-172	4.51127097e-192	5.54523560e-212	5.24620208e-232	3.96029447e-252	
4.54	1.79655533e-004	1.78260214e-001	8.08855534e-001	1.27045338e-002	6.30667703e-008	8.44294847e-016	2.43354715e-035	2.17630759e-054	1.51648498e-073	7.28834035e-093	2.54952963e-112	6.44862816e-132	1.36913549e-151	1.19711068e-171	1.34586966e-191	1.67990122e-211	1.61280839e-231	1.23501676e-251	
4.55	1.50397806e-004	1.60734327e-001	8.22689613e-001	1.64255496e-002	1.11925091e-007	2.33957875e-015	6.38531319e-035	5.80535793e-054	4.11698314e-073	2.01309625e-092	7.16506354e-112	1.84215543e-131	3.97933905e-151	3.44025162e-171	3.87367739e-191	4.90985270e-211	4.78403264e-231	3.71604213e-251	
4.56	1.26553846e-004	1.44886181e-001	8.34069164e-001	2.09179067e-002	1.94116649e-007	6.26983086e-015	1.62153594e-034	1.49878541e-053	1.08176500e-072	5.38164770e-092	1.94881322e-111	5.09307238e-131	1.11935657e-150	9.56551502e-171	1.07786523e-190	1.38733893e-210	1.37197283e-230	1.08097450e-250	
4.57	1.07014621e-004	1.30565105e-001	8.43062395e-001	2.62651555e-002	3.29468221e-007	1.62808070e-014	3.99342809e-034	3.75286917e-053	2.75682742e-072	1.39529680e-091	5.14091892e-111	1.36566755e-130	3.05381831e-150	2.57902061e-170	2.90610244e-190	3.79842950e-210	3.81222978e-230	3.04685884e-250	
4.58	9.09084419e-005	1.17634694e-001	8.49729266e-001	3.25445833e-002	5.47965948e-007	4.10283577e-014	9.55347593e-034	9.12810618e-053	6.82424206e-072	3.51402784e-091	1.31729938e-110	3.55709606e-130	8.09276985e-150	6.75241540e-170	7.60330079e-190	1.00919841e-209	1.02796912e-229	8.33443426e-250	
4.59	7.75563652e-005	1.05948410e-001	8.54139079e-001	3.98340606e-002	8.94165983e-007	1.00503489e-013	2.22387292e-033	2.16035839e-052	1.64385815e-071	8.61199787e-091	3.28464010e-110	9.01581055e-130	2.08694487e-149	1.72034035e-169	1.93442293e-189	2.60742554e-209	2.69554283e-229	2.21691161e-249	
4.6	6.64573038e-005	9.53940210e-002	8.56337368e-001	4.82007201e-002	1.43323261e-006	2.39669484e-013	2.16043083e-024	2.13375885e-043	1.65241140e-062	8.80769364e-082	3.41794157e-101	9.53613518e-121	2.24591031e-140	1.82876827e-160	2.05216719e-180	2.80907151e-200	2.94736172e-220	2.45900360e-240	
4.61	5.71574894e-005	8.58602669e-002	8.56369831e-001	5.77104860e-002	2.25907435e-006	5.57177949e-013	9.20393136e-024	9.24247247e-043	7.28442029e-062	3.95012217e-081	1.55958709e-100	4.42310574e-120	1.05985808e-139	8.52592780e-160	9.54227557e-180	1.32647672e-199	1.41255800e-219	1.19546209e-239	
4.62	4.93035234e-005	7.72444998e-002	8.54288143e-001	6.84145489e-002	3.50504983e-006	1.26437898e-012	3.77623924e-023	3.85554786e-042	3.09260276e-061	1.70616946e-080	6.85346237e-100	1.97568750e-119	4.81663538e-139	3.82789111e-159	4.27062701e-179	6.02889351e-199	6.51610250e-219	5.59418140e-239	
4.63	4.26399334e-005	6.94591793e-002	8.50126915e-001	8.03659074e-002	5.35793967e-006	2.80380291e-012	1.49441636e-022	1.55136704e-041	1.26652546e-060	7.10892155e-080	2.90515797e-099	8.51303396e-119	2.11157703e-138	1.65795935e-158	1.84293471e-178	2.64220030e-198	2.89842069e-218	2.52409709e-238	
4.64	3.69587592e-005	6.24240822e-002	8.43935927e-001	9.35949558e-002	8.07617931e-006	6.08279499e-012	5.71240036e-022	6.02955495e-041	5.00960032e-060	2.86066716e-079	1.18936769e-098	3.54263153e-118	8.94039504e-138	6.93699181e-158	7.67918504e-178	1.11809453e-197	1.24485847e-217	1.09979545e-237	
4.65	3.20874920e-005	5.60639333e-002	8.35763001e-001	1.08128965e-001	1.20124999e-005	1.29222792e-011	2.11197967e-021	2.26663197e-040	1.91665142e-059	1.11349063e-078	4.70959959e-098	1.42589833e-117	3.66112493e-137	2.80782647e-157	3.09422823e-177	4.57543324e-197	5.17044844e-217	4.63384876e-237	
4.66	2.78942879e-005	5.03081369e-002	8.25669198e-001	1.23977129e-001	1.76424553e-005	2.69062700e-011	7.56136900e-021	6.82287348e-032	5.87166392e-051	3.47045566e-070	1.49324713e-089	4.59545495e-109	1.20045321e-128	9.10192747e-149	9.98149698e-169	1.49899336e-188	1.71930512e-208	1.56314676e-228	
4.67	2.42748384e-005	4.51105264e-002	8.13697739e-001	1.41141859e-001	2.56009563e-005	5.49479544e-011	2.62423618e-020	4.70809937e-031	4.12376226e-050	2.47956362e-069	1.08529068e-088	3.39503451e-108	9.02286792e-128	6.76579778e-148	7.38140714e-168	1.12583234e-187	1.31064662e-207	1.20874907e-227	
4.68	2.11368196e-005	4.04103591e-002	7.99937118e-001	1.59594664e-001	3.67229522e-005	1.10155787e-010	8.83879978e-020	3.10589080e-030	2.76866714e-049	1.69368517e-068	7.54055993e-088	2.39763432e-107	6.48289617e-127	4.80927015e-147	5.21850534e-167	8.08368756e-187	9.55179908e-207	8.93693776e-227	
4.69	1.84137736e-005	3.61674753e-002	7.84465054e-001	1.79296963e-001	5.20931966e-005	2.16889959e-010	2.89153707e-019	1.96101857e-029	1.77902437e-048	1.10711580e-067	5.01343023e-087	1.62031939e-106	4.45718205e-126	3.27228695e-146	3.53081308e-166	5.55491187e-186	6.66224333e-206	6.32331372e-226	
4.7	1.60419588e-005	3.23346528e-002	7.67385622e-001	2.00190570e-001	7.31134525e-005	4.19695613e-010	9.19660909e-019	1.18665578e-028	1.09561054e-047	6.93599988e-067	3.19439961e-086	1.04937407e-105	2.93662638e-125	2.13448640e-145	2.28987748e-165	3.65894489e-185	4.45419728e-205	4.28865518e-225	
4.71	1.39741139e-005	2.88773220e-002	7.48798100e-001	2.22209030e-001	1.01573428e-004	7.98688029e-010	2.84619259e-018	6.88970169e-028	6.47345832e-047	4.16889382e-066	1.95255202e-085	6.51937235e-105	1.85594339e-124	1.33617235e-144	1.42503770e-164	2.31269710e-184	2.85765118e-204	2.79122014e-224	
4.72	1.21677903e-005	2.57595077e-002	7.28850157e-001	2.45238458e-001	1.39707650e-004	1.49528127e-009	8.57710374e-018	3.84197967e-027	3.67372315e-046	2.40647396e-065	1.14604913e-084	3.88913102e-104	1.12627234e-123	8.03504559e-144	8.51864931e-164	1.40416525e-183	1.76110627e-203	1.74522472e-223	
4.73	1.05887484e-005	2.29511660e-002	7.07653347e-001	2.69194561e-001	1.90334377e-004	2.75565719e-009	2.51887247e-017	2.06008115e-026	2.00475005e-045	1.33578761e-064	6.46745237e-084	2.23061750e-103	6.57088254e-123	4.64734602e-143	4.89771733e-163	8.19962386e-183	1.04385990e-202	1.04937963e-222	
4.74	9.20798184e-006	2.04247744e-002	6.85392885e-001	2.93916228e-001	2.56899317e-004	5.00123555e-009	7.21393174e-017	1.06324875e-025	1.05293003e-044	7.13560606e-064	3.51161716e-083	1.23089388e-102	3.68796106e-122	2.58731658e-142	2.71053762e-162	4.60913077e-182	5.95594967e-202	6.07421463e-222	
4.75	8.00063871e-006	1.81543803e-002	6.62193542e-001	3.19300414e-001	3.43653594e-004	8.94339126e-009	2.01619918e-016	5.28701207e-025	5.32803796e-044	3.67222962e-063	1.83666581e-082	6.54246362e-102	1.99362026e-121	1.38802497e-141	1.44557324e-161	2.49675851e-181	3.27490983e-201	3.38835185e-221	
4.76	6.94597593e-006	1.61163706e-002	6.38236992e-001	3.45183945e-001	4.55730389e-004	1.57632896e-008	5.50273425e-016	2.53543238e-024	2.60004346e-043	1.82229006e-062	9.26007449e-082	3.35194183e-101	1.03871764e-120	7.18090315e-141	7.43526352e-161	1.30438643e-180	1.73668108e-200	1.82290446e-220	
4.77	6.02534494e-006	1.42898577e-002	6.13711653e-001	3.71393174e-001	5.99262409e-004	2.73970082e-008	1.46751177e-015	1.17365525e-023	1.22468800e-042	8.72782213e-062	4.50491490e-081	1.65688878e-100	5.22068494e-120	3.58588155e-140	3.69179927e-160	6.57851934e-180	8.89085217e-200	9.46772037e-220	
4.78	5.22102037e-006	1.26560897e-002	5.88769528e-001	3.97787550e-001	7.81564263e-004	4.69683014e-008	3.82621368e-015	5.24832361e-023	5.57229696e-042	4.03731123e-061	2.11599121e-080	7.90670058e-100	2.53273771e-119	1.72930337e-139	1.77052110e-159	3.20462107e-179	4.39633583e-199	4.74956065e-219	
4.79	4.51930445e-006	1.11967107e-002	5.63577434e-001	4.24209816e-001	1.01143974e-003	7.94707747e-008	9.76131717e-015	2.26976277e-022	2.45188909e-041	1.80578074e-060	9.60623866e-080	3.64632327e-099	1.18726337e-118	8.06290915e-139	8.21078540e-159	1.50955755e-178	2.10215506e-198	2.30403456e-218	
4.8	3.90747163e-006	9.89472184e-003	5.38315172e-001	4.50487169e-001	1.29889699e-003	1.32756924e-007	2.43782843e-014	9.50032125e-022	1.04406019e-040	7.81482174e-060	4.21784421e-079	1.62612546e-098	5.38060173e-118	3.63652455e-138	3.68408611e-158	6.87996957e-178	9.72543831e-198	1.08143336e-217	
4.81	3.37445907e-006	8.73483404e-003	5.13133107e-001	4.76472778e-001	1.65568674e-003	2.18996479e-007	5.96242060e-014	3.85115863e-021	4.30532764e-040	3.27451144e-059	1.79219060e-078	7.01636690e-098	2.35860122e-117	1.58732163e-137	1.60012262e-157	3.03536425e-177	4.35558588e-197	4.91368187e-217	
4.82	2.91128604e-006	7.70413006e-003	4.88184430e-001	5.02012608e-001	2.09556365e-003	3.56961470e-007	1.42948476e-013	1.51370885e-020	1.72123859e-039	1.32975787e-058	7.37606983e-078	2.93166528e-097	1.00087579e-116	6.71143157e-137	6.73365262e-157	1.29750325e-176	1.88999905e-196	2.16318808e-216	
4.83	2.50913676e-006	6.78944812e-003	4.63574290e-001	5.26998810e-001	2.63436802e-003	5.75072327e-007	3.36047052e-013	5.77215966e-020	6.67510050e-039	5.23701593e-058	2.94230908e-077	1.18694142e-096	4.11389650e-116	2.75011464e-136	2.74681846e-156	5.37653597e-176	7.95004506e-196	9.23157186e-216	
4.84	2.16031614e-006	5.97839386e-003	4.39446916e-001	5.51281924e-001	3.28968938e-003	9.15921664e-007	7.75009977e-013	2.13692937e-019	2.51282249e-038	2.00129220e-057	1.13806779e-076	4.65810325e-096	1.63833119e-115	1.09258499e-135	1.08671672e-155	2.16072836e-175	3.24331421e-195	3.82096818e-215	
4.85	1.85840897e-006	5.26093715e-003	4.15886089e-001	5.74767738e-001	4.08193422e-003	1.44291025e-006	1.75493044e-012	7.68899655e-019	9.19208654e-038	7.42914939e-057	4.27281842e-076	1.77368967e-095	6.32714898e-115	4.21164147e-135	4.17283411e-155	8.42826522e-175	1.28426794e-194	1.53503053e-214	
4.86	1.59682723e-006	4.62549924e-003	3.92991657e-001	5.97345295e-001	5.03370290e-003	2.24889210e-006	3.90233913e-012	2.69001975e-018	3.26871263e-037	2.67949228e-056	1.55721060e-075	6.55308926e-095	2.36950002e-114	1.57525596e-134	1.55504044e-154	3.19061192e-174	4.93536060e-194	5.98501201e-214	
4.87	1.36973309e-006	4.06073840e-003	3.70687907e-001	6.19074560e-001	6.17195492e-003	3.46982732e-006	8.52851926e-012	9.16008983e-018	1.13107078e-036	9.39895946e-056	5.51420326e-075	2.35107157e-094	8.61103751e-114	5.72085936e-134	5.62855112e-154	1.17317696e-173	1.84224265e-193	2.26662235e-213	
4.88	1.17294014e-006	3.56022275e-003	3.48863712e-001	6.40040822e-001	7.52876665e-003	5.30319134e-006	1.83353181e-011	3.03948435e-017	3.81265206e-036	3.21011372e-055	1.89925081e-074	8.19950269e-094	3.03955468e-113	2.01910102e-133	1.98048163e-153	4.19344801e-173	6.68480977e-193	8.34464263e-213	
4.89	1.00367143e-006	3.11973344e-003	3.27882184e-001	6.59857147e-001	9.13190645e-003	8.02557009e-006	3.87656100e-011	9.82599884e-017	1.25168771e-035	1.06699148e-054	6.35946765e-074	2.77803060e-093	1.04135795e-112	6.92116143e-133	6.77084859e-153	1.45640968e-172	2.35691693e-192	2.98506393e-212	
4.9	8.58674288e-007	2.73271211e-003	3.07772801e-001	6.78463958e-001	1.10176386e-002	1.20317208e-005	8.06514680e-011	3.09775495e-016	4.00583848e-035	3.45479817e-054	2.07171874e-073	9.14948876e-093	3.46479674e-112	2.30525399e-132	2.24968672e-152	4.91605857e-172	8.07645694e-192	1.03782487e-211	
4.91	7.34277700e-007	2.39265026e-003	2.88551272e-001	6.95814271e-001	1.32232019e-002	1.78705081e-005	1.65174402e-010	9.52875431e-016	1.25031220e-034	1.09007167e-053	6.56827950e-073	2.93004394e-092	1.11961939e-111	7.46164204e-132	7.26688941e-152	1.61321525e-171	2.69057548e-191	3.50792110e-211	
4.92	6.27621685e-007	2.09448211e-003	2.70243752e-001	7.11843955e-001	1.57908751e-002	2.63075978e-005	3.33088134e-010	2.86115825e-015	3.80751647e-034	3.35286762e-053	2.02724930e-072	9.12476619e-092	3.51385020e-111	2.34694777e-131	2.28169139e-151	5.14589850e-171	8.71300118e-191	1.15257437e-210	
4.93	5.36061237e-007	1.83284069e-003	2.52812108e-001	7.26550687e-001	1.87654372e-002	3.83904630e-005	6.61824102e-010	8.39342291e-015	1.13218087e-033	1.00593592e-052	6.09473442e-072	2.76480422e-091	1.07150495e-110	7.17685833e-131	6.96714720e-151	1.59632196e-170	2.74395277e-190	3.68286147e-210	
4.94	4.57632436e-007	1.60358761e-003	2.36289435e-001	7.39856402e-001	2.21945654e-002	5.55516455e-005	1.29594525e-009	2.40658398e-014	3.28840181e-033	2.94474954e-052	1.78512945e-071	8.15053168e-091	3.17425388e-110	2.13309178e-130	2.06855293e-150	4.81506734e-170	8.40281894e-190	1.14429934e-209	
4.95	3.90459048e-007	1.40267559e-003	2.20628836e-001	7.51758891e-001	2.61294891e-002	7.97154261e-005	2.50163804e-009	6.74757909e-014	9.33339662e-033	8.41452995e-052	5.09570033e-071	2.33844263e-090	9.13668292e-110	6.16385544e-130	5.97214944e-150	1.41235650e-169	2.50222609e-189	3.45740275e-209	
4.96	3.32973988e-007	1.22676473e-003	2.05817163e-001	7.62217718e-001	3.06245364e-002	1.13480673e-004	4.76265989e-009	1.85122699e-013	2.59017922e-032	2.34809103e-051	1.41818628e-070	6.53090622e-090	2.55552755e-109	1.73162187e-129	1.67711561e-149	4.02949379e-169	7.24768206e-189	1.01609192e-208	
4.97	2.83797121e-007	1.07268016e-003	1.91829891e-001	7.71200147e-001	3.57367145e-002	1.60274479e-004	8.94514504e-009	4.97177331e-013	7.03062009e-032	6.40020036e-051	3.84928150e-070	1.77590842e-089	6.94636792e-109	4.72992504e-129	4.58015401e-149	1.11803789e-168	2.04163085e-188	2.90421037e-208	
4.98	2.41759014e-007	9.37763150e-004	1.78631313e-001	7.78683919e-001	4.15221357e-002	2.24611057e-004	1.65790211e-008	1.30775685e-012	1.86737042e-031	1.70473838e-050	1.01927556e-069	4.70254009e-089	1.83499438e-108	1.25624315e-128	1.21670039e-148	3.01753526e-168	5.59434780e-188	8.07451619e-208	
4.99	2.05849110e-007	8.19655275e-004	1.66192141e-001	7.84634311e-001	4.80412272e-002	3.12429923e-004	3.03328562e-008	3.37070213e-012	4.85538033e-031	4.43859615e-050	2.63402537e-069	1.21288639e-088	4.71206833e-108	3.24500264e-128	3.14407775e-148	7.92238509e-168	1.49118828e-187	2.18386731e-207	
5	1.75186408e-007	7.16315657e-004	1.54481358e-001	7.89050894e-001	5.53201098e-002	4.31092542e-004	5.47609634e-008	8.51091743e-012	1.23541790e-030	1.12916360e-049	6.63979537e-069	3.04535861e-088	1.17536033e-107	8.14638430e-128	7.89914118e-148	2.02230957e-167	3.86460580e-187	5.74278298e-207	
5.01	1.49002675e-007	6.25843907e-004	1.43476165e-001	7.91955143e-001	6.33529569e-002	5.89644971e-004	9.74926763e-008	2.10433386e-011	3.07466849e-030	2.80561044e-049	1.63202283e-068	7.43958986e-088	2.84616468e-107	1.98615819e-127	1.92793456e-147	5.01491667e-167	9.72976731e-187	1.46704974e-206	
5.02	1.26684472e-007	5.46632363e-004	1.33128109e-001	7.93265566e-001	7.22585948e-002	8.00799584e-004	1.71467651e-007	5.10477787e-011	7.49875559e-030	6.81953037e-049	3.91836955e-068	1.77141481e-087	6.70254193e-107	4.71147331e-127	4.58002655e-147	1.21046239e-166	2.38444281e-186	3.64805668e-206	
5.03	1.07556773e-007	4.76693029e-004	1.23404355e-001	7.92956419e-001	8.20822934e-002	1.07983356e-003	2.97986903e-007	1.21544174e-010	1.79276626e-029	1.62241291e-048	9.19370378e-068	4.11259395e-087	1.53558134e-106	1.08783037e-126	1.05923112e-146	2.84441345e-166	5.68882690e-186	8.83138801e-206	
5.04	9.12541663e-008	4.15524900e-004	1.14271670e-001	7.91006051e-001	9.28603823e-002	1.44576843e-003	5.11660270e-007	2.84041275e-010	4.20129682e-029	3.77746522e-048	2.10807814e-067	9.30965439e-087	3.42254123e-106	2.44432312e-126	2.38470548e-146	6.50669981e-166	1.32123780e-185	2.08124664e-205	
5.05	7.73602858e-008	3.62015244e-004	1.05698029e-001	7.87394301e-001	1.04622511e-001	1.92219824e-003	8.68263679e-007	6.51810966e-010	9.65459935e-029	8.61018403e-048	4.72567729e-067	2.05553601e-086	7.42392377e-106	5.34749245e-126	5.22879872e-146	1.44962537e-165	2.98867181e-185	4.77713597e-205	
5.06	6.55218886e-008	3.15207102e-004	9.76528786e-002	7.82087018e-001	1.17405108e-001	2.53826433e-003	1.45673772e-006	1.46960929e-009	2.17681197e-028	1.92246928e-047	1.03642745e-066	4.43012375e-086	1.56851853e-105	1.13991173e-125	1.11745096e-145	3.14792654e-165	6.58948031e-185	1.06876657e-204	
5.07	5.54432497e-008	2.74276547e-004	9.01037132e-002	7.75083139e-001	1.31207881e-001	3.32851628e-003	2.41616143e-006	3.25546072e-009	4.81512923e-028	4.20461861e-047	2.22384229e-066	9.31998779e-086	3.22803678e-105	2.36781103e-125	2.32777333e-145	6.66296465e-165	1.41614552e-184	2.33068171e-204	
5.08	4.68474812e-008	2.38377654e-004	8.29987649e-002	7.66392700e-001	1.46030896e-001	4.33524538e-003	3.96270701e-006	7.08847510e-009	1.04542071e-027	9.01147062e-047	4.67084985e-066	1.91514611e-085	6.47643337e-105	4.79664744e-125	4.72995507e-145	1.37574680e-164	2.96887460e-184	4.95812321e-204	
5.09	3.94838640e-008	2.06712422e-004	7.62413696e-002	7.56068687e-001	1.61868420e-001	5.60832784e-003	6.42846262e-006	1.51763389e-008	2.22850456e-027	1.89369864e-046	9.60975664e-066	3.84682625e-085	1.26769690e-104	9.48307077e-125	9.38360456e-145	2.77334256e-164	6.07682756e-184	1.02981368e-203	
5.1	3.32344537e-008	1.79064083e-004	6.99206906e-002	7.44013562e-001	1.78670194e-001	7.20611132e-003	1.03123046e-005	3.19495496e-008	4.66416783e-027	3.90176328e-046	1.93683955e-065	7.55427105e-085	2.42186171e-104	1.83030661e-124	1.81776404e-144	5.45907875e-164	1.21453207e-183	2.08854738e-203	
5.11	2.79346650e-008	1.54935021e-004	6.40135428e-002	7.30256876e-001	1.96367337e-001	9.19086066e-003	1.63547882e-005	6.61177848e-008	9.58228765e-027	7.88017076e-046	3.82365508e-065	1.45038694e-084	4.51636961e-104	3.44919017e-124	3.43887355e-144	1.04946092e-163	2.37075231e-183	4.13693319e-203	
5.12	2.34411544e-008	1.33868538e-004	5.84966821e-002	7.14821686e-001	2.14879046e-001	1.16429012e-002	2.56577165e-005	1.34617157e-007	1.93404340e-026	1.56172755e-045	7.40295578e-065	2.72628555e-084	8.23402461e-104	6.35684753e-124	6.36480354e-144	1.97382731e-163	4.52743837e-183	8.01699639e-203	
5.13	1.96381542e-008	1.15504219e-004	5.33497082e-002	6.97755242e-001	2.34092965e-001	1.46464736e-002	3.98179093e-005	2.69677372e-007	3.83554789e-026	3.03781712e-045	1.40594119e-064	5.01906749e-084	1.46842232e-103	1.14613044e-123	1.15272402e-143	3.63257184e-163	8.46043376e-183	1.52026626e-202	
5.14	1.64172942e-008	9.94941493e-005	4.85515607e-002	6.79111838e-001	2.53876928e-001	1.82985032e-002	6.11278288e-005	5.31617622e-007	7.47504355e-026	5.80090296e-045	2.62033741e-064	9.05500522e-084	2.56348702e-103	2.02359254e-123	2.04492106e-143	6.54856714e-163	1.54867380e-182	2.82393427e-202	
5.15	1.36954673e-008	8.55535266e-005	4.40880784e-002	6.58949752e-001	2.74077776e-001	2.27049339e-002	9.28604790e-005	1.03175469e-006	2.39445928e-017	1.81908325e-036	8.01711437e-056	2.67853208e-075	7.33061135e-095	5.85278351e-115	5.94426576e-135	1.93447857e-154	4.64538716e-174	8.59588313e-194	
5.16	1.13991219e-008	7.34152752e-005	3.99412900e-002	6.37368036e-001	2.94500984e-001	2.79747470e-002	1.39545287e-004	1.97094389e-006	8.75357395e-017	6.50484800e-036	2.79670149e-055	9.02394647e-075	2.38577265e-094	1.92711846e-114	1.96763200e-134	6.50714994e-154	1.58668405e-173	2.97940859e-193	
5.17	9.45941107e-009	6.28245216e-005	3.60916045e-002	6.14477858e-001	3.14930666e-001	3.42258286e-002	2.07501925e-004	3.70731969e-006	3.10110012e-016	2.25256056e-035	9.44667879e-055	2.94124130e-074	7.50718828e-094	6.13532877e-114	6.29923486e-134	2.11710522e-153	5.24191645e-173	9.98878854e-193	
5.18	7.83041558e-009	5.36388543e-005	3.25266213e-002	5.90390728e-001	3.35138554e-001	4.15783005e-002	3.05283180e-004	6.86655740e-006	1.06517032e-015	7.55868804e-035	3.09212029e-054	9.28313755e-074	2.28654340e-093	1.89111190e-113	1.95298238e-133	6.67047744e-153	1.67709495e-172	3.24308191e-192	
5.19	6.46620081e-009	4.56950093e-005	2.92329686e-002	5.65241280e-001	3.54871696e-001	5.01513748e-002	4.44453209e-004	1.25262908e-005	3.54917021e-015	2.45940698e-034	9.81485743e-054	2.83978283e-073	6.74805226e-093	5.64785091e-113	5.86826286e-133	2.03695472e-152	5.20042565e-172	1.02053174e-191	
5.2	5.32493840e-009	3.88275518e-005	2.61940683e-002	5.39169670e-001	3.73871117e-001	6.00634869e-002	6.40314868e-004	2.25107282e-005	1.14805493e-014	7.76604836e-034	3.02392663e-053	8.42859388e-073	1.93192305e-092	1.63666812e-112	1.71140518e-132	6.03712849e-152	1.56511770e-171	3.11695715e-191	
5.21	4.37256086e-009	3.29034961e-005	2.33987869e-002	5.12332061e-001	3.91867890e-001	7.14157786e-002	9.12728797e-004	3.98469692e-005	3.60603267e-014	3.13206838e-025	1.19022169e-044	3.19514024e-064	7.06420570e-084	6.05745644e-104	6.37626994e-124	2.28597495e-143	6.01809913e-163	1.21626902e-182	
5.22	3.57931492e-009	2.78012264e-005	2.08315596e-002	4.84853805e-001	4.08622754e-001	8.43068605e-002	1.28771417e-003	6.95016344e-005	1.10067124e-013	1.81294535e-024	6.72607166e-044	1.73885671e-063	3.70869069e-083	3.21907012e-103	3.41198368e-123	1.24320775e-142	3.32355171e-162	6.81670299e-182	
5.23	2.92081994e-009	2.34204340e-005	1.84832541e-002	4.56986033e-001	4.23795644e-001	9.87943671e-002	1.79782198e-003	1.19456799e-004	3.26643861e-013	1.00522544e-023	3.64238510e-043	9.06878074e-063	1.86634989e-082	1.63973808e-102	1.75052907e-122	6.48248063e-142	1.75982208e-161	3.66301456e-181	
5.24	2.37569853e-009	1.96688682e-005	1.63418444e-002	4.28907702e-001	4.37125644e-001	1.14919004e-001	2.48380505e-003	2.02328678e-004	9.42846221e-013	5.34346993e-023	1.89182862e-042	4.53719449e-062	9.01292087e-082	8.01576029e-102	8.62132194e-122	3.24475798e-141	8.94513419e-161	1.88955095e-180	
5.25	1.92283408e-009	1.64435359e-005	1.43779306e-002	4.00818838e-001	4.48375181e-001	1.32677911e-001	3.39593009e-003	3.37763436e-004	2.64847980e-012	2.72552764e-022	2.56638996e-034	5.93028458e-054	1.13755171e-073	1.02408328e-093	1.10999706e-113	4.24586718e-133	1.18865263e-152	2.54818665e-172	
5.26	1.54970076e-009	1.36986235e-005	1.25999566e-002	3.72885178e-001	4.57311196e-001	1.52037184e-001	4.59680771e-003	5.55977203e-004	7.24621430e-012	1.33569132e-021	2.44998834e-033	5.45690879e-053	1.01130651e-072	9.21547756e-093	1.00688091e-112	3.91447366e-132	1.11288840e-151	2.42127015e-171	
5.27	1.24426368e-009	1.13705215e-005	1.09984829e-002	3.45310662e-001	4.63716678e-001	1.72897665e-001	6.16230118e-003	9.02839504e-004	1.93255239e-011	6.29678226e-021	2.21673608e-032	4.76133788e-052	8.53026476e-072	7.86707070e-092	8.66703833e-112	3.42475929e-131	9.88757482e-151	2.18321774e-170	
5.28	9.95322063e-010	9.40412558e-006	9.56121757e-003	3.18262910e-001	4.67433883e-001	1.95112136e-001	8.17513195e-003	1.44531657e-003	5.02247549e-011	2.85547294e-020	1.90182633e-031	3.94152729e-051	6.83106983e-071	6.37643035e-091	7.08515878e-111	2.84555957e-130	8.34303684e-150	1.86958809e-169	
5.29	7.92260836e-010	7.74056911e-006	8.27557978e-003	2.91890720e-001	4.68338981e-001	2.18473232e-001	1.07326515e-002	2.28109504e-003	1.27247639e-010	1.24670121e-019	1.54903993e-030	3.09962967e-050	5.20037190e-070	4.91249943e-090	5.50697767e-110	2.24811303e-129	6.69380089e-149	1.52235635e-168	
5.3	6.27946291e-010	6.34491612e-006	7.13050543e-003	2.66341196e-001	4.66326762e-001	2.42705578e-001	1.39407003e-002	3.54891213e-003	3.14359553e-010	5.24328640e-019	1.19882987e-029	2.31778874e-049	3.76729201e-069	3.60127331e-089	4.07402294e-109	1.69039581e-128	5.11156882e-148	1.17984692e-167	
5.31	4.95442731e-010	5.17771407e-006	6.11496807e-003	2.41738235e-001	4.61338632e-001	2.67444859e-001	1.79150855e-002	5.44304068e-003	7.57526541e-010	2.12564985e-018	8.82488834e-029	1.64975853e-048	2.60001030e-068	2.51475993e-088	2.87174678e-108	1.21114537e-127	3.71927701e-147	8.71269914e-167	
5.32	3.88948028e-010	4.20456157e-006	5.21642254e-003	2.18130624e-001	4.53282774e-001	2.92353852e-001	2.27810560e-002	8.23106397e-003	1.78147772e-009	8.31341141e-018	6.18664341e-028	1.11922777e-047	1.71175005e-067	1.67490220e-087	1.93127956e-107	8.27915960e-127	2.58207323e-146	6.13902337e-166	
5.33	3.03743225e-010	3.39676468e-006	4.42536077e-003	1.95634202e-001	4.42189841e-001	3.16813165e-001	2.86459868e-002	1.22880433e-002	4.09488815e-009	3.14263610e-017	4.13933306e-027	7.25308053e-047	1.07745154e-066	1.06657250e-086	1.24215047e-106	5.41265619e-126	1.71438496e-145	4.13692951e-165	
5.34	2.35800384e-010	2.72817385e-006	3.73138404e-003	1.74290054e-001	4.28060844e-001	3.40178202e-001	3.56049340e-002	1.81318442e-002	9.21321061e-009	1.15033348e-016	2.64886589e-026	4.49959383e-046	6.49845299e-066	6.50626050e-086	7.65532474e-106	3.39076261e-125	1.09073330e-144	2.67133624e-164	
