4	8.40919829e-004	9.99159080e-001	1.13864283e-018	3.34993476e-037	4.26797651e-056	2.94953456e-075	2.92874051e-095	9.00319860e-115	2.23343470e-134	4.00795818e-154	5.05570183e-174	4.75875548e-194	
4.01	7.12391572e-004	9.99287608e-001	1.15854060e-018	3.46432809e-037	4.48491545e-056	3.14841379e-075	3.15950365e-095	9.87190642e-115	2.49353534e-134	4.54336560e-154	5.81535910e-174	5.55218550e-194	
4.02	6.05386080e-004	9.99394614e-001	1.17875379e-018	3.58240272e-037	4.71263365e-056	3.36064583e-075	3.40884692e-095	1.08258604e-114	2.78421429e-134	5.15089687e-154	6.68999775e-174	6.47816186e-194	
4.03	5.15989944e-004	9.99484010e-001	1.19929926e-018	3.70462812e-037	4.95204935e-056	3.58714187e-075	3.67851621e-095	1.18742251e-114	3.10924984e-134	5.84061208e-154	7.69747365e-174	7.56062631e-194	
4.04	4.41125616e-004	9.99558874e-001	1.22019443e-018	3.83082516e-037	5.20337014e-056	3.82882277e-075	3.97024282e-095	1.30261584e-114	3.47271618e-134	6.62378153e-154	8.85816509e-174	8.82463149e-194	
4.05	3.78175127e-004	9.99621825e-001	1.24142697e-018	3.96128457e-037	5.46738515e-056	4.08684793e-075	4.28597429e-095	1.42932512e-114	3.87929194e-134	7.51305717e-154	1.01954908e-173	1.03024300e-193	
4.06	3.25130837e-004	9.99674869e-001	1.26302906e-018	4.09622189e-037	5.74489059e-056	4.36210372e-075	4.62768665e-095	1.56860099e-114	4.33398998e-134	8.52308748e-154	1.17367183e-173	1.20295168e-193	
4.07	2.80301700e-004	9.99719698e-001	1.28498676e-018	4.23570808e-037	6.03635182e-056	4.65588263e-075	4.99761987e-095	1.72177354e-114	4.84256374e-134	9.67004222e-154	1.35126283e-173	1.40479975e-193	
4.08	2.42310976e-004	9.99757689e-001	1.30731711e-018	4.37991528e-037	6.34255572e-056	4.96948658e-075	5.39838855e-095	1.89032445e-114	5.41159556e-134	1.09730834e-153	1.55598018e-173	1.64079276e-193	
4.09	2.10011943e-004	9.99789988e-001	1.33003856e-018	4.52902429e-037	6.66434805e-056	5.30432032e-075	5.83276921e-095	2.07594021e-114	6.04842436e-134	1.24537739e-153	1.79201305e-173	1.91675550e-193	
4.1	1.82497941e-004	9.99817502e-001	1.35313443e-018	4.68309834e-037	7.00224034e-056	5.66112082e-075	6.30288007e-095	2.28001739e-114	6.76041448e-134	1.41348467e-153	2.06396336e-173	2.23927631e-193	
4.11	1.58984477e-004	9.99841016e-001	1.37664158e-018	4.84238483e-037	7.35723484e-056	6.04240707e-075	6.81295193e-095	2.50485383e-114	7.55703201e-134	1.60446539e-153	2.37747888e-173	2.61640938e-193	
4.12	1.38835168e-004	9.99861165e-001	1.40054232e-018	5.00712279e-037	7.73038163e-056	6.44897108e-075	7.36562284e-095	2.75226920e-114	8.44746694e-134	1.82128130e-153	2.73868651e-173	3.05714981e-193	
4.13	1.21544934e-004	9.99878455e-001	1.42485601e-018	5.17752910e-037	8.12237873e-056	6.88337181e-075	7.96566698e-095	3.02509000e-114	9.44396228e-134	2.06768890e-153	3.15523546e-173	3.57270617e-193	
4.14	1.06648377e-004	9.99893352e-001	1.44958299e-018	5.35355832e-037	8.53401504e-056	7.34677604e-075	8.61630197e-095	3.32547355e-114	1.05577292e-133	2.34736181e-153	3.63509378e-173	4.17514935e-193	
4.15	9.37923329e-005	9.99906208e-001	1.47474441e-018	5.53582738e-037	8.96708088e-056	7.84109905e-075	9.32210129e-095	3.65629953e-114	1.18017479e-133	2.66465296e-153	4.18753313e-173	4.87875516e-193	
4.16	8.26820174e-005	9.99917318e-001	1.50034108e-018	5.72408944e-037	9.42159401e-056	8.36879908e-075	1.00883601e-094	4.02086889e-114	1.31909615e-133	3.02454808e-153	4.82360984e-173	5.70058835e-193	
4.17	7.30389882e-005	9.99926961e-001	1.52637301e-018	5.91869795e-037	9.89914358e-056	8.93263272e-075	1.09211570e-094	4.42313271e-114	1.47437757e-133	3.43317632e-153	5.55656026e-173	6.66118448e-193	
4.18	6.46618021e-005	9.99935338e-001	1.55286341e-018	6.12014115e-037	1.04011508e-055	9.53359378e-075	1.18244658e-094	4.86583506e-114	1.64736942e-133	3.89559549e-153	6.39849464e-173	7.78083839e-193	
4.19	5.73675261e-005	9.99942632e-001	1.57978803e-018	6.32801134e-037	1.09278867e-055	1.01749410e-074	1.28055943e-094	5.35373313e-114	1.84021350e-133	4.41934078e-153	7.36655017e-173	9.08698998e-193	
4.2	5.10004481e-005	9.99949000e-001	1.60719578e-018	6.54342391e-037	1.14823098e-055	1.08600301e-074	1.38726050e-094	5.89170349e-114	2.05500645e-133	5.01208860e-153	8.47882632e-173	1.06095403e-192	
4.21	4.54325756e-005	9.99954567e-001	1.63508825e-018	6.76578907e-037	1.20641009e-055	1.15911807e-074	1.50320072e-094	6.48434440e-114	2.29396271e-133	5.68206359e-153	9.75511801e-173	1.23824199e-192	
4.22	4.05497724e-005	9.99959450e-001	1.66343855e-018	6.99599845e-037	1.26757473e-055	1.23714106e-074	1.62923204e-094	7.13730250e-114	2.55936548e-133	6.43833135e-153	1.12177777e-172	1.44441725e-192	
4.23	3.62626548e-005	9.99963737e-001	1.69230100e-018	7.23391040e-037	1.33181943e-055	1.32033253e-074	1.76616576e-094	7.85591031e-114	2.85368532e-133	7.29078285e-153	1.28921751e-172	1.68393092e-192	
4.24	3.24894979e-005	9.99967511e-001	1.72164786e-018	7.47989686e-037	1.39934089e-055	1.40926210e-074	1.91527874e-094	8.64802790e-114	3.18000658e-133	8.25139879e-153	1.48081526e-172	1.96209837e-192	
4.25	2.91602987e-005	9.99970840e-001	1.75150781e-018	7.73395068e-037	1.47019308e-055	1.50403384e-074	2.07728004e-094	9.51876478e-114	3.54041686e-133	9.33014511e-153	1.69935617e-172	2.28414227e-192	
4.26	2.62223037e-005	9.99973778e-001	1.78191272e-018	7.99709503e-037	1.54473537e-055	1.60527011e-074	2.25367492e-094	1.04773358e-113	3.93855190e-133	1.05418803e-152	1.94866359e-172	2.65706322e-192	
4.27	2.36200835e-005	9.99976380e-001	1.81279935e-018	8.26893835e-037	1.62298344e-055	1.71325484e-074	2.44555048e-094	1.15301767e-113	4.37660911e-133	1.18978092e-152	2.23210873e-172	3.08750084e-192	
4.28	2.13132957e-005	9.99978687e-001	1.84423055e-018	8.54997935e-037	1.70518724e-055	1.82850137e-074	2.65438750e-094	1.26864575e-113	4.85773376e-133	1.34124849e-152	2.55383477e-172	3.58352479e-192	
4.29	1.92652307e-005	9.99980735e-001	1.87624207e-018	8.84060721e-037	1.79155498e-055	1.95149991e-074	2.88171871e-094	1.39550543e-113	5.38493317e-133	1.51016130e-152	2.91835527e-172	4.15424238e-192	
4.3	1.74402777e-005	9.99982556e-001	3.58389595e-009	1.71634306e-027	3.53411523e-046	3.91050095e-065	5.87532820e-085	2.88119272e-104	1.11921405e-123	3.18800823e-143	6.25283559e-163	9.02949587e-183	
4.31	1.58147015e-005	9.99984178e-001	6.91324311e-009	3.36492729e-027	7.04003868e-046	7.91300094e-065	1.20992048e-084	6.00456815e-104	2.34544281e-123	6.78560050e-143	1.35079836e-162	1.97887280e-182	
4.32	1.43636861e-005	9.99985623e-001	1.31469128e-008	6.50354331e-027	1.38249720e-045	1.57849948e-064	2.45680852e-084	1.23302812e-103	4.83711160e-123	1.42142568e-142	2.87191515e-162	4.26809408e-182	
4.33	1.30655056e-005	9.99986910e-001	2.46560001e-008	1.23961790e-026	2.67736048e-045	3.10526616e-064	4.92071461e-084	2.49554448e-103	9.82072520e-123	2.93129726e-142	6.01119116e-162	9.06296253e-182	
4.34	1.19025621e-005	9.99988052e-001	4.56177587e-008	2.33100453e-026	5.11510507e-045	6.02642036e-064	9.72473836e-084	4.97912977e-103	1.96306961e-122	5.95176186e-142	1.23878902e-161	1.89475225e-181	
4.35	1.08589837e-005	9.99989058e-001	8.32897802e-008	4.32516904e-026	9.64234225e-045	1.15399759e-063	1.89674330e-083	9.79469815e-103	3.86378625e-122	1.18988244e-141	2.51369452e-161	3.90046631e-181	
4.36	9.92364338e-006	9.99989926e-001	1.50114875e-007	7.92204734e-026	1.79414502e-044	2.18117222e-063	3.65220894e-083	1.90011390e-102	7.49019987e-122	2.34303049e-141	5.02397344e-161	7.90865555e-181	
4.37	9.08275562e-006	9.99990650e-001	2.67139221e-007	1.43268916e-025	3.29596292e-044	4.07029604e-063	6.94423865e-083	3.63553670e-102	1.43024379e-121	4.54464044e-141	9.89083408e-161	1.57957649e-180	
4.38	8.32433640e-006	9.99991206e-001	4.69565087e-007	2.55907726e-025	5.97971134e-044	7.50136278e-063	1.30422192e-082	6.86215888e-102	2.69062064e-121	8.68446401e-141	1.91841305e-160	3.10820150e-180	
4.39	7.64039792e-006	9.99991544e-001	8.15432561e-007	4.51563053e-025	1.07160363e-043	1.36553505e-062	2.41983138e-082	1.27783249e-101	4.98705260e-121	1.63509921e-140	3.66622394e-160	6.02620720e-180	
4.4	7.02105994e-006	9.99991580e-001	1.39942614e-006	7.87344513e-025	1.89726141e-043	2.45587466e-062	4.43635005e-082	2.34777204e-101	9.10871792e-121	3.03371121e-140	6.90437018e-160	1.15136161e-179	
4.41	6.46087300e-006	9.99991165e-001	2.37398188e-006	1.35687122e-024	3.31956262e-043	4.36485906e-062	8.03841448e-082	4.25673294e-101	1.63972763e-120	5.54767952e-140	1.28154485e-159	2.16814112e-179	
4.42	5.95260182e-006	9.99990065e-001	3.98199567e-006	2.31188787e-024	5.74096814e-043	7.66801766e-062	1.43984108e-081	7.61699772e-101	2.90980545e-120	1.00003624e-139	2.34486082e-159	4.02475209e-179	
4.43	5.49148158e-006	9.99987903e-001	6.60575515e-006	3.89490280e-024	9.81479387e-043	1.33163203e-061	2.54960277e-081	1.34508191e-100	5.08980177e-120	1.77697929e-139	4.22929190e-159	7.36476841e-179	
4.44	5.07218452e-006	9.99984087e-001	1.08405816e-005	6.49020034e-024	1.65909158e-042	2.28650989e-061	4.46418300e-081	2.34475708e-100	8.77890253e-120	3.11363807e-139	7.52213676e-159	1.32895247e-178	
4.45	4.69071246e-006	9.99977707e-001	1.76021445e-005	4.85286470e-015	1.25796840e-033	1.76102192e-052	3.50612604e-072	1.83011068e-091	6.77291987e-111	2.44025216e-130	5.98409024e-150	1.07260983e-169	
4.46	4.34341981e-006	9.99967369e-001	2.82879892e-005	1.56688981e-014	4.11689388e-033	5.85401399e-052	1.18848749e-071	6.15382122e-091	2.24887488e-110	8.23130515e-130	2.04896452e-149	3.72613526e-169	
4.47	4.02644837e-006	9.99950976e-001	4.49971560e-005	4.93004241e-014	1.31219356e-032	1.89522012e-051	3.92344503e-071	2.01150732e-090	7.25259536e-110	2.69683388e-129	6.81414428e-149	1.25724539e-168	
4.48	3.73722514e-006	9.99925395e-001	7.08680455e-005	1.51217517e-013	4.07473572e-032	5.97757818e-051	1.26173130e-070	6.39369259e-090	2.27250492e-109	8.58456074e-129	2.20179044e-148	4.12165937e-168	
4.49	3.47296757e-006	9.99885998e-001	1.10529122e-004	4.52405367e-013	1.23324983e-031	1.83749006e-050	3.95414258e-070	1.97687360e-089	6.92158399e-109	2.65632421e-128	6.91589005e-148	1.31350947e-167	
4.5	3.23209479e-006	9.99826035e-001	1.70733380e-004	1.32047434e-012	3.63847224e-031	5.50574599e-050	1.20766528e-069	5.94674648e-089	2.04968341e-108	7.99159159e-128	2.11205444e-147	4.06986114e-167	
4.51	3.01190070e-006	9.99735745e-001	2.61242967e-004	3.76199497e-012	1.04674317e-030	1.60856757e-049	3.59576968e-069	1.74087131e-088	5.90366016e-108	2.33845368e-127	6.27368589e-147	1.22657502e-166	
4.52	2.81046595e-006	9.99601170e-001	3.96019878e-004	1.04635696e-011	2.93656534e-030	4.58244049e-049	1.04364592e-068	4.96005854e-088	1.65412477e-107	6.65670558e-127	1.81287769e-146	3.59612332e-166	
4.53	2.62612013e-006	9.99402609e-001	5.94764925e-004	2.84164134e-011	8.03404394e-030	1.27294165e-048	2.95277581e-068	1.37549532e-087	4.50908154e-107	1.84360190e-126	5.09676519e-146	1.02579503e-165	
4.54	2.45752117e-006	9.99112387e-001	8.85155799e-004	7.53806625e-011	2.14387141e-029	3.44856822e-048	8.14474912e-068	3.71346789e-087	1.19619504e-106	4.96903187e-126	1.39450281e-145	2.84766757e-165	
4.55	2.30331863e-006	9.98692375e-001	1.30532111e-003	1.95318726e-010	5.57941913e-029	9.10985066e-048	2.18960477e-067	9.75803188e-087	3.08798477e-106	1.30327710e-125	3.71282863e-145	7.69274951e-165	
4.56	2.16237344e-006	9.98090331e-001	1.90750566e-003	4.94387942e-010	1.41597578e-028	2.34627303e-047	5.73646863e-067	2.49585304e-086	7.75784235e-106	3.32654790e-125	9.62041730e-145	2.02245571e-164	
4.57	2.03381615e-006	9.97235952e-001	2.76201275e-003	1.22243973e-009	3.50369657e-028	5.89034761e-047	1.46416794e-066	6.21252519e-086	1.89649099e-105	8.26249724e-125	2.42579409e-144	5.17425470e-164	
4.58	1.91670046e-006	9.96035298e-001	3.96278202e-003	2.95262921e-009	8.45129580e-028	1.44106943e-046	3.63943184e-066	1.50458136e-085	4.51054159e-105	1.99660997e-124	5.95061536e-144	1.28787260e-163	
4.59	1.81022400e-006	9.94366098e-001	5.63208477e-003	6.96487699e-009	1.98650266e-027	3.43436026e-046	8.80672940e-066	3.54424074e-085	1.04343649e-104	4.69297695e-124	1.41991981e-143	3.11816722e-163	
4.6	1.71372524e-006	9.92069639e-001	7.92863120e-003	1.60455398e-008	1.29363411e-018	2.26651152e-037	5.89669204e-057	2.30862581e-076	6.67522281e-096	3.05041485e-115	9.36945924e-135	2.08771569e-154	
4.61	1.62647310e-006	9.88945400e-001	1.10529370e-002	3.60881739e-008	5.64747197e-018	1.00219552e-036	2.64326921e-056	1.00619307e-075	2.85752889e-095	1.32686149e-114	4.13739160e-134	9.35405394e-154	
4.62	1.54809660e-006	9.84746522e-001	1.52518508e-002	7.92149841e-008	2.36453104e-017	4.24732991e-036	1.13467886e-055	4.19785002e-075	1.17114441e-094	5.52556928e-114	1.74920678e-133	4.01277047e-153	
4.63	1.47789386e-006	9.79173218e-001	2.08251344e-002	1.69651978e-007	9.49472057e-017	1.72502690e-035	4.66349528e-055	1.67618981e-074	4.59481855e-094	2.20269345e-113	7.07897369e-133	1.64780579e-152	
4.64	1.41524432e-006	9.71876840e-001	2.81213905e-002	3.54326994e-007	3.65564389e-016	6.71154418e-035	1.83425640e-054	6.40407934e-074	1.72528337e-093	8.40412767e-113	2.74196661e-132	6.47637256e-152	
4.65	1.35956759e-006	9.62463189e-001	3.75347299e-002	7.21448895e-007	1.34960237e-015	2.50125539e-034	6.90382389e-054	2.34107287e-073	6.20020358e-093	3.06895193e-112	1.01654585e-131	2.43629923e-151	
4.66	1.31023514e-006	9.50505300e-001	4.94919582e-002	1.43142533e-006	4.77685811e-015	8.92603727e-034	2.48539212e-053	8.18586432e-073	2.13190205e-092	1.07227746e-111	3.60586967e-131	8.76913830e-151	
4.67	1.26665395e-006	9.35575913e-001	6.44200539e-002	2.76618545e-006	1.62065002e-014	3.04908569e-033	8.55523481e-053	2.73714961e-072	7.01203947e-092	3.58378793e-111	1.22351164e-130	3.01922721e-150	
4.68	1.22821445e-006	9.17270176e-001	8.27233915e-002	5.20449876e-006	5.27111635e-014	9.96920291e-033	2.81552274e-052	8.75174144e-072	2.20619160e-091	1.14577595e-110	3.97135611e-130	9.94430116e-150	
4.69	1.19416834e-006	8.95262184e-001	1.04727090e-001	9.53154267e-006	1.64368993e-013	3.11954817e-032	8.85732018e-052	2.67568504e-071	6.63974648e-091	3.50400891e-110	1.23306785e-129	3.13303313e-149	
4.7	1.16386016e-006	8.69348430e-001	1.30633421e-001	1.69853792e-005	4.91448146e-013	9.34116717e-032	2.66327398e-051	7.82142664e-071	1.91130117e-090	1.02499124e-109	3.66199086e-129	9.44177094e-149	
4.71	1.13655871e-006	8.39480548e-001	1.60488859e-001	2.94573901e-005	1.40984635e-012	2.67797431e-031	7.65770012e-051	2.18722691e-070	5.26560476e-090	2.86969577e-109	1.04091399e-128	2.72333731e-148	
4.72	1.11165259e-006	8.05821788e-001	1.94127382e-001	4.97178733e-005	3.88194819e-012	7.35106081e-031	2.10571779e-050	5.85230481e-070	1.38854600e-089	7.68979340e-109	2.83191920e-128	7.51850264e-148	
4.73	1.08851631e-006	7.68742677e-001	2.31174532e-001	8.17017656e-005	1.02694050e-011	1.93371965e-030	5.54233206e-050	1.49962987e-069	3.50823437e-089	1.97446779e-108	7.38256793e-128	1.98894551e-147	
4.74	1.06670414e-006	7.28791271e-001	2.71076854e-001	1.30809111e-004	2.61296676e-011	4.87894309e-030	1.39753748e-049	3.68364342e-069	8.50019250e-089	4.86169784e-108	1.84560695e-127	5.04567487e-147	
4.75	1.04574476e-006	6.86686801e-001	3.13107912e-001	2.04241077e-004	6.40376754e-011	4.76177283e-021	1.36159580e-040	3.49817794e-060	7.96597427e-080	4.63003445e-099	1.78462629e-118	4.95096902e-138	
4.76	1.02521041e-006	6.43247970e-001	3.56439736e-001	3.11269120e-004	1.51373894e-010	2.15174931e-020	6.13540904e-040	1.53742678e-059	3.45636739e-079	2.04168432e-098	7.98999852e-118	2.24937319e-137	
4.77	1.00487898e-006	5.99285824e-001	4.00249438e-001	4.63732933e-004	3.45784997e-010	9.22934156e-020	2.62137627e-039	6.41127074e-059	1.42365118e-078	8.54635120e-098	3.39585616e-117	9.70161461e-137	
4.78	9.84575797e-007	5.55603611e-001	4.43719173e-001	6.76230286e-004	7.64660927e-010	3.76492335e-019	1.06413888e-038	2.54201633e-058	5.57765515e-078	3.40287667e-097	1.37284733e-116	3.98007517e-136	
4.79	9.64293153e-007	5.12887989e-001	4.86144350e-001	9.66695022e-004	1.64025924e-009	1.46417370e-018	4.11434990e-038	9.60623372e-058	2.08373652e-077	1.29199933e-096	5.29247636e-116	1.55711447e-135	
4.8	9.43820103e-007	4.71704154e-001	5.26938277e-001	1.35662145e-003	3.41898761e-009	5.43950010e-018	1.51826837e-037	3.46739528e-057	7.43868724e-077	4.68755892e-096	1.94965641e-115	5.82108624e-135	
4.81	9.23323931e-007	4.32495726e-001	5.65631473e-001	1.87187043e-003	6.93887052e-009	1.93510125e-017	5.36068826e-037	1.19837441e-056	2.54383326e-076	1.62920025e-095	6.88035916e-115	2.08470463e-134	
4.82	9.02690572e-007	3.95544725e-001	6.01911441e-001	2.54291812e-003	1.37356194e-008	6.60596255e-017	1.81497446e-036	3.97462873e-056	8.35199044e-076	5.43643197e-095	2.33113159e-114	7.16786048e-134	
4.83	8.81934044e-007	3.61016186e-001	6.35577016e-001	3.40588932e-003	2.65659919e-008	2.16885544e-016	5.90582573e-036	1.26788873e-055	2.63852150e-075	1.74563116e-094	7.60060591e-114	2.37170590e-133	
4.84	8.61024881e-007	3.28992483e-001	6.66504231e-001	4.50237394e-003	5.02744941e-008	6.86138921e-016	1.85067814e-035	3.89796988e-055	8.03705130e-075	5.40414961e-094	2.38920802e-113	7.56605237e-133	
4.85	8.40033638e-007	2.99445687e-001	6.94671968e-001	5.88141155e-003	9.32345366e-008	2.09576974e-015	5.59633032e-035	1.15729477e-054	2.36525327e-074	1.61649348e-093	7.25665956e-113	2.33213124e-132	
4.86	8.18905077e-007	2.72293069e-001	7.20106599e-001	7.59934383e-003	1.69665204e-007	6.19227903e-015	9.62565264e-026	1.95583717e-045	3.96391879e-065	2.75348624e-084	1.25512182e-103	4.09367846e-123	
4.87	7.97548043e-007	2.47449390e-001	7.42829362e-001	9.72014736e-003	3.03286570e-007	1.77257225e-014	5.17125725e-025	1.03321823e-044	2.07748870e-064	1.46684227e-083	6.78936482e-103	2.24731549e-122	
4.88	7.75912268e-007	2.24745410e-001	7.62936190e-001	1.23170911e-002	5.33106062e-007	4.92370254e-014	2.65690295e-024	5.22364577e-044	1.04245660e-063	7.48138797e-083	3.51618554e-102	1.18119643e-121	
4.89	7.53934711e-007	2.04042037e-001	7.80483028e-001	1.54732595e-002	9.22362147e-007	1.32913761e-013	1.30787304e-023	2.53208596e-043	5.01760851e-063	3.66008353e-082	1.74680644e-101	5.95529265e-121	
4.9	7.31568317e-007	1.85177377e-001	7.95541067e-001	1.92792531e-002	1.57188163e-006	3.49127719e-013	6.17926337e-023	1.17891126e-042	2.32069146e-062	1.72068767e-081	8.33908921e-101	2.88539816e-120	
4.91	7.08817691e-007	1.68002938e-001	8.08155809e-001	2.38379045e-002	2.64053103e-006	8.93411931e-013	2.80624695e-022	5.27966388e-042	1.03287892e-061	7.78473710e-081	3.83107141e-100	1.34532128e-119	
4.92	6.85599006e-007	1.52354736e-001	8.18380125e-001	2.92600787e-002	4.37534140e-006	2.22994328e-012	1.22687061e-021	2.27776137e-041	4.43040802e-061	3.39416840e-080	1.69615132e-099	6.04516116e-119	
4.93	6.61913715e-007	1.38102768e-001	8.26224373e-001	3.56650425e-002	7.15397860e-006	5.43389996e-012	5.17087523e-021	9.47984313e-041	1.83408655e-060	1.42830507e-079	7.24807203e-099	2.62174348e-118	
4.94	6.37724825e-007	1.25112687e-001	8.31694623e-001	4.31805024e-002	1.15494123e-005	1.29397139e-011	2.10354610e-020	3.81056483e-040	7.33619196e-060	5.80716533e-079	2.99261290e-098	1.09865006e-117	
4.95	6.13141103e-007	1.13284146e-001	8.34759594e-001	5.19372318e-002	1.84147747e-005	3.01308817e-011	8.26747543e-020	7.63680111e-031	1.46368972e-050	1.17783030e-069	6.16374643e-089	2.29664894e-108	
4.96	5.88134030e-007	1.02495816e-001	8.35405869e-001	6.20687199e-002	2.90073118e-005	6.86750759e-011	3.14370170e-019	5.39685875e-030	1.03017079e-049	8.42675495e-069	4.47826697e-088	1.69355480e-107	
4.97	5.62734077e-007	9.26394072e-002	8.33604160e-001	7.37107122e-002	4.51579426e-005	1.53283121e-010	1.15735207e-018	3.64337292e-029	6.92946273e-049	5.76206780e-068	3.10958867e-087	1.19351680e-106	
4.98	5.36875871e-007	8.36262686e-002	8.29315307e-001	8.69884035e-002	6.94837645e-005	3.35247862e-010	4.12897069e-018	2.35233949e-028	4.45966499e-048	3.76979289e-067	2.06609278e-086	8.04898042e-106	
4.99	5.10624509e-007	7.53849268e-002	8.22494403e-001	1.02014460e-001	1.05698871e-004	7.18910136e-010	1.42876355e-017	1.45430487e-027	2.74952237e-047	2.36274157e-066	1.31504512e-085	5.19965649e-105	
5	4.84037419e-007	6.78427156e-002	8.13102523e-001	1.18895288e-001	1.58988178e-004	1.51199663e-009	4.79805929e-017	8.61721714e-027	1.62533802e-046	1.41988121e-065	8.02555513e-085	3.22078623e-104	
5.01	4.57195513e-007	6.09398775e-002	8.01126843e-001	1.37696339e-001	2.36480751e-004	3.12076344e-009	1.56519771e-016	4.89923274e-026	9.22295321e-046	8.19089983e-065	4.70173918e-084	1.91516871e-103	
5.02	4.30189064e-007	5.46212034e-002	7.86566953e-001	1.58463566e-001	3.47840673e-004	6.32269827e-009	4.96208217e-016	2.67465135e-025	5.02763465e-045	4.53962496e-064	2.64639440e-083	1.09413917e-102	
5.03	4.03135584e-007	4.88423830e-002	7.69461860e-001	1.81189328e-001	5.06013660e-004	1.25785595e-008	1.52971737e-015	1.40338464e-024	2.63516719e-044	2.41891609e-063	1.43207394e-082	6.00979453e-102	
5.04	3.76236361e-007	4.35650424e-002	7.49856343e-001	2.05850117e-001	7.28096355e-004	2.45823089e-008	4.58862993e-015	7.08311133e-024	1.32918826e-043	1.24049301e-062	7.45847169e-082	3.17706240e-101	
5.05	3.49523328e-007	3.87488365e-002	7.27895392e-001	2.32319255e-001	1.03611980e-003	4.71956624e-008	1.33972288e-014	3.44102133e-023	1.94788923e-034	1.84809224e-053	1.12846812e-072	4.87901821e-092	
5.06	3.23288771e-007	3.43649655e-002	7.03695324e-001	2.60480673e-001	1.45862583e-003	8.90608010e-008	3.81006024e-014	1.61050748e-022	1.71734474e-033	1.65654938e-052	1.02731744e-071	4.50854666e-091	
5.07	2.97545877e-007	3.03793341e-002	6.77454297e-001	2.90134673e-001	2.03123337e-003	1.65216484e-007	1.05584394e-013	7.26664599e-022	1.43973826e-032	1.41206185e-051	8.89375734e-071	3.96176103e-090	
5.08	2.72575979e-007	2.67701656e-002	6.49423753e-001	3.21007249e-001	2.79825885e-003	3.01380459e-007	2.85246303e-013	3.16328992e-021	1.14891955e-031	1.14571156e-050	7.32880164e-070	3.31380070e-089	
5.09	2.48496147e-007	2.35093873e-002	6.19853631e-001	3.52822013e-001	3.81417886e-003	5.40777302e-007	7.51664725e-013	1.32943941e-020	8.73653065e-031	8.85761424e-050	5.75468701e-069	2.64133979e-088	
5.1	2.25440688e-007	2.05753911e-002	5.89066190e-001	3.85213022e-001	5.14421669e-003	9.54675489e-007	1.93280026e-012	5.39817762e-020	6.33694242e-030	6.53245891e-049	4.31043148e-068	2.00821444e-087	
5.11	2.03465989e-007	1.79440083e-002	5.57331944e-001	4.17855548e-001	6.86663748e-003	1.65890675e-006	4.85257971e-012	2.11925646e-019	4.38870338e-029	8.21694514e-040	5.50696679e-059	2.60438250e-078	
5.12	1.82751213e-007	1.55949837e-002	5.25041548e-001	4.50288466e-001	9.07198113e-003	2.83792369e-006	1.19012334e-011	8.05036266e-019	2.90556161e-028	1.03406433e-038	7.03876070e-058	3.37914580e-077	
5.13	1.63308162e-007	1.35058659e-002	4.92488493e-001	4.82136296e-001	1.18644015e-002	4.78072046e-006	2.85223471e-011	2.96059654e-018	1.84010140e-027	1.22745876e-037	8.48630225e-057	4.13562488e-076	
5.14	1.45239036e-007	1.16559341e-002	4.59989042e-001	5.12983462e-001	1.53634830e-002	7.93347840e-006	6.68314662e-011	1.05485168e-017	1.11599900e-026	1.37638442e-036	9.66494222e-056	4.78107456e-075	
5.15	1.28546848e-007	1.00254122e-002	4.27831723e-001	5.42427455e-001	1.97023061e-002	1.29753882e-005	1.53206821e-010	3.64458262e-017	6.48911787e-026	1.46007333e-035	1.04142178e-054	5.22959615e-074	
5.16	1.13236946e-007	8.59365607e-003	3.96269815e-001	5.70089291e-001	2.50262062e-002	2.09183425e-005	3.43729679e-010	1.22171818e-016	3.62040244e-025	1.46683777e-034	1.06269490e-053	5.41721414e-073	
5.17	9.92734901e-008	7.34188567e-003	3.65522120e-001	5.95611459e-001	3.14911833e-002	3.32517210e-005	7.55070505e-010	3.97583817e-016	1.93986306e-024	1.39729651e-033	1.02817992e-052	5.32074063e-072	
5.18	8.66378050e-008	6.25142992e-003	3.35816233e-001	6.18615582e-001	3.92645312e-002	5.21352820e-005	1.62474613e-009	1.25698047e-015	9.99122013e-024	1.26357160e-032	9.44443979e-052	4.96161796e-071	
5.19	7.52589049e-008	5.30521158e-003	3.07286087e-001	6.38811905e-001	4.85160684e-002	8.06494869e-005	3.42625818e-009	3.86313251e-015	4.95087667e-023	1.08605883e-031	8.24520825e-051	4.39720988e-070	
5.2	6.50828638e-008	4.48757693e-003	2.80077825e-001	6.55898298e-001	5.94131246e-002	1.23103471e-004	7.08294233e-009	1.15475778e-014	2.36209759e-022	8.88113932e-031	6.84903163e-050	3.70799179e-069	
5.21	5.60204681e-008	3.78308239e-003	2.54255612e-001	6.69661102e-001	7.21146669e-002	1.85465865e-004	1.43590722e-008	3.35889405e-014	1.08597825e-021	6.91726547e-030	5.41850656e-049	2.97818322e-068	
5.22	4.79963768e-008	3.17853084e-003	2.29896506e-001	6.79874763e-001	8.67742861e-002	2.75838160e-004	2.85555389e-008	9.51260254e-014	4.81451921e-021	5.13643343e-029	4.08691393e-048	2.28038943e-067	
5.23	4.09361049e-008	2.66147424e-003	2.07051249e-001	6.86373297e-001	1.03508828e-001	4.05056205e-004	5.57251785e-008	2.62418501e-013	2.05960459e-020	3.63965693e-028	2.94185009e-047	1.66648733e-066	
5.24	3.47574866e-008	2.22087754e-003	1.85722652e-001	6.89058428e-001	1.22410508e-001	5.87392840e-004	1.06745301e-007	7.05511228e-013	8.50851062e-020	2.46364638e-027	2.02269818e-046	1.16320558e-065	
5.25	2.93715580e-008	1.84670481e-003	1.65909359e-001	6.87882621e-001	1.43519910e-001	8.41174760e-004	2.00733769e-007	1.84906140e-012	3.39598908e-019	1.59417070e-026	1.32958357e-045	7.76263177e-065	
5.26	2.47053067e-008	1.53006130e-003	1.47599947e-001	6.82835175e-001	1.66844534e-001	1.18988740e-003	3.70731698e-007	4.72708177e-012	1.31060265e-018	9.87142732e-026	8.36349006e-045	4.95731733e-064	
5.27	2.06861021e-008	1.26333643e-003	1.30785605e-001	6.74150911e-001	1.92138308e-001	1.66114649e-003	6.71882102e-007	1.17794846e-011	4.88839906e-018	5.84793349e-025	5.03307814e-044	3.02887293e-063	
5.28	1.72445330e-008	1.03954793e-003	1.15430482e-001	6.61981667e-001	2.19257444e-001	2.28964617e-003	1.19568936e-006	2.86367032e-011	1.76394388e-017	3.31861461e-024	2.90139414e-043	1.77270980e-062	
5.29	1.43073730e-008	8.52296483e-004	1.01458080e-001	6.46435846e-001	2.48132992e-001	3.11867872e-003	2.09131316e-006	6.79928827e-011	6.16623914e-017	1.80669775e-023	1.60466982e-042	9.95390994e-062	
5.3	1.18163084e-008	6.96198719e-004	8.88025147e-002	6.27782168e-001	2.78517044e-001	4.19846693e-003	3.59624935e-006	1.57725318e-010	2.08932508e-016	9.44461350e-023	8.52171209e-042	5.36699338e-061	
5.31	9.71347916e-009	5.66653225e-004	7.74083642e-002	6.06366956e-001	3.10065272e-001	5.58666266e-003	6.08091698e-006	3.57614109e-010	6.86562953e-016	4.74402573e-022	4.34832789e-041	2.78043858e-060	
5.32	7.94899638e-009	4.59548817e-004	6.72027258e-002	5.82540502e-001	3.42436953e-001	7.35014615e-003	1.01153857e-005	7.92965412e-010	2.18973895e-015	2.29199603e-021	2.13427324e-040	1.38562179e-059	
5.33	6.47641370e-009	3.71402287e-004	5.81144289e-002	5.56724840e-001	3.75210298e-001	9.56246595e-003	1.65567529e-005	1.72020795e-009	6.78186050e-015	1.06581503e-020	1.00824428e-039	6.64586569e-059	
5.34	5.25372266e-009	2.99143683e-004	5.00612489e-002	5.29329580e-001	4.07976977e-001	1.23063632e-002	2.66788046e-005	3.65299899e-009	2.04145173e-014	4.77590799e-020	4.59001249e-039	3.07188629e-058	
5.35	4.24370960e-009	2.40168266e-004	4.29670119e-002	5.00791531e-001	4.40290205e-001	1.56687403e-002	4.23310519e-005	7.59679825e-009	5.97506611e-014	2.06326941e-019	2.01451808e-038	1.36893047e-057	
5.36	3.41420347e-009	1.92225708e-004	3.67470364e-002	4.71534563e-001	4.71715297e-001	1.97446883e-002	6.61706758e-005	1.54824685e-008	1.70210944e-013	8.60447002e-019	8.53533382e-038	5.88928022e-057	
5.37	2.73622626e-009	1.53387517e-004	3.13189898e-002	4.41949974e-001	5.01844593e-001	2.46310875e-002	1.01934354e-004	3.09321351e-008	4.72136108e-013	3.46594677e-018	3.49294726e-037	2.44706968e-056	
5.38	2.18508544e-009	1.22061165e-004	2.66075520e-002	4.12402340e-001	5.30283793e-001	3.04293509e-002	1.54840360e-004	6.06299613e-008	1.27639309e-012	1.35003318e-017	1.38229597e-036	9.83280671e-056	
5.39	1.73864721e-009	9.68573101e-005	2.25321828e-002	3.83213217e-001	5.56686607e-001	3.72390278e-002	2.31989643e-004	1.16629905e-007	3.36486164e-012	5.08838945e-017	5.29329281e-036	3.82352847e-055	
5.4	1.37897327e-009	7.66747819e-005	1.90279780e-002	3.54677702e-001	5.80719053e-001	4.51553944e-002	3.42976338e-004	2.20326529e-007	8.65637355e-012	1.85746445e-016	1.96320254e-035	1.43993145e-054	
5.41	1.09044280e-009	6.05621991e-005	1.60241425e-002	3.27007993e-001	6.02132026e-001	5.42742950e-002	5.00571469e-004	4.08944757e-007	2.17461795e-011	6.57326495e-016	1.61793997e-044	1.20498992e-063	
5.42	8.59665070e-010	4.77250430e-005	1.34599914e-002	3.00423752e-001	6.20722707e-001	6.46241923e-002	7.20885560e-004	7.45531113e-007	5.33372638e-011	2.25479743e-015	2.57036033e-043	1.94385565e-062	
5.43	6.75956123e-010	3.75363261e-005	1.12788065e-002	2.75052265e-001	6.36295237e-001	7.63092315e-002	1.02558601e-003	1.33665131e-006	1.27907071e-010	7.50901588e-015	3.83042553e-042	2.94150325e-061	
5.44	5.30025270e-010	2.94634767e-005	9.42885562e-003	2.50982429e-001	6.48729190e-001	8.93857048e-002	1.44199818e-003	2.35807186e-006	3.00094441e-010	2.42989091e-014	5.36420726e-041	4.18294390e-060	
5.45	4.14595617e-010	2.30855578e-005	7.86501382e-003	2.28288814e-001	6.57930013e-001	1.03884666e-001	2.00431204e-003	4.09508587e-006	6.89223810e-010	7.64585387e-014	7.06953806e-040	9.32901348e-070	
5.46	3.23462377e-010	1.80549430e-005	6.54658923e-003	2.07005750e-001	6.63851582e-001	1.19816207e-001	2.75481288e-003	7.00261318e-006	1.55012528e-009	2.34053045e-013	8.77862227e-039	5.57812408e-068	
5.47	2.51773117e-010	1.40954978e-005	5.43757870e-003	1.87135163e-001	6.66491316e-001	1.37164632e-001	3.74541271e-003	1.17972703e-005	3.41655598e-009	6.97653125e-013	1.02880939e-037	3.03929751e-066	
5.48	1.95628081e-010	1.09932720e-005	4.51053123e-003	1.68788204e-001	6.65769584e-001	1.55863781e-001	5.03731698e-003	1.95825442e-005	7.38097163e-009	2.02556960e-012	1.13909257e-036	1.51154817e-064	
5.49	1.51775432e-010	8.56596340e-006	3.73666359e-003	1.51917247e-001	6.61784107e-001	1.75817776e-001	6.70358416e-003	3.20405675e-005	1.56383777e-008	5.73225009e-012	1.19309689e-035	6.87733844e-063	
5.5	1.17481829e-010	6.66461743e-006	3.08970023e-003	1.36341567e-001	6.54724546e-001	1.96954686e-001	8.83110473e-003	5.16985751e-005	3.25115511e-008	1.58237328e-011	1.18400904e-034	2.86863732e-061	
5.51	9.07153879e-011	5.17738106e-006	2.55000895e-003	1.22007556e-001	6.44730122e-001	2.19114001e-001	1.15108355e-002	8.22324785e-005	6.63073428e-008	4.26004937e-011	1.11368789e-033	1.09840539e-059	
5.52	6.98823789e-011	4.01476328e-006	2.10001293e-003	1.08855945e-001	6.31956311e-001	2.42107610e-001	1.48469995e-002	1.28974253e-004	1.32714075e-007	1.11914247e-010	9.94156562e-033	3.86823977e-058	
5.53	5.37090078e-011	3.10796125e-006	1.72594476e-003	9.68406886e-002	6.16563688e-001	2.65702148e-001	1.89645408e-002	1.99620512e-004	2.60924189e-007	2.87180816e-010	8.43550685e-032	1.25584241e-056	
5.54	4.11779571e-011	2.40130505e-006	1.41525094e-003	8.58856546e-002	5.98752805e-001	2.89644303e-001	2.39940880e-002	3.04991835e-004	5.04095435e-007	7.20205354e-010	6.81160829e-031	3.76528504e-055	
5.55	3.14870438e-011	1.85140802e-006	1.15767300e-003	7.59308169e-002	5.78749713e-001	3.13628892e-001	3.00700632e-002	4.60031712e-004	9.57185052e-007	1.76579384e-009	5.23933535e-030	1.04443001e-053	
5.56	2.40169119e-011	1.42466724e-006	9.44785182e-004	6.69170399e-002	5.56775083e-001	3.37341063e-001	3.73336283e-002	6.85185267e-004	1.78704434e-006	4.23463728e-009	3.84296947e-029	2.68488542e-052	
5.57	1.82692514e-011	1.09381392e-006	7.69065003e-004	5.87794573e-002	5.33096859e-001	3.60420118e-001	4.59221714e-002	1.00794411e-003	3.28119791e-006	9.93592636e-009	2.69023625e-028	6.40533662e-051	
5.58	1.38577052e-011	8.37864250e-007	6.24370422e-004	5.14534255e-002	5.07970111e-001	3.82513236e-001	5.59676562e-002	1.46441511e-003	5.92542685e-006	2.28170385e-008	1.79904748e-027	1.42041338e-049	
5.59	1.04768341e-011	6.39998170e-007	5.05450757e-004	4.48833328e-002	4.81662977e-001	4.03246469e-001	6.75890654e-002	2.10148596e-003	1.05270047e-005	5.12950316e-008	1.15020412e-026	2.93244941e-048	
5.6	7.89824682e-012	4.87694944e-007	4.08050732e-004	3.90115638e-002	4.54462038e-001	4.22244664e-001	8.08794417e-002	2.97526251e-003	1.83790112e-005	1.12791411e-007	7.02749458e-026	5.63624153e-047	
5.61	5.93457126e-012	3.70563286e-007	3.28366301e-004	3.37789666e-002	4.26640482e-001	4.39150781e-001	9.59068867e-002	4.16231967e-003	3.15842722e-005	2.42982258e-007	4.11251644e-025	1.01151728e-045	
5.62	4.44409605e-012	2.80751327e-007	2.63400252e-004	2.91337194e-002	3.98467862e-001	4.53631184e-001	1.12695771e-001	5.75384126e-003	5.34286741e-005	5.12934014e-007	2.30671016e-024	1.69713716e-044	
5.63	3.31768348e-012	2.12148011e-007	2.10664124e-004	2.50370528e-002	3.70378958e-001	4.65234299e-001	1.31190532e-001	7.85825493e-003	8.89661244e-005	1.06113214e-006	1.24082090e-023	2.66513434e-043	
5.64	2.46921323e-012	1.59873045e-007	1.67980958e-004	2.14350264e-002	3.42466184e-001	4.73830150e-001	1.51345063e-001	1.06073904e-002	1.45892501e-004	2.15247196e-006	6.40781884e-023	3.92364227e-042	
5.65	1.83319546e-012	1.20243742e-007	1.33640179e-004	1.82923446e-002	3.14943586e-001	4.79225442e-001	1.73013574e-001	1.41513972e-002	2.35613749e-004	4.28187766e-006	3.17881610e-022	5.42152143e-041	
5.66	1.35566551e-012	9.01167152e-008	1.05908809e-004	1.55408392e-002	2.88027380e-001	4.81268584e-001	1.96011638e-001	1.86623516e-002	3.74852065e-004	8.35626205e-006	1.51612581e-021	7.04058072e-040	
5.67	9.98376217e-013	6.72832946e-008	8.35919007e-005	1.31413340e-002	2.61917574e-001	4.79884704e-001	2.20042757e-001	2.43264990e-002	5.87472889e-004	1.59993916e-005	6.95629128e-021	8.60246968e-039	
5.68	7.32031537e-013	5.00367936e-008	6.56958557e-005	1.10584930e-002	2.36781117e-001	4.75042116e-001	2.44771289e-001	3.13440886e-002	9.07088479e-004	3.00619300e-005	3.07224181e-020	9.90056607e-038	
5.69	5.34124721e-013	3.70594771e-008	5.14050443e-005	9.25906283e-003	2.12788914e-001	4.66771851e-001	2.69773566e-001	3.99197831e-002	1.37994747e-003	5.54334527e-005	1.30681718e-019	1.07442536e-036	
5.7	3.87721473e-013	2.73234388e-008	4.00349785e-005	7.71149716e-003	1.90037901e-001	4.55214302e-001	2.94574708e-001	5.02529876e-002	2.06821245e-003	1.00330332e-004	5.35633680e-019	1.10052719e-035	
5.71	2.80000143e-013	2.00478897e-008	3.10243996e-005	6.38740585e-003	1.68638531e-001	4.40546296e-001	3.18637393e-001	6.25269700e-002	3.05410268e-003	1.78256941e-004	2.11670804e-018	1.06504571e-034	
5.72	2.01202643e-013	1.46420267e-008	2.39248213e-005	5.26145318e-003	1.48696418e-001	4.23094908e-001	3.41300162e-001	7.68694219e-002	4.44284180e-003	3.10855411e-004	8.06728477e-018	9.74603285e-034	
5.73	1.43837266e-013	1.06425933e-008	1.83555726e-005	4.30950227e-003	1.30271006e-001	4.03235037e-001	3.61915155e-001	9.33530417e-002	6.36583909e-003	5.32053354e-004	2.96628720e-017	8.43905150e-033	
5.74	1.02253001e-013	7.69439913e-009	1.40038890e-005	3.50828216e-003	1.13337165e-001	3.81187587e-001	3.80042246e-001	1.12030454e-001	8.98617716e-003	8.94077554e-004	1.05303340e-016	6.92326403e-032	
5.75	7.22546610e-014	5.53147626e-009	1.06206157e-005	2.83732629e-003	9.78877570e-002	3.57322891e-001	3.95123532e-001	1.32843256e-001	1.24991652e-002	1.47544579e-003	3.61138827e-016	5.38669243e-031	
5.76	5.07386504e-014	3.95275509e-009	8.00395098e-006	2.27927128e-003	8.39106059e-002	3.32061283e-001	4.06626849e-001	1.55599288e-001	1.71243698e-002	2.39032590e-003	1.19654098e-015	3.97659188e-030	
5.77	3.53962470e-014	2.80719634e-009	5.99320299e-006	1.81764919e-003	7.13587436e-002	3.05804970e-001	4.14094540e-001	1.80008003e-001	2.31082749e-002	3.80182291e-003	3.83162795e-015	2.78774695e-029	
5.78	2.45292269e-014	1.98078543e-009	4.45751876e-006	1.43913349e-003	6.01779239e-002	2.78985902e-001	4.17151822e-001	2.05599311e-001	3.07058101e-002	5.93563862e-003	1.18613059e-014	1.85699774e-028	
5.79	1.68885073e-014	1.38905621e-009	3.29385162e-006	1.13146978e-003	5.03243150e-002	2.52012588e-001	4.15514265e-001	2.31760648e-001	4.01600511e-002	9.09336842e-003	3.54951246e-014	1.17579631e-027	
5.8	1.15349557e-014	9.66648450e-010	2.41474982e-006	8.82104242e-004	4.17030330e-002	2.25310114e-001	4.09066798e-001	2.57693732e-001	5.16772689e-002	1.36645338e-002	1.02671597e-013	7.07900812e-027	
5.81	7.81311555e-015	6.67208733e-010	1.75539623e-006	6.81576425e-004	3.42312205e-002	1.99330230e-001	3.97992841e-001	2.82294941e-001	6.53475340e-002	2.01199019e-002	2.86880290e-013	4.05124724e-026	
5.82	5.23905213e-015	4.56076148e-010	1.26390185e-006	5.21383391e-004	2.78033483e-002	1.74332708e-001	3.82298983e-001	3.04766502e-001	8.12363359e-002	2.90394753e-002	7.74858666e-013	2.20620773e-025	
5.83	3.47790637e-015	3.08690239e-010	9.00782604e-007	3.94604628e-004	2.23276529e-002	1.50615882e-001	3.62313790e-001	3.24064586e-001	9.92188870e-002	4.10636966e-002	2.02264951e-012	1.14348775e-024	
5.84	2.28313602e-015	2.06674879e-010	6.34913129e-007	2.95218162e-004	1.77156919e-002	1.28452858e-001	3.38529703e-001	3.39159024e-001	1.18988612e-001	5.68582587e-002	5.10154471e-012	5.64130494e-024	
5.85	1.48115441e-015	1.36771118e-010	4.42196368e-007	2.18146750e-004	1.38759805e-002	1.08052900e-001	3.11627880e-001	3.49146278e-001	1.40030763e-001	7.70476095e-002	1.24294758e-011	2.64930910e-023	
5.86	9.49037868e-016	8.94195167e-011	3.04177353e-007	1.59131306e-004	1.07230568e-002	8.96013884e-002	2.82453452e-001	3.53321454e-001	1.61615342e-001	1.02125871e-001	2.92468128e-011	1.18446928e-022	
5.87	6.00141665e-016	5.77106545e-011	2.06492948e-007	1.14512504e-004	8.17100917e-003	7.32066035e-002	2.51950699e-001	3.51332295e-001	1.82856393e-001	1.32368280e-001	6.64632462e-011	5.04342040e-022	
5.88	3.74491067e-016	3.67622463e-011	1.38327518e-007	8.12730405e-005	6.13782520e-003	5.89163600e-002	2.21123498e-001	3.43208358e-001	2.02795071e-001	1.67737477e-001	1.45878010e-010	2.04587419e-021	
5.89	2.30823372e-016	2.31343183e-011	9.15151524e-008	5.69351120e-005	4.54895702e-003	4.67451494e-002	1.90945348e-001	3.29377008e-001	2.20471134e-001	2.07855376e-001	3.09407838e-010	7.91355012e-021	
5.9	1.40414727e-016	1.43720903e-011	5.97558743e-008	3.93486478e-005	3.32421561e-003	3.65432111e-002	1.62300616e-001	3.10699073e-001	2.35081808e-001	2.52011668e-001	6.34669356e-010	2.92181559e-020	
5.91	8.44482453e-017	8.82865645e-012	3.85715258e-008	2.68725893e-005	2.39724315e-003	2.81716000e-002	1.35904947e-001	2.88311997e-001	2.46009897e-001	2.99177403e-001	1.26037363e-009	1.03116060e-019	
5.92	5.02125050e-017	5.36334163e-012	2.46154892e-008	1.81369630e-005	1.70757577e-003	2.14367679e-002	1.12213321e-001	2.63427124e-001	2.52988688e-001	3.48208360e-001	2.42677412e-009	3.48462659e-019	
5.93	2.95213642e-017	3.22621705e-012	1.55550673e-008	1.21161257e-005	1.20355984e-003	1.61216124e-002	9.14821014e-002	2.37331814e-001	2.55978936e-001	3.97869840e-001	4.53758278e-009	1.12967629e-018	
5.94	1.72028395e-017	1.92428142e-012	9.74487350e-009	8.02120892e-006	8.40268334e-004	1.19999048e-002	7.37474127e-002	2.11156177e-001	2.55232778e-001	4.47015420e-001	8.25505488e-009	3.52110542e-018	
5.95	9.95000782e-018	1.13942987e-012	6.05965172e-009	5.26884614e-006	5.81883720e-004	8.85406255e-003	5.88762210e-002	1.85806885e-001	2.51204303e-001	4.94671355e-001	1.46395029e-008	1.05745590e-017	
5.96	5.72305750e-018	6.71026909e-013	3.74621499e-009	3.43954720e-006	4.00300059e-004	6.48606487e-003	4.66265826e-002	1.61970848e-001	2.44443073e-001	5.40069662e-001	2.53551760e-008	3.06638978e-017	
5.97	3.28043706e-018	3.93870632e-013	2.30785609e-009	2.23665194e-006	2.74212682e-004	4.72821996e-003	3.67118143e-002	1.40080663e-001	2.35528286e-001	5.82674523e-001	4.29716409e-008	8.60436647e-017	
5.98	1.87520965e-018	2.30604877e-013	1.41782384e-009	1.44985366e-006	1.87187821e-004	3.43279746e-003	2.87634174e-002	1.20383404e-001	2.25066815e-001	6.22164855e-001	7.13812320e-008	2.34117613e-016	
5.99	1.07023124e-018	1.34810721e-013	8.69524856e-010	9.37870912e-007	1.27472231e-004	2.48479929e-003	2.24492894e-002	1.02934524e-001	2.13571512e-001	6.58431347e-001	1.16414196e-007	6.18732019e-016	
6	6.10675797e-019	7.88043581e-014	5.33073155e-010	6.06088350e-007	8.66895499e-005	1.79522729e-003	1.74746255e-002	8.76762724e-002	2.01507942e-001	6.91458450e-001	1.86671752e-007	1.59122339e-015	
