4	5.41133930e-002	9.38478266e-001	7.40834088e-003	1.62563799e-011	1.43861769e-030	1.00602636e-049	5.23972062e-069	1.67403215e-088	4.22735391e-108	7.20162506e-128	9.94699594e-148	1.23333820e-167	1.05413522e-187	6.67174187e-208	3.23870965e-228	1.23144853e-248	3.75441626e-269	9.45696792e-290	1.00000000e-300	1.00000000e-300	1.00000000e-300	1.00000000e-300	
4.01	4.96585105e-002	9.40073410e-001	1.02680797e-002	4.47502627e-011	4.02683908e-030	2.86771050e-049	1.52213933e-068	4.95552588e-088	1.27529103e-107	2.21370104e-127	3.11407295e-147	3.92106794e-167	3.41526691e-187	2.20197738e-207	1.08879419e-227	4.21196980e-248	1.30798391e-268	3.35466508e-289	1.00000000e-300	1.00000000e-300	1.00000000e-300	1.00000000e-300	
4.02	4.55630417e-002	9.40451200e-001	1.39857580e-002	1.19276552e-010	1.09137663e-029	7.91540929e-049	4.28137673e-068	1.42035522e-087	3.72513104e-107	6.58872094e-127	9.43983400e-147	1.20706272e-166	1.07151595e-186	7.03740938e-207	3.54422310e-227	1.39492408e-247	4.41222229e-268	1.15225694e-288	1.00000000e-300	1.00000000e-300	1.00000000e-300	1.00000000e-300	
4.03	4.17904338e-002	9.39502107e-001	1.87074585e-002	3.07718603e-010	2.86276494e-029	2.11445819e-048	1.16556870e-067	3.94039454e-087	1.05318719e-106	1.89807916e-126	2.76966506e-146	3.59659394e-166	3.25365835e-186	2.17694256e-206	1.11672441e-226	4.47154804e-247	1.44062246e-267	3.83072954e-288	1.00000000e-300	1.00000000e-300	1.00000000e-300	1.00000000e-300	
4.04	3.83136623e-002	9.37117507e-001	2.45688300e-002	7.68466791e-010	7.26957517e-029	5.46831290e-048	3.07174076e-067	1.05819924e-086	2.88235568e-106	5.29309647e-126	7.86633051e-146	1.03739127e-165	9.56385423e-186	6.51843936e-206	3.40601910e-226	1.38755005e-246	4.55337528e-267	1.23284109e-287	1.00000000e-300	1.00000000e-300	1.00000000e-300	1.00000000e-300	
4.05	3.51051154e-002	9.33220365e-001	3.16745174e-002	1.85799992e-009	1.78722578e-028	1.36910202e-047	7.83777206e-067	2.75135046e-086	7.63754847e-106	1.42910175e-125	2.16307705e-145	2.89704286e-165	2.72176143e-185	1.88971841e-205	1.00570432e-225	4.16837699e-246	1.39331383e-266	3.84108130e-287	1.00000000e-300	1.00000000e-300	1.00000000e-300	1.00000000e-300	
4.06	3.21404363e-002	9.27764335e-001	4.00952245e-002	4.35152695e-009	4.25618833e-028	3.32047771e-047	1.93715519e-066	6.92954817e-086	1.96032368e-105	3.73758066e-125	5.76173620e-145	7.83696437e-165	7.50379583e-185	5.30716163e-205	2.87697817e-225	1.21314703e-245	4.13028403e-266	1.15937797e-286	1.00000000e-300	1.00000000e-300	1.00000000e-300	1.00000000e-300	
4.07	2.94021728e-002	9.20733621e-001	4.98641962e-002	9.88108406e-009	9.82703536e-028	7.80790987e-047	4.64203916e-066	1.69207522e-085	4.87826564e-105	9.47714505e-125	1.48794138e-144	2.05545156e-164	2.00570995e-184	1.44503599e-204	7.97877527e-225	3.42304486e-245	1.18703224e-265	3.39278085e-286	1.00000000e-300	1.00000000e-300	1.00000000e-300	1.00000000e-300	
4.08	2.68730753e-002	9.12152373e-001	6.09745297e-002	2.17780468e-008	2.20222738e-027	1.78188153e-046	1.07960105e-065	4.01010715e-085	1.17819578e-104	2.33227583e-124	3.72943350e-144	5.23223645e-164	5.20309909e-184	3.81878833e-204	2.14767917e-224	9.37400885e-245	3.31108362e-265	9.63616782e-286	1.00000000e-300	1.00000000e-300	1.00000000e-300	1.00000000e-300	
4.09	2.45411223e-002	9.02083841e-001	7.33749899e-002	4.66428489e-008	4.79588394e-027	3.95210873e-046	2.44017580e-065	9.23644272e-085	2.76556762e-104	5.57821537e-124	9.08459744e-144	1.29445255e-163	1.31183436e-183	9.80810733e-204	5.61843807e-224	2.49497672e-244	8.97635084e-265	2.65989594e-285	1.00000000e-300	1.00000000e-300	1.00000000e-300	1.00000000e-300	
4.1	2.23899525e-002	8.90601330e-001	8.70086202e-002	9.72356895e-008	1.01658867e-026	8.53129127e-046	5.36795524e-065	2.07041125e-084	6.31781529e-104	1.29846582e-123	2.15373587e-143	3.11683918e-163	3.21904382e-183	2.45167084e-203	1.43054665e-223	6.46311849e-244	2.36848376e-264	7.14625641e-285	1.00000000e-300	1.00000000e-300	1.00000000e-300	1.00000000e-300	
4.11	2.04107578e-002	8.77800058e-001	1.01788987e-001	1.97583780e-007	2.10045798e-026	1.79510980e-045	1.15108035e-064	4.52415338e-084	1.40689535e-103	2.94625430e-123	4.97711720e-143	7.31552465e-163	7.69982281e-183	5.97394896e-203	3.55042729e-223	1.63200519e-243	6.09161729e-264	1.87146461e-284	1.00000000e-300	1.00000000e-300	1.00000000e-300	1.00000000e-300	
4.12	1.85914064e-002	8.63769666e-001	1.17638536e-001	3.91985776e-007	4.23713438e-026	3.68799233e-045	2.40997996e-064	9.65227474e-084	3.05897025e-103	6.52733496e-123	1.12304032e-142	1.67655493e-162	1.79833841e-182	1.42127433e-202	8.60387632e-223	4.02369935e-243	1.52980737e-263	4.78543347e-284	1.00000000e-300	1.00000000e-300	1.00000000e-300	1.00000000e-300	
4.13	1.69192323e-002	8.48623849e-001	1.34456158e-001	7.60249955e-007	8.35595611e-026	7.40644931e-045	4.93204322e-064	2.01291455e-083	6.50124200e-103	1.41352858e-122	2.47691978e-142	3.75569708e-162	4.10548434e-182	3.30554295e-202	2.03819395e-222	9.69737345e-243	3.75532411e-263	1.19611546e-283	1.00000000e-300	1.00000000e-300	1.00000000e-300	1.00000000e-300	
4.14	1.53853546e-002	8.32436601e-001	1.52176600e-001	1.44379820e-006	1.61357898e-025	1.45656163e-044	9.88504672e-064	4.11106123e-083	1.35312396e-102	2.99774904e-122	5.34997063e-142	8.23934367e-162	9.17879315e-182	7.52792024e-202	4.72799915e-222	2.28870130e-242	9.02769525e-263	2.92783786e-283	1.00000000e-300	1.00000000e-300	1.00000000e-300	1.00000000e-300	
4.15	1.39782277e-002	8.15298568e-001	1.70720516e-001	2.68817006e-006	3.05477342e-025	2.80821237e-044	1.94218990e-063	8.23101329e-083	2.76097319e-102	6.23272652e-122	1.13287284e-141	1.77213516e-161	2.01191521e-181	1.68093844e-201	1.07531886e-221	5.29583283e-242	2.12769499e-262	7.02626970e-283	1.00000000e-300	1.00000000e-300	1.00000000e-300	1.00000000e-300	
4.16	1.26892182e-002	7.97291848e-001	1.90014021e-001	4.91257097e-006	5.67638539e-025	5.31446998e-044	3.74548593e-063	1.61750126e-082	5.52935174e-102	1.27184629e-121	2.35444249e-141	3.74089181e-161	4.32823304e-181	3.68391611e-201	2.40041449e-221	1.20273298e-241	4.92197161e-262	1.65494489e-282	1.00000000e-300	1.00000000e-300	1.00000000e-300	1.00000000e-300	
4.17	1.15091742e-002	7.78488467e-001	2.09993538e-001	8.82098493e-006	1.03638515e-024	9.88162806e-044	7.09734113e-063	3.12327985e-082	1.08806126e-101	2.55012366e-121	4.80792545e-141	7.75934905e-161	9.14909686e-181	7.93228443e-201	5.26467407e-221	2.68373048e-241	1.11864052e-261	3.82978028e-282	1.00000000e-300	1.00000000e-300	1.00000000e-300	1.00000000e-300	
4.18	1.04297103e-002	7.58958767e-001	2.30595944e-001	1.55787964e-005	1.86113258e-024	1.80710028e-043	1.32272016e-062	5.93148053e-082	2.10582615e-101	5.02907877e-121	9.65663467e-141	1.58300296e-160	1.90219053e-180	1.68008350e-200	1.13572872e-220	5.89040361e-241	2.50091437e-261	8.71824014e-282	1.00000000e-300	1.00000000e-300	1.00000000e-300	1.00000000e-300	
4.19	9.44323337e-003	7.38784924e-001	2.51744766e-001	2.70770383e-005	3.28916187e-024	3.25273128e-043	2.42632499e-062	1.10872098e-081	4.01143665e-101	9.76137402e-121	1.90890449e-140	3.17859378e-160	3.89252107e-180	3.50204325e-200	2.41137730e-220	1.27236033e-240	5.50233666e-261	1.95305316e-281	1.00000000e-300	1.00000000e-300	1.00000000e-300	1.00000000e-300	
4.2	8.54177638e-003	7.18023480e-001	2.73388383e-001	4.63599600e-005	5.72620892e-024	5.76674917e-043	4.38369378e-062	2.04120589e-081	7.52657041e-101	1.86619980e-120	3.71678908e-140	6.28664301e-160	7.84575057e-180	7.19067965e-200	5.04325968e-220	2.70735435e-240	1.19250951e-260	4.30991186e-281	1.00000000e-300	1.00000000e-300	1.00000000e-300	1.00000000e-300	
4.21	7.71908684e-003	6.96744036e-001	2.95458632e-001	7.82449660e-005	9.82693016e-024	1.00785926e-042	7.80741546e-062	3.70458622e-081	1.39207358e-100	3.51702479e-120	7.13377983e-140	1.22567219e-159	1.55886372e-179	1.45538579e-199	1.03970981e-219	5.67868156e-240	2.54775071e-260	9.37569262e-281	1.00000000e-300	1.00000000e-300	1.00000000e-300	1.00000000e-300	
4.22	6.96856972e-003	6.75033180e-001	3.17868010e-001	1.30239631e-004	1.66319271e-023	1.73717917e-042	1.37142115e-061	6.63098902e-081	2.53934401e-100	6.53695107e-120	1.35033073e-139	2.35672152e-159	3.05464735e-179	2.90531420e-199	2.11403202e-219	1.17472328e-239	5.36844567e-260	2.01155788e-280	1.00000000e-300	1.00000000e-300	1.00000000e-300	1.00000000e-300	
4.23	6.28476503e-003	6.52950512e-001	3.40550809e-001	2.13914262e-004	2.77767441e-023	2.95462702e-042	2.37701289e-061	1.17117308e-080	4.57060991e-100	1.19887995e-119	2.52204634e-139	4.47131697e-159	5.90623733e-179	5.72254368e-199	4.24112034e-219	2.39773877e-239	1.11610984e-259	4.25817345e-280	1.33917459e-300	1.00000000e-300	1.00000000e-300	1.00000000e-300	
4.24	5.66217761e-003	6.30578208e-001	3.63412758e-001	3.46855430e-004	4.57961460e-023	4.96096389e-042	4.06736402e-061	2.04215696e-080	8.12184600e-100	2.17074596e-119	4.65036946e-139	8.37512058e-159	1.12741574e-178	1.11272774e-198	8.39984703e-219	4.83138562e-239	2.29062470e-259	8.89839445e-280	2.85049635e-300	1.00000000e-300	1.00000000e-300	1.00000000e-300	
4.25	5.09572497e-003	6.07977477e-001	3.86371340e-001	5.55458023e-004	7.45711364e-023	8.22672363e-042	6.87335920e-061	3.51668417e-080	1.42537458e-099	3.88173906e-119	8.46801714e-139	1.54921645e-158	2.12532953e-178	2.13682565e-198	1.64308009e-218	9.61484046e-239	4.64328027e-259	1.83659531e-279	5.99254540e-300	1.00000000e-300	1.00000000e-300	1.00000000e-300	
4.26	4.58087760e-003	5.85223074e-001	4.09317192e-001	8.78856415e-004	1.19972209e-022	1.34788119e-041	1.14762128e-060	5.98311493e-080	2.47134033e-099	6.85759567e-119	1.52333467e-138	2.83116133e-158	3.95822685e-178	4.05398190e-198	3.17511114e-218	1.89039720e-238	9.29855976e-259	3.74488915e-279	1.24452134e-299	1.00000000e-300	1.00000000e-300	1.00000000e-300	
4.27	4.11329748e-003	5.62367498e-001	4.32144943e-001	1.37426174e-003	1.90753114e-022	2.18252991e-041	1.89373528e-060	1.00607516e-079	4.23485778e-099	1.19733602e-118	2.70816978e-138	5.11303436e-158	7.28508137e-178	7.60074011e-198	6.06361397e-218	3.67291415e-238	1.84022955e-258	7.54625418e-279	2.55415610e-299	1.00000000e-300	1.00000000e-300	1.00000000e-300	
4.28	3.68888055e-003	5.39468186e-001	4.54718563e-001	2.12437043e-003	2.99827874e-022	3.49356086e-041	3.08918637e-060	1.67236161e-079	7.17382297e-099	2.06666944e-118	4.75906011e-138	9.12798993e-158	1.32541346e-177	1.40868056e-197	1.14461734e-217	7.05378285e-238	3.59978711e-258	1.50304264e-278	5.18111905e-299	1.00000000e-300	1.00000000e-300	1.00000000e-300	
4.29	3.30386985e-003	5.16553592e-001	4.76895187e-001	3.24735108e-003	4.66024379e-022	5.52987137e-041	4.98321291e-060	2.74905550e-079	1.20166783e-098	3.52715910e-118	8.26865250e-138	1.61116356e-157	2.38415395e-177	2.58128683e-197	2.13629631e-217	1.33945470e-237	6.96254655e-258	2.95988885e-278	1.03903144e-298	1.00000000e-300	1.00000000e-300	1.00000000e-300	
4.3	2.95523885e-003	4.93645856e-001	4.98489750e-001	4.90915498e-003	7.16351230e-022	8.65628941e-041	7.94957242e-060	4.46881355e-079	1.99065150e-098	5.95326125e-118	1.42058874e-137	2.81210037e-157	4.24077509e-177	4.67720510e-197	3.94301560e-217	2.51515953e-237	1.33168821e-257	5.76413546e-278	2.06038585e-298	1.00000000e-300	1.00000000e-300	1.00000000e-300	
4.31	2.63996458e-003	4.70734751e-001	5.19285482e-001	7.33980208e-003	1.08903988e-021	1.34012586e-040	1.25421232e-059	7.18458107e-079	3.26112345e-098	9.93669353e-118	2.41316597e-137	4.85302358e-157	7.45838750e-177	8.37964575e-197	7.19529946e-217	4.66954342e-237	2.51822436e-257	1.10978994e-277	4.03927185e-298	1.00000000e-300	1.00000000e-300	1.00000000e-300	
4.32	2.35364603e-003	4.47796696e-001	5.38996023e-001	1.08536357e-002	1.63749370e-021	2.05194569e-040	1.95702974e-059	1.14232416e-078	5.28340112e-098	1.64014563e-117	4.05294462e-137	8.28061012e-157	1.29692553e-176	1.48435504e-196	1.29819402e-216	8.57176638e-237	4.70846821e-257	2.11274711e-277	7.82875870e-298	1.00000000e-300	1.00000000e-300	1.00000000e-300	
4.33	2.09354921e-003	4.24790323e-001	5.57244356e-001	1.58717718e-002	2.43480629e-021	3.10680910e-040	3.01954427e-059	1.79606488e-078	8.46401922e-098	2.67687758e-117	6.72903542e-137	1.39673193e-156	2.22938489e-176	2.59925952e-196	2.31559868e-216	1.55555467e-236	8.70337756e-257	3.97614215e-277	1.49992159e-297	1.00000000e-300	1.00000000e-300	1.00000000e-300	
4.34	1.85680469e-003	4.01624612e-001	5.73574677e-001	2.29439066e-002	3.57889012e-021	4.64990206e-040	4.60568746e-059	2.79149491e-078	1.34032502e-097	4.31833564e-117	1.10398191e-136	2.32809344e-156	3.78699565e-176	4.49777979e-196	4.08109953e-216	2.78916042e-236	1.58953691e-256	7.39319494e-277	2.83884151e-297	1.00000000e-300	1.00000000e-300	1.00000000e-300	
4.35	1.64102529e-003	3.78185365e-001	5.87400880e-001	3.27727295e-002	5.19797769e-021	6.87617759e-040	6.94051618e-059	4.28638598e-078	2.09664742e-097	6.88102205e-117	1.78834682e-136	3.83156965e-156	6.35175579e-176	7.68484603e-196	7.10244550e-216	4.93842685e-236	2.86651199e-256	1.35737853e-276	5.30453919e-297	1.00000000e-300	1.00000000e-300	1.00000000e-300	
4.36	1.44361391e-003	3.54346233e-001	5.97989194e-001	4.62209593e-002	7.45415184e-021	1.00389913e-039	1.03262681e-058	6.49818646e-078	3.23759975e-097	1.08223016e-116	2.85820347e-136	6.22173637e-156	1.05111102e-175	1.29547681e-195	1.21950185e-215	8.62692310e-236	5.10046299e-256	2.45876542e-276	9.77756958e-297	1.00000000e-300	1.00000000e-300	1.00000000e-300	
4.37	1.26280195e-003	3.29968951e-001	6.04466266e-001	6.43019807e-002	1.05444198e-020	1.44558962e-039	1.51532487e-058	9.71611225e-078	4.93028480e-097	1.67839482e-116	4.50213204e-136	9.95716475e-156	1.71429932e-175	2.15234447e-195	2.06380714e-215	1.48539452e-235	8.94546532e-256	4.38998151e-276	1.77616989e-296	1.00000000e-300	1.00000000e-300	1.00000000e-300	
4.38	1.09656396e-003	3.04915841e-001	6.05855963e-001	8.81316314e-002	1.46949731e-020	2.05048043e-039	2.19040340e-058	1.43107500e-077	7.39420794e-097	2.56307253e-116	6.97871465e-136	1.56818000e-155	2.75148262e-175	3.51910499e-195	3.43696160e-215	2.51681430e-235	1.54386842e-255	7.71278623e-276	3.17424736e-296	1.00000000e-300	1.00000000e-300	1.00000000e-300	
4.39	9.43656067e-004	2.79112775e-001	6.01123880e-001	1.18819689e-001	2.01447347e-020	2.86033036e-039	3.11375923e-058	2.07266140e-077	1.09018588e-096	3.84708125e-116	1.06246548e-135	2.42572027e-155	4.33745243e-175	5.65118292e-195	5.62194879e-215	4.18829530e-235	2.61686679e-255	1.33072301e-275	5.56997617e-296	1.00000000e-300	1.00000000e-300	1.00000000e-300	
4.4	8.03350133e-004	2.52640634e-001	5.89264193e-001	1.57291822e-001	2.71155396e-020	3.91678915e-039	4.34513229e-058	2.94665149e-077	1.57726769e-096	5.66486258e-116	1.58559705e-135	3.67811141e-155	6.70258659e-175	8.89586115e-195	9.01403515e-215	6.83243777e-235	4.34799400e-255	2.25051449e-275	9.57788013e-296	1.00000000e-300	1.00000000e-300	1.00000000e-300	
4.41	6.75151872e-004	2.25660273e-001	5.69577295e-001	2.04087281e-001	3.57734059e-020	5.25515343e-039	5.94091302e-058	4.10454126e-077	2.23485858e-096	8.16655184e-116	2.31438866e-135	5.45499013e-155	1.01303486e-174	1.36965086e-194	1.41361426e-214	1.09007886e-234	7.06604561e-255	3.72230185e-275	1.61034041e-295	1.00000000e-300	1.00000000e-300	1.00000000e-300	
4.42	5.59056225e-004	1.98523844e-001	5.41823052e-001	2.59094048e-001	4.61777373e-020	6.89569890e-039	7.94398749e-058	5.59042047e-077	3.09478547e-096	1.15017857e-115	3.29667966e-135	7.89510408e-155	1.49420949e-174	2.05794136e-194	2.16345296e-214	1.69735836e-234	1.12066444e-254	6.00795818e-275	2.64144127e-295	1.00000000e-300	1.00000000e-300	1.00000000e-300	
4.43	4.55387969e-004	1.71738537e-001	5.06476970e-001	3.21329105e-001	5.82318379e-020	8.83451739e-039	1.03712212e-057	7.43403430e-077	4.18159202e-096	1.57980733e-115	4.57371625e-135	1.11296173e-154	2.14662707e-174	3.01175316e-194	3.22495493e-214	2.57419774e-234	1.73113500e-254	9.44375647e-275	4.21822247e-295	1.00000000e-300	1.00000000e-300	1.00000000e-300	
4.44	3.64522488e-004	1.45942488e-001	4.64703518e-001	3.88989472e-001	7.16753831e-020	1.10400602e-038	1.32066036e-057	9.63985661e-077	5.50502919e-096	2.11293052e-115	6.17004095e-135	1.52557634e-154	2.99867585e-174	4.28578186e-194	4.67436154e-214	3.79597331e-234	2.60015981e-254	1.44325034e-274	6.54713455e-295	1.00000000e-300	1.00000000e-300	1.00000000e-300	
4.45	2.86613669e-004	1.21776947e-001	4.18406974e-001	4.59529465e-001	8.60912874e-020	1.34511331e-038	1.63962226e-057	1.21859700e-076	7.05860172e-096	2.75039032e-115	8.08771818e-135	2.03193683e-154	4.07030475e-174	5.92613236e-194	6.58349426e-214	5.43955569e-234	3.79512712e-254	2.14292892e-274	9.86933597e-295	1.00000000e-300	1.00000000e-300	1.00000000e-300	
4.46	2.21486097e-004	9.98285393e-002	3.69843974e-001	5.30106001e-001	1.00976418e-019	1.59866407e-038	1.98557278e-057	1.50205974e-076	8.81542194e-096	3.48421878e-115	1.02982851e-134	2.62905850e-154	5.36706849e-174	7.96017515e-194	9.00727032e-214	7.57167983e-234	5.38105311e-254	3.09060543e-274	1.44454565e-294	1.00000000e-300	1.00000000e-300	1.00000000e-300	
4.47	1.68493249e-004	8.04956489e-002	3.21354501e-001	5.97981357e-001	1.15807064e-019	1.85540669e-038	2.34793249e-057	1.80749230e-076	1.07326898e-095	4.29840596e-115	1.27450808e-134	3.30620271e-154	6.87832132e-174	1.03920972e-193	1.19774299e-213	1.02432480e-233	7.41458413e-254	4.33094867e-274	2.05365294e-294	1.00000000e-300	1.00000000e-300	1.00000000e-300	
4.48	1.26370900e-004	6.39676210e-002	2.75012092e-001	6.60893917e-001	1.30125404e-019	2.10637299e-038	2.71562302e-057	2.12639810e-076	1.27543072e-095	5.16954736e-115	1.53430901e-134	4.04436042e-154	8.57473693e-174	1.31971818e-193	1.54929232e-213	1.34803125e-233	9.93903454e-254	5.90274055e-274	2.83826540e-294	1.00000000e-300	1.00000000e-300	1.00000000e-300	
4.49	9.36502752e-005	5.02108915e-002	2.32326492e-001	7.17368966e-001	1.43588664e-019	2.34384552e-038	3.07829621e-057	2.45067766e-076	1.48193606e-095	6.07002564e-115	1.79900585e-134	4.81880870e-154	1.04120669e-173	1.63244598e-193	1.95200944e-213	1.72790072e-233	1.29761244e-253	7.83440461e-274	3.81812204e-294	1.00000000e-300	1.00000000e-300	1.00000000e-300	
4.5	6.87416066e-005	3.90254545e-002	1.94221537e-001	7.66684266e-001	1.59320943e-009	2.61653709e-028	3.50024359e-047	2.83145412e-066	1.72250525e-085	7.11837857e-105	2.10142840e-124	5.71988460e-144	1.25949808e-163	2.01159216e-183	2.45002395e-203	2.20663239e-223	1.68793115e-243	1.03566766e-263	5.11365062e-284	1.00000000e-300	1.00000000e-300	1.00000000e-300	
4.51	5.01007786e-005	3.01057189e-002	1.61059825e-001	8.08784352e-001	3.19117883e-009	5.25885572e-028	7.16445836e-047	5.88408209e-066	3.59179715e-085	1.49471375e-104	4.38332479e-124	1.21240383e-143	2.72071232e-163	4.42651361e-183	5.49140731e-203	5.03152585e-223	3.92016038e-243	2.44383790e-263	1.22185786e-283	1.00000000e-300	1.00000000e-300	1.00000000e-300	
4.52	3.63328700e-005	2.31020834e-002	1.32782363e-001	8.44079215e-001	6.23483529e-009	1.02776528e-027	1.42566969e-046	1.18786010e-065	7.25455049e-085	3.03334608e-104	8.81146284e-124	2.47673015e-143	5.66407516e-163	9.38739937e-183	1.18620629e-202	1.10581364e-222	8.77560228e-243	5.55664046e-263	2.81178042e-283	1.00000000e-300	1.00000000e-300	1.00000000e-300	
4.53	2.62710335e-005	1.76698369e-002	1.09047550e-001	8.73256330e-001	1.19099399e-008	1.95681189e-027	2.76307807e-046	2.33289266e-065	1.42084942e-084	5.95494308e-104	1.70844132e-123	4.87986668e-143	1.13731249e-162	1.92016290e-182	2.47137935e-202	2.34387268e-222	1.89465094e-242	1.21811170e-262	6.23521550e-283	1.00000000e-300	1.00000000e-300	1.00000000e-300	
4.54	1.89713171e-005	1.34933675e-002	8.93647972e-002	8.97122842e-001	2.22864569e-008	3.63492578e-027	5.22289468e-046	4.46324960e-065	2.70107093e-084	1.13152818e-103	3.19658790e-123	9.27865053e-143	2.20385030e-162	3.79033142e-182	4.96903659e-202	4.79497885e-222	3.94810939e-242	2.57642221e-262	1.33327583e-282	1.00000000e-300	1.00000000e-300	1.00000000e-300	
4.55	1.37021277e-005	1.03024692e-002	7.31855225e-002	9.16498265e-001	4.09231078e-008	6.59592666e-027	9.64006703e-046	8.32547459e-065	4.98650850e-084	2.08170180e-103	5.77288354e-123	1.70291550e-142	4.12198460e-162	7.22166964e-182	9.64316474e-202	9.46707711e-222	7.93951451e-242	5.25656416e-262	2.74867400e-282	1.00000000e-300	1.00000000e-300	1.00000000e-300	
4.56	9.90902177e-006	7.87380858e-003	5.99627037e-002	9.32153505e-001	7.38360679e-008	1.17021789e-026	1.73878232e-045	1.51488266e-064	8.94158105e-084	3.70743057e-103	1.00619621e-122	3.01635654e-142	7.44081242e-162	1.32798137e-181	1.80618760e-201	1.80402277e-221	1.54097785e-241	1.03469942e-261	5.46390360e-282	1.00000000e-300	1.00000000e-300	1.00000000e-300	
4.57	7.18277731e-006	6.02990565e-003	4.92032608e-002	9.44759520e-001	1.31055592e-007	2.03149169e-026	3.06677288e-045	2.69015165e-064	1.55770217e-083	6.39214647e-103	1.69265609e-122	5.15676363e-142	1.29638585e-161	2.35689377e-181	3.26516461e-201	3.31802068e-221	2.88699267e-241	1.96487625e-261	1.04720793e-281	1.00000000e-300	1.00000000e-300	1.00000000e-300	
4.58	5.22324895e-006	4.63131020e-003	4.04722719e-002	9.54890966e-001	2.29035729e-007	3.45266113e-026	5.29151578e-045	4.66253923e-064	2.63584105e-083	1.06640816e-102	2.74712940e-122	8.50557123e-142	2.17912770e-161	4.03579535e-181	5.69480633e-201	5.88762608e-221	5.21767643e-241	3.59790127e-261	1.93414755e-281	1.00000000e-300	1.00000000e-300	1.00000000e-300	
4.59	3.81237250e-006	3.56917140e-003	3.33980106e-002	9.63028611e-001	3.94383146e-007	5.74760111e-026	8.93428016e-045	7.88689986e-064	4.33179539e-083	1.72108363e-102	4.30088120e-122	1.35332951e-141	3.53340517e-161	6.66604756e-181	9.58095832e-201	1.00776875e-220	9.09702793e-241	6.35178602e-261	3.44214275e-281	1.00000000e-300	1.00000000e-300	1.00000000e-300	
4.6	2.79334145e-006	2.76018797e-003	2.76647726e-002	9.69571576e-001	6.69568684e-007	9.37666205e-026	1.47663969e-044	1.30203659e-063	6.91322389e-083	2.68620760e-102	6.49407118e-122	2.07670723e-141	5.52565583e-161	1.06191137e-180	1.55459298e-200	1.66364490e-220	1.52964776e-240	1.08079401e-260	5.90114119e-281	1.00000000e-300	1.00000000e-300	1.00000000e-300	
4.61	2.05827714e-006	2.14527530e-003	2.30199894e-002	9.74831556e-001	1.12119384e-006	1.49962394e-025	2.38934395e-044	2.09775588e-063	1.07137685e-082	4.05425283e-102	9.45840993e-122	3.07400628e-141	8.33561007e-161	1.63184160e-180	2.43333273e-200	2.64930400e-220	2.48108634e-240	1.77296437e-260	9.74691793e-281	1.00000000e-300	1.00000000e-300	1.00000000e-300	
4.62	1.52558124e-006	1.67675588e-003	1.92536994e-002	9.79066167e-001	1.85237814e-006	2.35231582e-025	3.78587540e-044	3.29751363e-063	1.61216077e-082	5.91640342e-102	1.32890174e-121	4.38958095e-141	1.21306056e-160	2.41905747e-180	3.67414562e-200	4.06981282e-220	3.88229783e-240	2.80411545e-260	1.55137784e-280	1.26746556e-300	1.00000000e-300	1.00000000e-300	
4.63	1.13802845e-006	1.31862494e-003	1.61964544e-002	9.82480762e-001	3.02016186e-006	3.62060260e-025	5.87512186e-044	5.05691329e-063	2.35577811e-082	8.34938193e-102	1.80176563e-121	6.04883214e-141	1.70351249e-160	3.46045439e-180	5.35342573e-200	6.03311665e-220	5.86194777e-240	4.27660887e-260	2.37959541e-280	1.97378518e-300	1.00000000e-300	1.00000000e-300	
4.64	8.55018857e-007	1.04413333e-003	1.37119170e-002	9.85238234e-001	4.86051507e-006	5.47133490e-025	8.93206253e-044	7.56633844e-063	3.34379461e-082	1.13994293e-101	2.35900696e-121	8.04902061e-141	2.31014885e-160	4.78024468e-180	7.53245199e-200	8.63644930e-220	8.54670886e-240	6.29313663e-260	3.51984822e-280	2.96458201e-300	1.00000000e-300	1.00000000e-300	
4.65	6.47306620e-007	8.32894022e-004	1.16900035e-002	9.87468735e-001	7.72032529e-006	8.12024748e-025	1.33038116e-043	1.10432569e-062	4.61115575e-082	1.50627372e-101	2.98431582e-121	1.03492711e-140	3.02707629e-160	6.38031423e-180	1.02402886e-199	1.19452315e-219	1.20410785e-239	8.94250168e-260	5.02500656e-280	4.29708104e-300	1.00000000e-300	1.00000000e-300	
4.66	4.94157457e-007	6.69776417e-004	1.00426230e-002	9.89275001e-001	1.21052510e-005	3.45734023e-013	5.45254389e-023	4.41501530e-042	1.73546199e-061	5.41249372e-081	1.02526827e-100	3.61378968e-120	1.07719974e-139	2.31272889e-159	3.78082213e-179	4.48698361e-199	4.60694855e-219	3.44831478e-239	1.94578195e-259	1.68948681e-279	1.17024784e-299	1.00000000e-300	
4.67	3.82301144e-007	5.45681963e-004	8.73712298e-003	9.90698080e-001	1.87327858e-005	8.51442396e-013	2.56894960e-022	2.01977326e-041	7.45001386e-061	2.21094903e-080	3.99961836e-100	1.43283598e-119	4.35261090e-139	9.51868895e-159	1.58496885e-178	1.91370512e-198	2.00134397e-218	1.50862654e-238	8.54407058e-259	7.53312518e-279	5.29569433e-299	1.00000000e-300	
4.68	2.99078448e-007	4.49459637e-004	7.68163044e-003	9.91840001e-001	2.86095942e-005	2.03808615e-012	1.15533743e-021	8.77982699e-041	3.03034791e-060	8.53186527e-080	1.47263623e-099	5.36225551e-119	1.66003824e-138	3.69776633e-158	6.27143979e-178	7.70371436e-198	8.20609127e-218	6.22475254e-238	3.53659027e-258	3.16586722e-278	2.25859115e-298	1.00000000e-300	
4.69	2.36354558e-007	3.73848451e-004	6.81733176e-003	9.92765465e-001	4.31183004e-005	4.74497584e-012	4.96317429e-021	3.62884718e-040	1.16931339e-059	3.11492952e-079	5.12644337e-099	1.89734756e-118	5.98607887e-138	1.35815743e-157	2.34618130e-177	2.93206690e-197	3.18122006e-217	2.42637485e-237	1.38231348e-257	1.25653438e-277	9.09741084e-298	1.00000000e-300	
4.7	1.88708277e-007	3.14100184e-004	6.10918046e-003	9.93512414e-001	6.41168092e-005	1.07511611e-011	2.03803610e-020	1.42739607e-039	4.28595984e-059	1.07779506e-078	1.69055285e-098	6.35952618e-118	2.04473223e-137	4.72508257e-157	8.31368447e-177	1.05702137e-196	1.16812139e-216	8.95112180e-237	5.11142177e-257	4.71794514e-277	3.46678312e-297	1.00000000e-300	
4.71	1.52265810e-007	2.66649783e-004	5.52926809e-003	9.94109870e-001	9.40597641e-005	2.37280174e-011	8.00577345e-020	5.34823532e-039	1.49425439e-058	3.54029993e-078	5.29105817e-098	2.02311711e-117	6.62904127e-137	1.56021495e-156	2.79603403e-176	3.61660569e-196	4.07087459e-216	3.13168289e-236	1.79178561e-256	1.67943163e-276	1.25237258e-296	1.00000000e-300	
4.72	1.24188139e-007	2.28735855e-004	5.05500976e-003	9.94580012e-001	1.36118027e-004	5.10383701e-011	3.01075285e-019	1.91098245e-038	4.96281736e-058	1.10604354e-077	1.57493242e-097	6.12123448e-117	2.04402260e-136	4.89961791e-156	8.94319335e-176	1.17684436e-195	1.34922081e-215	1.04122612e-235	5.96691189e-256	5.67898723e-276	4.29803015e-296	1.00000000e-300	
4.73	1.02391548e-007	1.98245028e-004	4.66764678e-003	9.94939708e-001	1.94297288e-004	1.07062205e-010	1.08484199e-018	6.51830794e-038	1.57245747e-057	3.29248407e-077	4.46729271e-097	1.76489124e-116	6.00589138e-136	1.46613890e-155	2.72562120e-175	3.64875662e-195	4.26072448e-215	3.29573366e-235	1.89105673e-255	1.82763770e-275	1.40382341e-295	1.00000000e-300	
4.74	8.53071603e-008	1.73574110e-004	4.35216342e-003	9.95200616e-001	2.73561421e-004	2.19150657e-010	3.74817033e-018	2.12505405e-037	4.76053238e-057	9.35657615e-077	1.21000118e-096	4.85905222e-116	1.68512302e-135	4.18913891e-155	7.93187205e-175	1.08019502e-194	1.28473819e-214	9.95380949e-235	5.71696599e-255	5.61036898e-275	4.37353366e-295	1.00000000e-300	
4.75	7.17696968e-008	1.53426745e-004	4.09568939e-003	9.95370837e-001	3.79974268e-004	4.38113837e-010	1.24329029e-017	2.49712538e-028	5.19466077e-048	9.57788327e-068	1.18104039e-087	4.82096658e-107	1.70388301e-126	4.31330027e-146	8.31768184e-166	1.15230481e-185	1.39587021e-205	1.08240556e-225	6.22179432e-246	6.20071189e-266	4.90601463e-286	1.00000000e-300	
4.76	6.09233696e-008	1.36805847e-004	3.88849676e-003	9.95453922e-001	5.20714023e-004	8.55920525e-010	3.96300907e-017	1.44543192e-027	2.79299722e-047	4.82950134e-067	5.68143208e-087	2.35744070e-106	8.49099805e-126	2.18862719e-145	4.29833691e-165	6.05740828e-185	7.47348403e-205	5.79609433e-225	3.33338759e-245	3.37336192e-265	2.70887491e-285	1.00000000e-300	
4.77	5.21642753e-008	1.23018019e-004	3.72150100e-003	9.95451205e-001	7.04222567e-004	1.63541810e-009	1.21545638e-016	7.91611059e-027	1.42158761e-046	2.30522736e-066	2.58889229e-086	1.09199101e-105	4.00818900e-125	1.05190767e-144	2.10389950e-164	3.01586775e-184	3.78968315e-204	2.93751117e-224	1.68997306e-244	1.73676141e-264	1.41545347e-284	1.00000000e-300	
4.78	4.50261958e-008	1.11487820e-004	3.58837350e-003	9.95359827e-001	9.40263381e-004	3.05856518e-009	3.59155220e-016	4.11020950e-026	6.86476517e-046	1.04413427e-065	1.12029170e-085	4.80358331e-105	1.79680680e-124	4.80070216e-144	9.77819406e-164	1.42568368e-183	1.82452480e-203	1.41260824e-223	8.12871582e-244	8.48331854e-264	7.01738650e-284	1.00000000e-300	
4.79	3.91378821e-008	1.01722994e-004	3.48247596e-003	9.95175807e-001	1.23994934e-003	5.60374940e-009	1.02392586e-015	2.02752242e-025	3.15234059e-045	4.49916590e-065	4.61580735e-085	2.01185867e-104	7.66919022e-124	2.08588958e-143	4.32640487e-163	6.41566675e-183	8.36178968e-203	6.46197039e-223	3.71890561e-243	3.94139750e-263	3.30903996e-283	1.00000000e-300	
4.8	3.42358226e-008	9.33848774e-005	3.39936349e-003	9.94891438e-001	1.61576910e-003	1.00670217e-008	2.82099168e-015	9.52399800e-025	1.37994958e-044	1.84925300e-064	1.81566324e-084	8.04494322e-104	3.12522074e-123	8.65184856e-143	1.82725053e-162	2.75570148e-182	3.65763857e-202	2.82007600e-222	1.62297192e-242	1.74678396e-262	1.48839806e-282	1.00000000e-300	
4.81	3.01147138e-008	8.61924297e-005	3.33500177e-003	9.94496944e-001	2.08181360e-003	1.77489137e-008	7.52179109e-015	4.26932010e-024	1.36652412e-035	1.72071638e-055	1.61858374e-075	7.29058936e-095	2.88621907e-114	8.13202712e-134	1.74867261e-153	2.68172530e-173	3.62468784e-193	2.78650664e-213	1.60365253e-233	1.75283644e-253	1.51590110e-273	1.06341712e-293	
4.82	2.66169515e-008	7.99166202e-005	3.28569094e-003	9.93980716e-001	2.65361954e-003	3.07393039e-008	1.94407140e-014	1.83027588e-023	1.05814414e-034	1.25313138e-054	1.13037288e-074	5.17593701e-094	2.08816598e-113	5.98722934e-133	1.31077552e-152	2.04393501e-172	2.81312882e-192	2.15532395e-212	1.24040283e-232	1.37687908e-252	1.20863683e-272	8.60117302e-293	
4.83	2.36228334e-008	7.43886711e-005	3.24872867e-003	9.93328414e-001	3.34839288e-003	5.23424656e-008	4.87823227e-014	7.52063952e-023	7.74976310e-034	8.64051366e-054	7.48290782e-074	3.48333852e-093	1.43205827e-112	4.17777661e-132	9.31084601e-152	1.47601433e-171	2.06849270e-191	1.57876103e-211	9.08534860e-232	1.02420903e-251	9.12516952e-272	6.58714323e-292	
4.84	2.10406157e-008	6.94697964e-005	3.22149254e-003	9.92523506e-001	4.18542251e-003	8.77145092e-008	1.19043198e-013	2.96828971e-022	5.38200959e-033	5.65574778e-053	4.70723910e-073	2.22764616e-092	9.33280054e-112	2.76978796e-131	6.28326292e-151	1.01248234e-170	1.44462852e-190	1.09790889e-210	6.31853643e-231	7.23399900e-251	6.54186924e-271	4.79047249e-291	
4.85	1.87952139e-008	6.50419444e-005	3.20188224e-003	9.91547397e-001	5.18551540e-003	1.44778905e-007	2.82904142e-013	1.12750934e-021	3.55276056e-032	3.52316597e-052	2.82169307e-072	1.35749691e-091	5.79557233e-111	1.74950111e-130	4.03920558e-150	6.61481679e-170	9.60841437e-190	7.26918927e-210	4.18394686e-230	4.86482821e-250	4.46560328e-270	3.31743799e-290	
4.86	1.68286183e-008	6.10233783e-005	3.18816471e-003	9.90378653e-001	6.37190661e-003	2.35564673e-007	6.55712465e-013	4.12997352e-021	2.23410710e-031	3.76565953e-043	2.90537731e-063	1.42106985e-082	6.18232772e-102	1.89787497e-121	4.45876887e-141	7.41928694e-161	1.09702458e-180	8.25886155e-201	4.75466986e-221	5.61473497e-241	5.23128200e-261	3.94218688e-281	
4.87	1.50969570e-008	5.73515063e-005	3.17882385e-003	9.88993596e-001	7.76983561e-003	3.78134197e-007	1.48428524e-012	1.46133237e-020	1.34138269e-030	4.16781241e-042	3.10151244e-062	1.54219703e-081	6.83688888e-101	2.13399366e-120	5.10061107e-140	8.62143110e-160	1.29745084e-179	9.71800496e-200	5.59631728e-220	6.71190261e-240	6.34755307e-260	4.85249833e-280	
4.88	1.35839026e-008	5.40527923e-005	3.17747279e-003	9.87360971e-001	9.40689021e-003	5.99229005e-007	3.28533245e-012	5.00326386e-020	7.70367224e-030	4.35316054e-041	3.12839420e-061	1.58151469e-080	7.14421416e-100	2.26678115e-119	5.51099181e-139	9.45963097e-159	1.44870836e-178	1.07935357e-198	6.21890740e-219	7.57516493e-239	7.27122761e-259	5.63923345e-279	
4.89	1.22476079e-008	5.10367434e-005	3.18088349e-003	9.85454569e-001	1.13125608e-002	9.38079401e-007	7.11906035e-012	1.66015594e-019	4.24086714e-029	4.30070241e-040	2.98825904e-060	1.53590617e-079	7.06976371e-099	2.27968648e-118	5.63623132e-138	9.82144269e-158	1.53039184e-177	1.13404360e-197	6.53815857e-218	8.08867707e-238	7.88139635e-258	6.20094127e-278	
4.9	1.10514893e-008	4.82172195e-005	3.18498131e-003	9.83243623e-001	1.35217152e-002	1.45190549e-006	1.51219195e-011	5.34707173e-019	2.24163147e-028	4.02800850e-039	2.70936201e-059	1.41577155e-078	6.63995660e-098	2.17546576e-117	5.46805520e-137	9.66924582e-157	1.53268436e-176	1.12938203e-196	6.51654281e-217	8.18815457e-237	8.09826384e-257	6.46361548e-277	
4.91	9.97717828e-009	4.55700612e-005	3.18943942e-003	9.80694419e-001	1.60683390e-002	2.22246624e-006	3.15109922e-011	1.67371107e-018	1.13945738e-027	3.58291204e-038	2.33581853e-058	1.24093850e-077	5.93012757e-097	1.97355151e-116	5.04151512e-136	9.04275204e-156	1.45777950e-175	1.06820510e-195	6.16995958e-216	7.87406466e-236	7.90473503e-256	6.40059517e-276	
4.92	9.01021737e-009	4.30726352e-005	3.19332690e-003	9.77769436e-001	1.89907889e-002	3.36698842e-006	6.44885874e-011	5.09851405e-018	5.57974771e-027	3.03331681e-037	1.91909199e-057	1.03661859e-076	5.04707429e-096	1.70566891e-115	4.42674446e-135	8.04994355e-155	1.31948983e-174	9.61446975e-195	5.56038965e-215	7.20743202e-235	7.34448002e-255	6.03292264e-275	
4.93	8.13809445e-009	4.07095800e-005	3.19569160e-003	9.74429249e-001	2.23292919e-002	5.04937402e-006	1.29692750e-010	1.51283787e-017	2.63478311e-026	2.44691763e-036	1.50422182e-056	8.26087001e-076	4.09785704e-095	1.40592755e-114	3.70566039e-134	6.82819310e-154	1.13763401e-173	8.24253015e-194	4.77412693e-214	6.28538487e-234	6.50149455e-254	5.41791212e-274	
4.94	7.34835952e-009	3.84586469e-005	3.19626169e-003	9.70628494e-001	2.61292769e-002	7.50144223e-006	2.56583038e-010	4.37842544e-017	1.20185770e-025	1.88528471e-035	1.12742777e-055	6.29531391e-075	3.18137958e-094	1.10772269e-113	2.96380654e-133	5.53031524e-153	9.36246633e-173	6.74577875e-193	3.91377277e-213	5.23364594e-233	5.49521834e-253	4.64554767e-273	
4.95	6.63391222e-009	3.63181159e-005	3.19429887e-003	9.66323915e-001	3.04344200e-002	1.10412417e-005	4.99589360e-010	1.23682413e-016	5.30041876e-025	1.38852320e-034	8.08785648e-055	4.59172050e-074	2.36394177e-093	8.35079049e-113	2.26701881e-132	4.28070547e-152	7.36098199e-172	5.27517701e-192	3.06678507e-212	4.16546924e-232	4.43966282e-252	3.80760104e-272	
4.96	5.98691957e-009	3.42718195e-005	3.18927156e-003	9.61466885e-001	3.52934573e-002	1.61077940e-005	9.57952505e-010	3.41312484e-016	2.26260897e-024	9.79143543e-034	4.86457200e-046	2.80815794e-065	1.47270712e-084	5.27643983e-104	1.45260429e-123	2.77357473e-143	4.84230372e-163	3.45163855e-183	2.01109279e-203	2.77453340e-223	3.00183213e-243	2.61187864e-263	
4.97	5.40030136e-009	3.23162763e-005	3.18094868e-003	9.56009023e-001	4.07544059e-002	2.32989167e-005	1.81024347e-009	9.21066885e-016	9.36036131e-024	6.62022568e-033	6.23142693e-045	3.65758463e-064	1.95383794e-083	7.09712293e-103	1.98016878e-122	3.82006478e-142	6.76812442e-162	4.79974783e-182	2.80375479e-202	3.92902858e-222	4.31514802e-242	3.80927615e-262	
4.98	4.86687852e-009	3.04407224e-005	3.16877303e-003	9.49897775e-001	4.68695844e-002	3.34190287e-005	3.37233550e-009	2.43184691e-015	3.75562466e-023	4.29645219e-032	7.55721906e-044	4.51015699e-063	2.45397301e-082	9.03424883e-102	2.55305737e-121	4.97187415e-141	8.93482757e-161	6.30500851e-181	3.69340315e-201	5.25721404e-221	5.86114658e-241	5.24910136e-261	
4.99	4.38315023e-009	2.86489885e-005	3.15268998e-003	9.43078734e-001	5.36923621e-002	4.75538480e-005	6.19767826e-009	6.28769261e-015	1.46305028e-022	2.67982230e-031	8.69211474e-043	5.27466153e-062	2.92289789e-081	1.09018608e-100	3.11829203e-120	6.12402449e-140	1.11562940e-159	7.83612702e-180	4.60461101e-200	6.65762187e-220	7.53474108e-240	6.84603042e-260	
5	3.94289740e-009	2.69276231e-005	3.13196934e-003	9.35506247e-001	6.12677077e-002	6.71333783e-005	1.12386997e-008	1.59276422e-014	5.53748034e-022	1.60805648e-030	9.49322464e-042	5.85784564e-061	3.30559542e-080	1.24861956e-099	3.61217218e-119	7.14658947e-139	1.31894830e-158	9.22276973e-179	5.43763324e-199	7.98606711e-219	9.17495820e-239	8.45696211e-259	
5.01	3.54313537e-009	2.52775465e-005	3.10646053e-003	9.27119289e-001	6.96549031e-002	9.40462641e-005	2.01187077e-008	3.95505864e-014	2.03786199e-021	9.29223411e-030	9.85831383e-041	2.92434033e-052	1.68036564e-071	6.42562672e-091	1.87856358e-110	3.74007242e-130	6.98804661e-150	4.86632772e-170	2.87982467e-190	4.29632204e-210	5.01069713e-230	4.68596010e-250	
5.02	3.18076058e-009	2.37015253e-005	3.07619455e-003	9.17879132e-001	7.88901750e-002	1.30757705e-004	3.55625615e-008	9.63292167e-014	7.29780099e-021	5.17576691e-029	9.74553098e-040	5.66986710e-051	3.31726369e-070	1.28367142e-089	3.78954780e-109	7.58334228e-129	1.43344277e-148	9.94341543e-169	5.90779837e-189	8.95297311e-209	1.05998758e-228	1.00568082e-248	
5.03	2.85179468e-009	2.21920413e-005	3.04108006e-003	9.07729224e-001	8.90269710e-002	1.80467624e-004	6.21055998e-008	2.30255218e-013	2.54481930e-020	2.78179043e-028	9.18406974e-039	1.03274608e-049	6.15132575e-069	2.40794087e-088	7.17118611e-108	1.44057576e-127	2.75265746e-147	1.90271477e-167	1.13533908e-187	1.74775105e-207	2.10061183e-227	2.02195768e-247	
5.04	2.55350818e-009	2.07471723e-005	3.00097427e-003	8.96629780e-001	1.00101118e-001	2.47271410e-004	1.07156819e-007	5.40340492e-013	8.64683069e-020	1.44370487e-027	8.25843088e-038	1.76936800e-048	1.07273433e-067	4.24609851e-087	1.27456880e-106	2.56695225e-126	4.95416732e-146	3.41337145e-166	2.04601777e-186	3.19955239e-206	3.90389272e-226	3.81239523e-246	
5.05	2.28356587e-009	1.93697559e-005	2.95668111e-003	8.84539000e-001	1.12148397e-001	3.36367541e-004	1.82734853e-007	1.24544518e-012	2.86458056e-019	7.24189950e-027	7.09507856e-037	2.85607137e-047	1.76246305e-066	7.05126246e-086	2.13119218e-105	4.29736492e-125	8.36958792e-145	5.75031805e-165	3.46362971e-185	5.50219176e-205	6.81529456e-225	6.75249635e-245	
5.06	2.03878139e-009	1.80511705e-005	2.90688104e-003	8.71428851e-001	1.25191561e-001	4.54345397e-004	3.08069947e-007	2.82078682e-012	9.25778408e-019	3.51353392e-026	5.82955392e-036	4.34860305e-046	2.73084844e-065	1.10390833e-084	3.35616057e-104	6.76631634e-124	1.32860437e-143	9.10501899e-164	5.51284754e-184	8.89628120e-204	1.11867730e-223	1.12457004e-243	
5.07	1.81747142e-009	1.67907416e-005	2.85192451e-003	8.57272889e-001	1.39248459e-001	6.09421124e-004	5.13537591e-007	6.27918447e-012	2.91987837e-018	1.64981769e-025	4.58430814e-035	6.25393129e-045	3.99612223e-064	1.63153645e-083	4.98422574e-103	1.00326605e-122	1.98419012e-142	1.35689675e-162	8.26066450e-183	1.35420730e-202	1.72876056e-222	1.76321375e-242	
5.08	1.61746376e-009	1.55874246e-005	2.79183730e-003	8.42052696e-001	1.54327201e-001	8.11829402e-004	8.46648572e-007	1.37456567e-011	8.99471649e-018	7.50477906e-025	3.45484322e-034	8.50707921e-044	5.53018216e-063	2.27954747e-082	6.98990392e-102	1.40272199e-121	2.79143099e-141	1.90567380e-161	1.16683431e-181	1.94323405e-201	2.51841480e-221	2.60605648e-241	
5.09	1.43684537e-009	1.44417958e-005	2.72679044e-003	8.25764821e-001	1.70418499e-001	1.07406530e-003	1.38071881e-006	2.95970816e-011	2.70710897e-017	3.30887212e-024	2.49727331e-033	1.09581550e-042	7.24601929e-062	3.01452731e-081	9.26833915e-101	1.85166803e-120	3.70370643e-140	2.52502483e-160	1.55539290e-180	2.63148679e-200	3.46230040e-220	3.63507554e-240	
5.1	1.27383522e-009	1.33510140e-005	2.65691764e-003	8.08413525e-001	1.87502631e-001	1.41134691e-003	2.22764952e-006	6.27025778e-011	7.96394158e-017	1.41497434e-023	1.73279034e-032	1.33834223e-041	9.00028397e-061	3.77750523e-080	1.16320407e-099	2.31019061e-119	4.63958912e-139	3.16005253e-159	1.95887213e-179	3.36685883e-199	4.49724014e-219	4.79061756e-239	
