4	3.14628090e-003	9.96457088e-001	3.96631087e-004	3.28527365e-022	8.24823913e-041	4.44170120e-060	2.06398755e-079	7.46469276e-099	1.67708217e-118	3.03929354e-138	3.81246053e-158	4.03862345e-178	4.07386236e-198	2.72681550e-218	1.37509607e-238	5.42016581e-259	1.68328131e-279	4.24427965e-300	1.00000000e-300	1.00000000e-300	1.00000000e-300	1.00000000e-300	1.00000000e-300	
4.01	2.77663780e-003	9.96636760e-001	5.86602494e-004	4.93814710e-022	1.26272716e-040	6.91791573e-060	3.27475301e-079	1.20639271e-098	2.76176162e-118	5.10095973e-138	6.52063165e-158	7.03761484e-178	7.20838139e-198	4.91737594e-218	2.52574654e-238	1.01403025e-258	3.20540619e-279	8.23186571e-300	1.00000000e-300	1.00000000e-300	1.00000000e-300	1.00000000e-300	1.00000000e-300	
4.02	2.48777858e-003	9.96651889e-001	8.60332668e-004	7.35389920e-022	1.91522754e-040	1.06751438e-059	5.14762454e-079	1.93171140e-098	4.50597481e-118	8.48199460e-138	1.10494432e-157	1.21501229e-177	1.26368961e-197	8.78538383e-218	4.59630837e-238	1.87949637e-258	6.04709105e-279	1.58176590e-299	1.00000000e-300	1.00000000e-300	1.00000000e-300	1.00000000e-300	1.00000000e-300	
4.03	2.26201029e-003	9.96486418e-001	1.25157138e-003	1.08520886e-021	2.87853810e-040	1.63237955e-059	8.01836895e-079	3.06500858e-098	7.28497750e-118	1.39759760e-137	1.85537404e-157	2.07864085e-177	2.19527586e-197	1.55549908e-217	8.28892191e-238	3.45227901e-258	1.13056033e-278	3.01201632e-299	1.00000000e-300	1.00000000e-300	1.00000000e-300	1.00000000e-300	1.00000000e-300	
4.04	2.08552992e-003	9.96108237e-001	1.80623283e-003	1.58664163e-021	4.28636706e-040	2.47295163e-059	1.23746579e-078	4.81822913e-098	1.16692398e-117	2.28159934e-137	3.08670447e-157	3.52331347e-177	3.77851433e-197	2.72856321e-217	1.48090269e-237	6.28219867e-258	2.09406622e-278	5.68236791e-299	1.00000000e-300	1.00000000e-300	1.00000000e-300	1.00000000e-300	1.00000000e-300	
4.05	1.94786858e-003	9.95465999e-001	2.58613230e-003	2.29776303e-021	6.32226237e-040	3.71090120e-059	1.89157977e-078	7.50210110e-098	1.85136496e-117	3.68922735e-137	5.08627432e-157	5.91509783e-177	6.44163726e-197	4.74068094e-217	2.62075346e-237	1.13236842e-257	3.84192310e-278	1.06183271e-298	1.00000000e-300	1.00000000e-300	1.00000000e-300	1.00000000e-300	1.00000000e-300	
4.06	1.84045295e-003	9.94485067e-001	3.67448032e-003	3.29579364e-021	9.23579553e-040	5.51522485e-059	2.86386169e-078	1.15697560e-097	2.90923985e-117	5.90840564e-137	8.30112065e-157	9.83568408e-177	1.08769329e-196	8.15851550e-217	4.59375873e-237	2.02163391e-257	6.98150329e-278	1.96534732e-298	1.00000000e-300	1.00000000e-300	1.00000000e-300	1.00000000e-300	1.00000000e-300	
4.07	1.75663892e-003	9.93063186e-001	5.18017523e-003	4.67989450e-021	1.33570069e-039	8.11482800e-059	4.29242423e-078	1.76642972e-097	4.52594154e-117	9.36795798e-137	1.34128803e-156	1.61918953e-176	1.81835382e-196	1.39007249e-216	7.97197045e-237	3.57343245e-257	1.25603953e-277	3.60134050e-298	1.00000000e-300	1.00000000e-300	1.00000000e-300	1.00000000e-300	1.00000000e-300	
4.08	1.69109802e-003	9.91061691e-001	7.24721081e-003	6.57701317e-021	1.91186686e-039	1.18169655e-058	6.36758570e-078	2.66917576e-097	6.96858148e-117	1.47000980e-136	2.14487248e-156	2.63805729e-176	3.00849304e-196	2.34379327e-216	1.36911810e-236	6.25082453e-257	2.23635095e-277	6.53082658e-298	1.00000000e-300	1.00000000e-300	1.00000000e-300	1.00000000e-300	1.00000000e-300	
4.09	1.63953688e-003	9.88299893e-001	1.00605697e-002	9.14264785e-021	2.70676728e-039	1.70215525e-058	9.34326080e-078	3.98943672e-097	1.06127443e-116	2.28167272e-136	3.39267055e-156	4.25141357e-176	4.92363785e-196	3.90951076e-216	2.32612052e-236	1.08171527e-256	3.93909643e-277	1.17165272e-297	1.00000000e-300	1.00000000e-300	1.00000000e-300	1.00000000e-300	1.00000000e-300	
4.1	1.59845052e-003	9.84544587e-001	1.38569622e-002	1.25663936e-020	3.78928131e-039	2.42436424e-058	1.35560514e-077	5.89598619e-097	1.59817472e-116	3.50177419e-136	5.30620085e-156	6.77459413e-176	7.96767357e-196	6.44790286e-216	3.90758309e-236	1.85079482e-256	6.86013127e-277	2.07832382e-297	1.00000000e-300	1.00000000e-300	1.00000000e-300	1.00000000e-300	1.00000000e-300	
4.11	1.56473170e-003	9.79501141e-001	1.89341273e-002	1.70639215e-020	5.24044023e-039	3.41107872e-058	1.94297033e-077	8.60787849e-097	2.37747293e-116	5.30922941e-136	8.19844255e-156	1.06643633e-175	1.27375224e-195	1.05051731e-215	6.48427451e-236	3.12811738e-256	1.18015445e-276	3.64155285e-297	1.00000000e-300	1.00000000e-300	1.00000000e-300	1.00000000e-300	1.00000000e-300	
4.12	1.53582778e-003	9.72807334e-001	2.56568387e-002	2.28752128e-020	7.15498821e-039	4.73808900e-058	2.74926831e-077	1.24070053e-096	3.49178355e-116	7.94706986e-136	1.25058144e-155	1.65738710e-175	2.01039180e-195	1.68983088e-215	1.06238582e-235	5.22005609e-256	2.00455286e-276	6.30005926e-297	1.00000000e-300	1.00000000e-300	1.00000000e-300	1.00000000e-300	1.00000000e-300	
4.13	1.50942473e-003	9.64020996e-001	3.44695797e-002	3.02497409e-020	9.63674446e-039	6.49245062e-058	3.83759938e-077	1.76408908e-096	5.05890016e-116	1.17343203e-135	1.88176662e-155	2.54086770e-175	3.13003400e-195	2.68120096e-215	1.71695758e-235	8.59295122e-256	3.35872077e-276	1.07516911e-296	1.00000000e-300	1.00000000e-300	1.00000000e-300	1.00000000e-300	1.00000000e-300	
4.14	1.48335840e-003	9.52629820e-001	4.58868211e-002	3.94250547e-020	1.27916209e-038	8.76799017e-058	5.27937751e-077	2.47208162e-096	7.22345096e-116	1.70763125e-135	2.79070314e-155	3.83918440e-175	4.80312320e-195	4.19340248e-215	2.73506553e-235	1.39423232e-255	5.54675492e-276	1.80846888e-296	1.00000000e-300	1.00000000e-300	1.00000000e-300	1.00000000e-300	1.00000000e-300	
4.15	1.45570505e-003	9.38052901e-001	6.04913944e-002	5.05907790e-020	1.67181451e-038	1.16583997e-057	7.15107629e-077	3.41079666e-096	1.01554120e-115	2.44673348e-135	4.07483300e-155	5.71136855e-175	7.25695478e-195	6.45693992e-215	4.28947048e-235	2.22713940e-255	9.01858433e-276	2.99491393e-296	1.00000000e-300	1.00000000e-300	1.00000000e-300	1.00000000e-300	1.00000000e-300	
4.16	1.42455591e-003	9.19667615e-001	7.89076231e-002	2.06327119e-007	6.94423529e-026	4.92673664e-045	3.07844079e-064	1.49562298e-083	4.53741576e-103	1.11415979e-122	1.89093837e-142	2.70029898e-162	3.48461645e-182	3.15979003e-202	2.13802695e-222	1.13063297e-242	4.66009799e-263	1.57622120e-283	1.00000000e-300	1.00000000e-300	1.00000000e-300	1.00000000e-300	1.00000000e-300	
4.17	1.38833473e-003	8.96849966e-001	1.01761271e-001	4.28355558e-007	1.46832879e-025	1.05978260e-044	6.74548151e-064	3.33819048e-083	1.03193004e-102	2.58247213e-122	4.46655390e-142	6.49850709e-162	8.51715893e-182	7.87168108e-202	5.42500419e-222	2.92201023e-242	1.22582969e-262	4.22292162e-283	1.00000000e-300	1.00000000e-300	1.00000000e-300	1.00000000e-300	1.00000000e-300	
4.18	1.34544641e-003	8.69042811e-001	1.29610880e-001	8.63073101e-007	3.01320777e-025	2.21266542e-044	1.43465306e-063	7.23220781e-083	2.27807598e-102	5.81023255e-122	1.02408216e-141	1.51803584e-161	2.02073379e-181	1.90330017e-201	1.33602427e-221	7.32951649e-242	3.12973077e-262	1.09815115e-282	1.00000000e-300	1.00000000e-300	1.00000000e-300	1.00000000e-300	1.00000000e-300	
4.19	1.29488782e-003	8.35835308e-001	1.62868118e-001	1.68622361e-006	5.99588811e-025	4.47922315e-044	2.95853577e-063	1.51914545e-082	4.87577575e-102	1.26742286e-121	2.27650764e-141	3.43810620e-161	4.64828797e-181	4.46221366e-201	3.19048596e-221	1.78279278e-241	7.74857780e-262	2.76922833e-282	1.00000000e-300	1.00000000e-300	1.00000000e-300	1.00000000e-300	1.00000000e-300	
4.2	1.23591408e-003	7.97065938e-001	2.01694955e-001	3.19300990e-006	1.15634299e-024	8.78880437e-044	5.91321023e-063	3.09284494e-082	1.01149391e-101	2.67966703e-121	4.90494038e-141	7.54722323e-161	1.03637906e-180	1.01397032e-200	7.38399589e-221	4.20261576e-241	1.85915318e-261	6.76744751e-282	1.00000000e-300	1.00000000e-300	1.00000000e-300	1.00000000e-300	1.00000000e-300	
4.21	1.16854871e-003	7.52916049e-001	2.45909545e-001	5.85783022e-006	2.16060424e-024	1.67061335e-043	1.14503999e-062	6.10069791e-082	2.03295608e-101	5.48898691e-121	1.02387370e-140	1.60509445e-160	2.23868790e-180	2.23221448e-200	1.65569981e-220	9.59770337e-241	4.32173243e-261	1.60230329e-281	1.00000000e-300	1.00000000e-300	1.00000000e-300	1.00000000e-300	1.00000000e-300	
4.22	1.09354501e-003	7.03965578e-001	2.94930468e-001	1.04088837e-005	3.91017420e-024	3.07572894e-043	2.14740553e-062	1.16542143e-081	3.95728839e-101	1.08893217e-120	2.06993778e-140	3.30608174e-160	4.68349871e-180	4.75931460e-200	3.59573481e-220	2.12300573e-240	9.73007807e-261	3.67422327e-281	1.00000000e-300	1.00000000e-300	1.00000000e-300	1.00000000e-300	1.00000000e-300	
4.23	1.01221909e-003	6.51200099e-001	3.47769761e-001	1.79208932e-005	6.85678497e-024	5.48718388e-043	3.90241368e-062	2.15734075e-081	7.46407207e-101	2.09329783e-120	4.05504984e-140	6.59851245e-160	9.49467236e-180	9.83323048e-200	7.56693381e-220	4.55071795e-240	2.12293243e-260	8.16512472e-281	1.00000000e-300	1.00000000e-300	1.00000000e-300	1.00000000e-300	1.00000000e-300	
4.24	9.26689846e-004	5.95955401e-001	4.03088000e-001	2.99092885e-005	1.16550886e-023	9.48802396e-043	6.87388536e-062	3.87064889e-081	1.36458625e-100	3.90026652e-120	7.69951539e-140	1.27644486e-159	1.86557469e-179	1.96911052e-199	1.54331101e-219	9.45308718e-240	4.48864539e-260	1.75839127e-280	1.00000000e-300	1.00000000e-300	1.00000000e-300	1.00000000e-300	1.00000000e-300	
4.25	8.39339851e-004	5.39786308e-001	4.59325913e-001	4.84386680e-005	2.12644907e-013	1.76088859e-032	1.29945288e-051	7.45355557e-071	2.67747524e-090	7.79945597e-110	1.56902291e-129	2.65006318e-149	3.93417930e-169	4.23207507e-189	3.37863250e-209	2.10782488e-229	1.01871581e-249	4.06462039e-270	1.36063348e-290	1.00000000e-300	1.00000000e-300	1.00000000e-300	1.00000000e-300	
4.26	7.52674060e-004	4.84275665e-001	5.14895424e-001	7.62370206e-005	6.54481524e-013	5.51235176e-032	4.14337925e-051	2.42090520e-070	8.86129283e-090	2.63079085e-109	5.39328575e-129	9.28020811e-149	1.39941312e-168	1.53422552e-188	1.24754067e-208	7.92743643e-229	3.89976212e-249	1.58481819e-269	5.40211401e-290	1.00000000e-300	1.00000000e-300	1.00000000e-300	1.00000000e-300	
4.27	6.69032843e-004	4.30882629e-001	5.68331536e-001	1.16801744e-004	1.93230188e-012	1.65521833e-031	1.26729832e-050	7.54254444e-070	2.81312265e-089	8.51171754e-109	1.77820159e-128	3.11708168e-148	4.77457560e-168	5.33478095e-188	4.41840397e-208	2.85980839e-228	1.43190887e-248	5.92702044e-269	2.05727888e-289	1.00000000e-300	1.00000000e-300	1.00000000e-300	1.00000000e-300	
4.28	5.90375094e-004	3.80792391e-001	6.18442694e-001	1.74540614e-004	5.48534259e-012	4.77817299e-031	3.72596147e-050	2.25884296e-069	8.58451322e-089	2.64725337e-108	5.63581148e-128	1.00641288e-147	1.56588956e-167	1.78314836e-187	1.50425878e-207	9.91666410e-228	5.05410739e-248	2.13073667e-268	7.53096763e-289	1.00000000e-300	1.00000000e-300	1.00000000e-300	1.00000000e-300	
4.29	5.18074454e-004	3.34841899e-001	6.64385065e-001	2.54961827e-004	1.50096036e-011	1.32946002e-030	1.05588120e-049	6.52020009e-069	2.52486063e-088	7.93507221e-108	1.72146051e-127	3.13152243e-147	4.94938033e-167	5.74407280e-187	4.93519443e-207	3.31376783e-227	1.71902673e-247	7.38159882e-268	2.65668484e-288	1.00000000e-300	1.00000000e-300	1.00000000e-300	1.00000000e-300	
4.3	4.52931295e-004	2.93499413e-001	7.05682843e-001	3.64812712e-004	3.96833592e-011	3.57282427e-030	2.88969934e-049	1.81764961e-068	7.17191290e-088	2.29714388e-107	5.07824445e-127	9.40990690e-147	1.51075794e-166	1.78690646e-186	1.56375817e-206	1.06945573e-226	5.64684372e-247	2.46964519e-267	9.05062919e-288	1.00000000e-300	1.00000000e-300	1.00000000e-300	1.00000000e-300	
4.31	3.95197457e-004	2.56914014e-001	7.42178363e-001	5.12425432e-004	1.01622494e-010	9.29757492e-030	7.65736692e-049	4.90636696e-068	1.97264674e-087	6.43940307e-107	1.45057737e-126	2.73776493e-146	4.46508185e-166	5.38247004e-186	4.79763797e-206	3.34190441e-226	1.79604687e-246	8.00056515e-267	2.98561971e-287	1.00000000e-300	1.00000000e-300	1.00000000e-300	1.00000000e-300	
4.32	3.44642427e-004	2.24975787e-001	7.73971660e-001	7.07909833e-004	2.52629653e-010	2.34807745e-029	1.96887259e-048	1.28499712e-067	5.26422417e-087	1.75135544e-106	4.02000513e-126	7.72736123e-146	1.28023347e-165	1.57282636e-185	1.42802466e-205	1.01314272e-225	5.54205305e-246	2.51454313e-266	9.55482436e-287	1.00000000e-300	1.00000000e-300	1.00000000e-300	1.00000000e-300	
4.33	3.00873091e-004	1.97384646e-001	8.01350810e-001	9.63670616e-004	6.10962388e-010	5.76542784e-029	4.92098655e-048	3.27149750e-067	1.36562761e-086	4.63034486e-106	1.08296961e-125	2.11993660e-145	3.56789571e-165	4.46735246e-185	4.13108235e-205	2.98531750e-225	1.66220351e-245	7.68151720e-266	2.97203327e-286	1.00000000e-300	1.00000000e-300	1.00000000e-300	1.00000000e-300	
4.34	2.63388465e-004	1.73760865e-001	8.24681106e-001	1.29463913e-003	1.44011714e-009	1.37889424e-028	1.19768456e-047	8.11054758e-067	3.44982883e-086	1.19206248e-105	2.84067888e-125	5.66210659e-145	9.68063498e-165	1.23532636e-184	1.16353617e-204	8.56422916e-225	4.85362945e-245	2.28449094e-265	9.00008249e-286	1.00000000e-300	1.00000000e-300	1.00000000e-300	1.00000000e-300	
4.35	2.31458560e-004	1.53640197e-001	8.44409340e-001	1.71900114e-003	3.31419225e-009	3.21703771e-028	2.84291067e-047	1.96103378e-066	8.49925791e-086	2.99301261e-105	7.26653381e-125	1.47457006e-144	2.56117355e-164	3.33087129e-184	3.19538689e-204	2.39552207e-224	1.38181938e-244	6.62457153e-265	2.65737556e-285	1.00000000e-300	1.00000000e-300	1.00000000e-300	1.00000000e-300	
4.36	2.04369716e-004	1.36579870e-001	8.60957348e-001	2.25840491e-003	7.45729731e-009	7.33048000e-028	6.58801115e-047	4.62901289e-066	2.04425583e-085	7.33654833e-105	1.81454005e-124	3.74796557e-144	6.61331775e-164	8.76563071e-184	8.56520492e-204	6.54032141e-224	3.84001961e-244	1.87500958e-264	7.65810153e-285	1.00000000e-300	1.00000000e-300	1.00000000e-300	1.00000000e-300	
4.37	1.81428807e-004	1.22145671e-001	8.74733594e-001	2.93928946e-003	1.64288608e-008	1.63324990e-027	1.49196118e-046	1.06782220e-065	4.80503173e-085	1.75731695e-104	4.42727168e-124	9.30587846e-144	1.66813868e-163	2.25338883e-183	2.24262423e-203	1.74414702e-223	1.04233970e-243	5.18396428e-264	2.15576341e-284	1.00000000e-300	1.00000000e-300	1.00000000e-300	1.00000000e-300	
4.38	1.61990987e-004	1.09932526e-001	8.86113119e-001	3.79232792e-003	3.54748911e-008	3.56087801e-027	3.30414587e-046	2.40897191e-065	1.10457697e-084	4.11679389e-104	1.05634658e-123	2.25884011e-143	4.11363864e-163	5.66336065e-183	5.74103688e-203	4.54771616e-223	2.76625070e-243	1.40127182e-263	5.93281605e-284	1.00000000e-300	1.00000000e-300	1.00000000e-300	1.00000000e-300	
4.39	1.45518277e-004	9.95944989e-002	8.95405051e-001	4.85485719e-003	7.51597730e-008	7.60203231e-027	7.16024518e-046	5.31727698e-065	2.48424452e-084	9.43467595e-104	2.46522849e-123	5.36105708e-143	9.91869950e-163	1.39168799e-182	1.43693714e-202	1.15938127e-222	7.17794248e-243	3.70340650e-263	1.59629590e-283	1.00000000e-300	1.00000000e-300	1.00000000e-300	1.00000000e-300	
4.4	1.31497970e-004	9.08189268e-002	9.02879236e-001	6.17018335e-003	1.56380288e-007	1.58987686e-026	1.51850703e-045	1.14864375e-064	5.46816979e-084	2.11608289e-103	5.62922744e-123	1.24441317e-142	2.33907854e-162	3.34483783e-182	3.51766049e-202	2.89067342e-222	1.82169991e-242	9.57277936e-263	4.20061405e-283	1.00000000e-300	1.00000000e-300	1.00000000e-300	1.00000000e-300	
4.41	1.19398232e-004	8.32618084e-002	9.08828593e-001	7.78988025e-003	3.19772181e-007	3.25819388e-026	3.15197241e-045	2.42870428e-064	1.17812480e-083	4.64505304e-103	1.25773125e-122	2.82502919e-142	5.39488053e-162	7.86230895e-182	8.42185714e-202	7.04934891e-222	4.52171194e-242	2.42009845e-262	1.08107676e-282	1.00000000e-300	1.00000000e-300	1.00000000e-300	1.00000000e-300	
4.42	1.08985101e-004	7.67768675e-002	9.13340501e-001	9.77300383e-003	6.43042999e-007	6.54350170e-026	6.40201712e-045	5.02473677e-064	2.48355910e-083	9.97613617e-103	2.74854975e-122	6.26893018e-142	1.21627608e-161	1.80652054e-181	1.97097903e-201	1.68028903e-221	1.09700922e-241	5.98020728e-262	2.71926486e-282	1.00000000e-300	1.00000000e-300	1.00000000e-300	1.00000000e-300	
4.43	9.99664729e-005	7.11883474e-002	9.16522344e-001	1.21880692e-002	1.27248285e-006	1.28787293e-025	1.27235026e-044	1.01722918e-063	5.12303173e-083	2.09616683e-102	5.87408387e-122	1.35952134e-141	2.67986309e-161	4.05664929e-181	4.50798917e-201	3.91454426e-221	2.60137178e-241	1.44440410e-261	6.68488961e-282	1.00000000e-300	1.00000000e-300	1.00000000e-300	1.00000000e-300	
4.44	9.21220561e-005	6.63404370e-002	9.18451522e-001	1.51134398e-002	2.47892353e-006	2.48369222e-025	2.47231955e-044	2.01345350e-063	1.03322908e-082	4.30583879e-102	1.22673470e-121	2.87871286e-141	5.76526648e-161	8.89440825e-181	1.00673559e-200	8.90364896e-221	6.02248983e-241	3.40600035e-261	1.60433366e-281	1.00000000e-300	1.00000000e-300	1.00000000e-300	1.00000000e-300	
4.45	8.52236157e-005	6.20970739e-002	9.19174206e-001	1.86387401e-002	4.75625051e-006	4.69243342e-025	4.69548548e-044	3.89505225e-063	2.03662863e-082	8.64223299e-102	2.50173194e-121	5.94687634e-141	1.21009204e-160	1.90263053e-180	2.19346161e-200	1.97591353e-220	1.36035355e-240	7.83568658e-261	3.75596135e-281	1.00000000e-300	1.00000000e-300	1.00000000e-300	1.00000000e-300	
4.46	7.91102028e-005	5.83503455e-002	9.18697336e-001	2.28642178e-002	8.99078845e-006	8.68255766e-025	8.70929519e-044	7.35893130e-063	3.92079029e-082	1.69371908e-101	4.97830544e-121	1.19751406e-140	2.47578833e-160	3.96729161e-180	4.65857800e-200	4.27431691e-220	2.99531669e-240	1.75729932e-260	8.57135556e-281	1.00000000e-300	1.00000000e-300	1.00000000e-300	1.00000000e-300	
4.47	7.36247103e-005	5.50014579e-002	9.17004245e-001	2.79039193e-002	1.67529558e-005	1.57334295e-024	1.57698579e-043	1.35724743e-062	7.36793567e-082	3.23908017e-101	9.65909279e-121	2.34825877e-140	4.93279859e-160	8.05591617e-180	9.63499559e-200	9.00466878e-220	6.42273094e-240	3.83790316e-260	1.90447755e-280	1.00000000e-300	1.00000000e-300	1.00000000e-300	1.00000000e-300	
4.48	6.86502197e-005	5.19850797e-002	9.14038686e-001	3.38768134e-002	3.07710291e-005	2.79127623e-024	2.78542683e-043	2.44185748e-062	1.35065960e-081	6.04024684e-101	1.82573052e-120	4.47988054e-140	9.56156605e-160	1.59144589e-179	1.93868349e-199	1.84531076e-219	1.33970580e-239	8.15402189e-260	4.11590626e-280	1.84495327e-300	1.00000000e-300	1.00000000e-300	1.00000000e-300	
4.49	6.40712011e-005	4.92308964e-002	9.09727720e-001	4.09215739e-002	5.57382231e-005	4.84806672e-024	4.79721623e-043	4.28361124e-062	2.41411815e-081	1.09772560e-100	3.35942467e-120	8.30718265e-140	1.80152296e-159	3.05596675e-179	3.79180428e-199	3.67636638e-219	2.71659379e-239	1.68397830e-259	8.64509626e-280	3.93083993e-300	1.00000000e-300	1.00000000e-300	1.00000000e-300	
4.5	5.98479680e-005	4.66843849e-002	9.03978199e-001	4.91779904e-002	9.95774877e-005	8.24385195e-024	8.05220936e-043	7.32351920e-062	4.20529383e-081	1.94302723e-100	6.01277186e-120	1.49582602e-139	3.29607779e-159	5.69831750e-179	7.20148306e-199	7.11117118e-219	5.34835378e-239	3.37691235e-259	1.76284838e-279	8.12747061e-300	1.00000000e-300	1.00000000e-300	1.00000000e-300	
4.51	5.59242765e-005	4.43055916e-002	8.96666515e-001	5.87965000e-002	1.75469396e-004	1.37235567e-023	1.31678725e-042	1.21981218e-061	7.13632587e-081	3.34787290e-100	1.04601415e-119	2.61301030e-139	5.85050333e-159	1.03081671e-178	1.32690152e-198	1.33457532e-218	1.02172357e-238	6.57056957e-259	3.48700821e-279	1.62944309e-299	1.00000000e-300	1.00000000e-300	1.00000000e-300	
4.52	5.22452373e-005	4.20580520e-002	8.87662486e-001	6.99221956e-002	3.05021593e-004	2.23770518e-023	2.09837320e-042	1.97978413e-061	1.17998816e-080	5.61578220e-100	1.76858319e-119	4.42732418e-139	1.00724017e-158	1.80868784e-178	2.37136543e-198	2.42930434e-218	1.89301359e-238	1.23993816e-258	6.68826884e-279	3.16634419e-299	1.00000000e-300	1.00000000e-300	1.00000000e-300	
4.53	4.87749515e-005	3.99132006e-002	8.76804865e-001	8.27100958e-002	5.23063707e-004	3.57479297e-023	3.25810515e-042	3.13068622e-061	1.90095708e-080	9.16742421e-100	2.90448443e-119	7.26993500e-139	1.68063781e-158	3.07572529e-178	4.10737456e-198	4.28574737e-218	3.39922856e-238	2.26781544e-258	1.24291101e-278	5.95834619e-299	1.00000000e-300	1.00000000e-300	1.00000000e-300	
4.54	4.54676810e-005	3.78385100e-002	8.63944559e-001	9.72866338e-002	8.84829478e-004	5.59770658e-023	4.93059682e-042	4.82493084e-061	2.98443177e-080	1.45660197e-099	4.63281055e-119	1.15669893e-138	2.71716920e-158	5.06792726e-178	6.89326342e-198	7.32593302e-218	5.91421088e-238	4.01862532e-258	2.23716825e-278	1.08547707e-298	1.00000000e-300	1.00000000e-300	1.00000000e-300	
4.55	4.23070264e-005	3.58192889e-002	8.48893340e-001	1.13768580e-001	1.47648452e-003	8.59720810e-023	7.27713568e-042	7.25103197e-061	4.56844252e-080	2.25301697e-099	7.17658462e-119	1.78286950e-138	4.25566789e-158	8.08954681e-178	1.12071525e-197	1.21313161e-217	9.96821376e-238	6.89889526e-258	3.89988426e-278	1.91414757e-298	1.00000000e-300	1.00000000e-300	1.00000000e-300	
4.56	3.92688330e-005	3.38374689e-002	8.31459384e-001	1.32234013e-001	2.42986467e-003	1.29572051e-022	1.04797841e-041	1.06325742e-060	6.82231262e-080	3.39384769e-099	1.07984590e-118	2.66221070e-138	6.45744463e-158	1.25100636e-177	1.76526269e-197	1.94626536e-217	1.62772047e-237	1.14741327e-257	6.58373464e-278	3.26719996e-298	1.00000000e-300	1.00000000e-300	1.00000000e-300	
4.57	3.63323323e-005	3.18761015e-002	8.11440055e-001	1.52704703e-001	3.94280850e-003	1.91714894e-022	1.47348316e-041	1.52195750e-060	9.94418493e-080	4.97956181e-099	1.57810794e-118	3.85035852e-138	9.49042055e-158	1.87383666e-177	2.69314534e-197	3.02430695e-217	2.57453558e-237	1.84846036e-257	1.07612526e-277	5.39627549e-298	1.00000000e-300	1.00000000e-300	1.00000000e-300	
4.58	3.34890054e-005	2.99272013e-002	7.88618236e-001	1.75115888e-001	6.30518530e-003	2.78583718e-022	2.02414966e-041	2.12813010e-060	1.41573317e-079	7.11924555e-099	2.24051788e-118	5.39493830e-138	1.35130205e-157	2.71919116e-177	3.98060512e-197	4.55295739e-217	3.94502850e-237	2.88484717e-257	1.70328108e-277	8.62551821e-298	1.00000000e-300	1.00000000e-300	1.00000000e-300	
4.59	3.07252136e-005	2.79759536e-002	7.62743399e-001	1.99316219e-001	9.93370339e-003	3.97729956e-022	2.71840582e-041	2.90856800e-060	1.96950704e-079	9.91945123e-099	3.09007546e-118	7.32193318e-138	1.86365638e-157	3.82202247e-177	5.69872737e-197	6.63893307e-217	5.85495465e-237	4.36090768e-257	2.61007163e-277	1.33411962e-297	1.00000000e-300	1.00000000e-300	1.00000000e-300	
4.6	2.80308426e-005	2.60154099e-002	7.33567268e-001	2.24983883e-001	1.54054081e-002	5.49667236e-013	3.51832066e-032	3.82988152e-051	2.63893166e-070	1.32716338e-089	4.07843452e-109	9.48274668e-129	2.45279395e-148	5.12664900e-168	7.78558043e-188	9.23830368e-208	8.29291174e-228	6.29108765e-248	3.81509257e-268	1.96704953e-288	1.00000000e-300	1.00000000e-300	1.00000000e-300	
4.61	2.54042990e-005	2.40402787e-002	7.00817540e-001	2.51619197e-001	2.34975795e-002	1.47897072e-012	8.83020312e-032	9.77603445e-051	6.85172025e-070	3.42963272e-089	1.03608021e-108	2.35713847e-128	6.19598472e-148	1.31983911e-167	2.04151448e-187	2.46732552e-207	2.25450066e-227	1.74200329e-247	1.06969806e-267	5.56005021e-288	1.00000000e-300	1.00000000e-300	1.00000000e-300	
4.62	2.28226901e-005	2.20367012e-002	6.64256061e-001	2.78480985e-001	3.52034306e-002	3.84740862e-012	2.13531392e-031	2.40333369e-050	1.71263001e-069	8.50109208e-089	2.51563699e-108	5.58459573e-128	1.49181133e-147	3.23870291e-167	5.10240871e-187	6.28096991e-207	5.84113262e-227	4.59678336e-247	2.85674188e-267	1.49598967e-287	1.00000000e-300	1.00000000e-300	1.00000000e-300	
4.63	2.02991438e-005	2.00099323e-002	6.23661649e-001	3.04577336e-001	5.17307837e-002	9.67136549e-012	4.97498225e-031	5.68953037e-050	4.11986268e-069	2.02013469e-088	5.83466103e-108	1.26051267e-127	3.42186570e-147	7.57116934e-167	1.21488597e-186	1.52321518e-206	1.44189245e-226	1.15582561e-246	7.26477442e-267	3.83041992e-287	1.00000000e-300	1.00000000e-300	1.00000000e-300	
4.64	1.78473829e-005	1.79675943e-002	5.79000298e-001	3.28592706e-001	7.44215545e-002	2.34656119e-011	1.11613451e-030	1.29617293e-049	9.53068329e-069	4.59708822e-088	1.29131691e-107	2.70795813e-127	7.47084760e-147	1.68463427e-166	2.75325522e-186	3.51602076e-206	3.38762960e-226	2.76563769e-246	1.75707604e-266	9.32284204e-287	1.00000000e-300	1.00000000e-300	1.00000000e-300	
4.65	1.54808542e-005	1.59215888e-002	5.30467550e-001	3.49014026e-001	1.04581355e-001	5.48755084e-011	2.40893364e-030	2.83858131e-049	2.11771211e-068	1.00052542e-087	2.72370398e-107	5.53103725e-127	1.55078709e-146	3.56396271e-166	5.93252220e-186	7.71649979e-206	7.56742158e-226	6.29255079e-246	4.03808688e-266	2.15468058e-286	1.00000000e-300	1.00000000e-300	1.00000000e-300	
4.66	1.32198757e-005	1.38938134e-002	4.78589491e-001	3.64235256e-001	1.43268220e-001	1.23515894e-010	4.99740629e-030	5.96968964e-049	4.51428436e-068	2.07964452e-087	5.46828777e-107	1.07292857e-126	3.05729918e-146	7.16078973e-166	1.21402240e-185	1.60836014e-205	1.60547029e-225	1.35976141e-245	8.80788579e-266	4.72374010e-286	1.00000000e-300	1.00000000e-300	1.00000000e-300	
4.67	1.10919320e-005	1.19162931e-002	4.24396709e-001	3.72794712e-001	1.90881193e-001	2.67114567e-010	9.95210756e-030	1.20386456e-048	9.21724647e-068	4.12146596e-087	1.04338269e-106	1.97404728e-126	5.71673939e-146	1.36460492e-165	2.35630155e-185	3.17950796e-205	3.23035373e-225	2.78670956e-245	1.82066481e-265	9.80803111e-286	1.00000000e-300	1.00000000e-300	1.00000000e-300	
4.68	9.13041519e-006	1.00295161e-002	3.69357822e-001	3.73649282e-001	2.46954249e-001	5.54446183e-010	1.90126254e-029	2.32593103e-048	1.80039557e-067	7.77876676e-087	1.89034429e-106	3.44243493e-126	1.01316624e-145	2.46482481e-165	4.33467248e-185	5.95741190e-205	6.16065181e-225	5.41262679e-245	3.56422151e-265	1.92764819e-285	1.00000000e-300	1.00000000e-300	1.00000000e-300	
4.69	7.36815292e-006	8.27836822e-003	3.15279763e-001	3.66540420e-001	3.09894080e-001	1.10395079e-009	3.48381340e-029	4.30371394e-048	3.36280196e-067	1.39755713e-086	3.25119138e-106	5.68957069e-126	1.70193559e-145	4.21981452e-165	7.55805725e-185	1.05800317e-204	1.11360549e-224	9.96514982e-245	6.60862778e-265	3.58618829e-285	1.00000000e-300	1.00000000e-300	1.00000000e-300	
4.7	5.83170164e-006	6.70304552e-003	2.64031988e-001	3.52037361e-001	3.77221771e-001	2.10945990e-009	6.12769761e-029	7.63053062e-048	6.00734579e-067	2.39126892e-086	5.31204221e-106	8.92105502e-126	2.71214393e-145	6.85334798e-165	1.25013188e-184	1.78238883e-204	1.90950455e-224	1.74050182e-244	1.16157356e-264	6.32148877e-285	1.00000000e-300	1.00000000e-300	1.00000000e-300	
4.71	4.53454152e-006	5.33362302e-003	2.17331648e-001	3.31534848e-001	4.45795343e-001	3.87345029e-009	1.03626376e-028	1.29810439e-047	1.02755038e-066	3.90139866e-086	8.25780222e-106	1.32935209e-125	4.10762935e-145	1.05784943e-164	1.96516707e-184	2.85373432e-204	3.11176160e-224	2.88875009e-244	1.93849825e-264	1.05743959e-284	1.00000000e-300	1.00000000e-300	1.00000000e-300	
4.72	3.47722926e-006	4.18653726e-003	1.76504490e-001	3.06826565e-001	5.12478924e-001	6.85030142e-009	1.68913856e-028	2.12368749e-047	1.68626925e-066	6.08388082e-086	1.22463834e-105	1.88800929e-125	5.92930496e-145	1.55624802e-164	2.94420527e-184	4.35462465e-204	4.83288716e-224	4.56967394e-244	3.08116374e-264	1.68397209e-284	1.00000000e-300	1.00000000e-300	1.00000000e-300	
4.73	2.63435771e-006	3.24742554e-003	1.41675283e-001	2.80109525e-001	5.74965121e-001	1.17117478e-008	2.66436467e-028	3.35325800e-047	2.66342970e-066	9.09920981e-086	1.73904589e-105	2.56575914e-125	8.18998705e-145	2.19077334e-164	4.22073661e-184	6.35815889e-204	7.18208803e-224	6.91649463e-244	4.68216533e-264	2.56262128e-284	1.00000000e-300	1.00000000e-300	1.00000000e-300	
4.74	1.97852126e-006	2.49784609e-003	1.12789887e-001	2.53150498e-001	6.31559770e-001	1.94244335e-008	4.08170660e-028	5.12745003e-047	4.06199005e-066	1.30998131e-085	2.37405772e-105	3.35030231e-125	1.08694881e-144	2.96324748e-164	5.81370901e-184	8.91987819e-204	1.02549731e-223	1.00578395e-243	6.82998743e-264	3.74204878e-284	1.00000000e-300	1.00000000e-300	1.00000000e-300	
4.75	1.47788067e-006	1.91210370e-003	8.93830946e-002	2.27310706e-001	6.81392587e-001	3.13589927e-008	6.09480539e-028	1.99295589e-038	1.56962738e-057	4.76539978e-077	8.18080339e-097	1.10391777e-116	3.64028942e-136	1.01141626e-155	2.02060986e-175	3.15744958e-195	3.69452228e-215	3.69046277e-235	2.51222789e-255	1.37739344e-275	1.21925594e-295	1.00000000e-300	1.00000000e-300	
4.76	1.10183546e-006	1.46126808e-003	7.07317171e-002	2.03449109e-001	7.24356754e-001	4.94571956e-008	8.90366638e-028	5.65913897e-038	4.41533820e-057	1.25900719e-076	2.04583553e-096	2.63941315e-116	8.84670070e-136	2.50508302e-155	5.09598239e-175	8.11023076e-195	9.65814102e-215	9.82566867e-235	6.69962407e-255	3.67444967e-275	3.30287610e-295	1.00000000e-300	1.00000000e-300	
4.77	8.22327132e-007	1.11813495e-003	5.60518909e-002	1.82025011e-001	7.60804065e-001	7.64209830e-008	1.27638473e-027	1.54750322e-037	1.19157867e-056	3.18510243e-076	4.89661696e-096	6.03998638e-116	2.05770667e-135	5.93837600e-155	1.22998674e-174	1.99362478e-194	2.41616344e-214	2.50340718e-234	1.70846051e-254	9.37066975e-275	8.55300269e-295	1.00000000e-300	1.00000000e-300	
4.78	6.15634241e-007	8.58439215e-004	4.45802027e-002	1.63175655e-001	7.91384971e-001	1.15996147e-007	1.80034374e-027	4.08666453e-037	3.09338016e-056	7.73944847e-076	1.12541057e-095	1.32749515e-115	4.59690821e-135	1.35203183e-154	2.85112467e-174	4.70637944e-194	5.80468363e-214	6.12502230e-234	4.18090259e-254	2.29253857e-274	2.12488513e-294	1.00000000e-300	1.00000000e-300	
4.79	4.63139545e-007	6.62412595e-004	3.56480860e-002	1.46818091e-001	8.16870774e-001	1.73328961e-007	2.50424713e-027	1.04468216e-036	7.74125347e-056	1.81077717e-075	2.49041008e-095	2.81005368e-115	9.89107246e-135	2.96486090e-154	6.36523090e-174	1.07003848e-193	1.34300405e-213	1.44317482e-233	9.84631792e-254	5.39672125e-274	5.07926706e-294	1.00000000e-300	1.00000000e-300	
4.8	3.50588564e-007	5.14424336e-004	2.86941730e-002	1.32755630e-001	8.38035167e-001	2.55465948e-007	3.44196316e-027	2.59094094e-036	1.87166145e-055	4.08990111e-075	5.32109639e-095	5.74595209e-115	2.05587037e-134	6.28053513e-154	1.37258455e-173	2.34975271e-193	3.00099965e-213	3.28398022e-233	2.23811097e-253	1.22589197e-273	1.17164481e-293	1.00000000e-300	1.00000000e-300	
4.81	2.67202576e-007	4.02309488e-004	2.32645160e-002	1.20713141e-001	8.55619394e-001	3.71897799e-007	5.94270643e-015	7.92719645e-024	5.55904379e-043	1.13424411e-062	1.39647399e-082	1.44396604e-102	5.25154945e-122	1.63502894e-141	3.63727740e-161	6.34080750e-181	8.23984445e-201	9.18190823e-221	6.24662101e-241	3.41868488e-261	3.31814509e-281	1.00000000e-300	1.00000000e-300	
4.82	2.05132711e-007	3.16987410e-004	1.90072833e-002	1.10436126e-001	8.70238863e-001	5.35417779e-007	1.32009416e-014	3.06577373e-023	2.07820888e-042	3.95871931e-062	4.61464494e-082	4.57212419e-102	1.69031173e-121	5.36334473e-141	1.21436053e-160	2.15560581e-180	2.85001099e-200	3.23383485e-220	2.19496019e-240	1.20015320e-260	1.18288311e-280	1.00000000e-300	1.00000000e-300	
4.83	1.58620482e-007	2.51609784e-004	1.56472620e-002	1.01647446e-001	8.82452760e-001	7.63075205e-007	2.87608398e-014	1.14281404e-022	7.45767447e-042	1.32637471e-061	1.46483049e-081	1.39163072e-101	5.22972836e-121	1.69115521e-140	3.89685056e-160	7.04317987e-180	9.47326071e-200	1.09445345e-219	7.40796973e-240	4.04630202e-260	4.04986590e-280	3.22981569e-300	1.00000000e-300	
4.84	1.23539997e-007	2.01197156e-004	1.29792272e-002	9.41255904e-002	8.92692784e-001	1.07747827e-006	6.15249778e-014	4.11262399e-022	2.57344596e-041	4.27496920e-061	4.47645442e-081	4.08137711e-101	1.55914624e-120	5.13840503e-140	1.20481255e-159	2.21705196e-179	3.03327627e-199	3.56784675e-219	2.40696671e-239	1.31334463e-259	1.33490332e-279	1.08054340e-299	1.00000000e-300	
4.85	9.68611602e-008	1.61986734e-004	1.08423204e-002	8.76495829e-002	9.01344505e-001	1.50830425e-006	1.29341105e-013	1.43078737e-021	8.55375960e-041	1.32793486e-060	1.31962125e-080	1.15573765e-100	4.48812725e-120	1.50744878e-139	3.59618488e-159	6.73682561e-179	9.37427901e-199	1.12250683e-218	7.54423568e-239	4.11197235e-259	4.24439756e-279	3.48730389e-299	1.00000000e-300	
4.86	7.64266934e-008	1.31287398e-004	9.11902607e-003	8.20566035e-002	9.08690912e-001	2.09442088e-006	2.67416800e-013	4.81850674e-021	2.60237759e-031	3.77840666e-051	3.56689008e-071	3.00369691e-091	1.18573224e-110	4.05878085e-130	9.85021443e-150	1.87834222e-169	2.65786846e-189	3.23968316e-209	2.16831749e-229	1.18055071e-249	1.23751345e-269	1.03203524e-289	1.00000000e-300	
4.87	6.06449357e-008	1.07041973e-004	7.71714859e-003	7.71895834e-002	9.14983279e-001	2.88607682e-006	5.44162739e-013	1.57292205e-020	1.51854272e-030	2.06388236e-050	1.85267716e-070	1.50148080e-090	6.02544564e-110	2.10194853e-129	5.18871520e-149	1.00706776e-168	1.44878905e-188	1.79734893e-208	1.19759390e-228	6.51397280e-249	6.93447965e-269	5.86971360e-289	1.00000000e-300	
4.88	4.83834010e-008	8.77615444e-005	6.56833447e-003	7.29266708e-002	9.20413237e-001	3.94808166e-006	1.09043804e-012	4.98240833e-020	8.45404653e-030	1.07671543e-049	9.20190949e-070	7.18506246e-090	2.93124284e-109	1.04210852e-128	2.61612823e-148	5.16725242e-168	7.55623015e-188	9.53973102e-208	6.32608158e-228	3.43771415e-248	3.71664863e-268	3.19299710e-288	1.00000000e-300	
4.89	3.87890550e-008	7.23147676e-005	5.61966673e-003	6.91669365e-002	9.25135679e-001	5.36412777e-006	2.15310885e-012	1.53356209e-019	4.49964306e-029	5.37643151e-049	4.37962814e-069	3.29840951e-089	1.36795351e-108	4.95617373e-128	1.26510459e-147	2.54251495e-167	3.77821938e-187	4.85345345e-207	3.20233139e-227	1.73869660e-247	1.90906122e-267	1.66483057e-287	1.00000000e-300	
4.9	3.12337345e-008	5.98585137e-005	4.83078188e-003	6.58235688e-002	9.29278520e-001	7.23974478e-006	4.19106929e-012	4.59111487e-019	2.29346942e-028	6.71869621e-040	5.22327311e-060	3.79819162e-080	1.60139625e-099	5.91292045e-119	1.53438874e-138	3.13703946e-158	4.73586875e-178	6.18889829e-198	4.06228966e-218	2.20417236e-238	2.45790153e-258	2.17551915e-278	1.56332218e-298	
4.91	2.52263402e-008	4.97040772e-005	4.16641800e-003	6.27690031e-002	9.33005139e-001	9.71010544e-006	8.04661305e-012	1.33849207e-018	1.12153680e-027	5.92703707e-039	4.40279087e-059	3.09467271e-079	1.32647780e-098	4.99126205e-118	1.31643467e-137	2.73743953e-157	4.19691764e-177	5.57826287e-197	3.64187692e-217	1.97498748e-237	2.23670425e-257	2.00961747e-277	1.46494932e-297	
4.92	2.04242558e-008	4.13800110e-005	3.60303829e-003	5.99443319e-002	9.36398285e-001	1.29445770e-005	1.52434725e-011	3.80420075e-018	5.27145889e-027	4.96009942e-038	3.52555222e-058	2.39817171e-078	1.04504606e-097	4.00723211e-117	1.07397945e-136	2.27090573e-156	3.53442862e-176	4.77683585e-196	3.10164006e-216	1.68147027e-236	1.93403604e-256	1.76382675e-276	1.30441263e-296	
4.93	1.65846831e-008	3.45550185e-005	3.12567784e-003	5.73733164e-002	9.39449280e-001	1.71546130e-005	2.85042540e-011	1.05493033e-017	2.38471222e-026	3.94454087e-037	2.68610206e-057	1.77031705e-077	7.84263079e-097	3.06448530e-116	8.34395759e-136	1.79351237e-155	2.83250267e-175	3.89154875e-195	2.51278411e-215	1.36201643e-235	1.59108493e-255	1.47281767e-275	1.10497237e-295	
4.94	1.35034480e-008	2.89385441e-005	2.71978367e-003	5.50138202e-002	9.42214840e-001	2.26037352e-005	5.26247990e-011	2.85699391e-017	1.04006420e-025	2.98752240e-036	1.95173607e-056	1.24775353e-076	5.61975197e-096	2.23769689e-115	6.18832104e-135	1.35178161e-154	2.16524101e-174	3.02315072e-194	1.94140169e-214	1.05242137e-234	1.24864610e-254	1.17331902e-274	8.93004809e-295	
4.95	1.10233202e-008	2.43004591e-005	2.37331352e-003	5.28388611e-002	9.44733897e-001	2.96172929e-005	9.59712019e-011	7.56350346e-017	4.37902879e-025	2.15799949e-035	3.99120875e-047	2.47793429e-067	1.13468920e-086	4.60394873e-106	1.29284455e-125	2.86903500e-145	4.65835620e-165	6.60750372e-185	4.21988998e-205	2.28831949e-225	2.75747655e-245	2.63017603e-265	2.03071034e-285	
4.96	9.01911237e-009	2.04539225e-005	2.07625409e-003	5.08211270e-002	9.47043557e-001	3.85992772e-005	1.72932362e-010	1.95892644e-016	1.78269611e-024	1.48976083e-034	5.07911034e-046	3.06579968e-066	1.42728104e-085	5.90102553e-105	1.68216235e-124	3.79087383e-144	6.23529751e-164	8.98134319e-184	5.70461330e-204	3.09528665e-224	3.78836871e-244	3.66770134e-264	2.87279810e-284	
4.97	7.39425333e-009	1.72543596e-005	1.82059689e-003	4.89391466e-002	9.49172954e-001	5.00404308e-005	3.07995557e-010	4.96764745e-016	7.02506709e-024	9.84389447e-034	6.10534434e-045	3.58736961e-065	1.69800237e-084	7.15309787e-104	2.06934298e-123	4.73371378e-143	7.88229752e-163	1.15246692e-182	7.28119108e-203	3.95437521e-223	4.91568695e-243	4.83114197e-263	3.83911472e-283	
4.98	6.07434260e-009	1.45855331e-005	1.59982380e-003	4.71723885e-002	9.51148652e-001	6.45431173e-005	5.42266331e-010	1.23416280e-015	2.68293768e-023	6.23426396e-033	6.94429290e-044	3.97634729e-064	1.91354537e-083	8.21334609e-103	2.41058526e-122	5.59482259e-142	9.42412887e-162	1.39801054e-181	8.78699272e-202	4.77787653e-222	6.03259622e-242	6.01815265e-262	4.85139270e-282	
4.99	4.99768746e-009	1.23493623e-005	1.40846244e-003	4.55082068e-002	9.52988139e-001	8.28363691e-005	9.44267635e-010	3.00685111e-015	9.94421445e-023	3.79076037e-032	7.48825649e-043	4.18361723e-063	2.04697976e-082	8.95167604e-102	2.66466513e-121	6.27157110e-141	1.06779227e-160	1.60628237e-180	1.00455433e-200	5.47023702e-221	7.01519297e-241	7.10428065e-261	5.81032195e-281	
5	4.11817052e-009	1.04739815e-005	1.24208294e-003	4.39323528e-002	9.54709286e-001	1.05798643e-004	1.62656698e-009	7.18821408e-015	3.58061032e-022	2.21595042e-031	7.66848005e-042	4.18493781e-062	2.08195503e-081	9.27580768e-101	2.79956771e-120	6.67819877e-140	1.14826575e-159	1.75064528e-179	1.08959064e-199	5.94397819e-220	7.74257938e-240	7.95939325e-260	6.60420947e-280	
5.01	3.39888951e-009	8.89781782e-006	1.09737217e-003	4.24424864e-002	9.56316752e-001	1.34485847e-004	2.77209540e-009	1.68680270e-014	1.25343397e-021	1.24656584e-030	7.46724390e-041	3.98508053e-061	2.01572106e-080	9.14906072e-100	2.79881940e-119	6.76239344e-139	1.17311015e-158	1.81152930e-178	1.12238495e-198	6.13593345e-219	8.11835441e-239	8.47188622e-259	7.13121736e-279	
5.02	2.80872308e-009	7.56897217e-006	9.70843221e-004	4.10195085e-002	9.57831905e-001	1.70166811e-004	4.67623878e-009	3.88879610e-014	4.27127757e-021	6.75901744e-030	6.92707770e-040	3.61935195e-060	1.86142355e-079	8.60654499e-099	2.66770349e-118	6.52441667e-138	1.14077189e-157	1.78309688e-177	1.09999807e-197	6.02870806e-218	8.10201326e-238	8.58273208e-258	7.32940400e-278	
5.03	2.32366167e-009	6.44728977e-006	8.60220504e-004	3.96647116e-002	9.59254265e-001	2.14345390e-004	7.80856830e-009	8.81115836e-014	1.41780431e-020	3.53540205e-029	6.12905576e-039	3.13875954e-059	1.64135311e-078	7.72983472e-098	2.42687348e-117	6.00384316e-137	1.05688439e-156	1.67096346e-176	1.02670566e-196	5.64279011e-217	7.70283678e-237	8.28342182e-257	7.17676470e-277	
5.04	1.92497508e-009	5.49888156e-006	7.63155865e-004	3.83661759e-002	9.60596341e-001	2.68813299e-004	1.29123178e-008	1.96357475e-013	4.58925884e-020	1.78634422e-028	5.18046469e-038	2.60311778e-058	1.38412175e-077	6.63911047e-097	2.11060226e-116	5.27756116e-136	9.34263514e-156	1.49295841e-175	9.13906960e-196	5.03863138e-216	6.98655193e-236	7.62699030e-256	6.70386772e-276	
5.05	1.59650247e-009	4.69631887e-006	6.77886115e-004	3.71224128e-002	9.61859321e-001	3.35661264e-004	2.11437281e-008	4.30455463e-013	1.44937216e-019	8.72571842e-028	4.18728627e-037	4.95757334e-049	2.68034891e-068	1.30933951e-087	4.21321076e-107	1.06402272e-126	1.89196593e-146	3.05338013e-166	1.86283944e-186	1.03067359e-206	1.45167339e-226	1.60876975e-246	1.43460830e-266	
